Id,log_bike_count
0,0.4360522356967528
1,1.4039551080342139
2,1.7079185813352726
3,0.9156504402964989
4,1.1173282186082534
5,0.8992624147344228
6,0.6645644528494955
7,0.5991679403788808
8,0.4832362011169444
9,0.8119784269157058
10,0.8259995110605126
11,1.2433814373877428
12,1.2433814373877428
13,1.0394144988655485
14,0.8735098180318662
15,1.0080108485237178
16,1.086577387574138
17,0.865887292676856
18,0.6751892695670659
19,0.9691645180565099
20,1.3243424311227086
21,0.6476895620956062
22,0.6012357544529784
23,0.7739159908675746
24,0.8511767140333557
25,1.1397673029720592
26,0.11783786422891543
27,1.4839653223822935
28,1.209237749497569
29,1.3431339847616763
30,1.1007010316902273
31,1.38098293271784
32,0.4886170407629853
33,1.240969916476971
34,1.1408366938534396
35,1.3948179494857793
36,1.2715212182844287
37,0.966277538333544
38,1.2692318677616394
39,0.42330623167225734
40,1.706767147726854
41,1.1766902101467864
42,1.105147968245472
43,1.3074252384111709
44,0.7359632563068932
45,1.415868983026238
46,0.9190232028696158
47,1.4798323176253292
48,1.1049662491242147
49,0.7683141082396323
50,1.3340677911978138
51,0.6008771825584335
52,1.677065541156598
53,1.1033579464463907
54,1.8799693196300409
55,1.1251831907012846
56,1.2394660361112257
57,1.208053669892209
58,0.8227531261963406
59,1.4202548589348185
60,0.30793310417039654
61,0.7913085717953063
62,0.28274074529674564
63,0.8837160825326773
64,0.7816264546858531
65,0.5556369087322683
66,0.6723027709261665
67,0.7345468921288557
68,1.0970806539014584
69,1.0706286816227137
70,1.0206078492100212
71,1.6215300441739555
72,1.1058170878365807
73,1.2650449973006832
74,1.1058170878365807
75,1.209237749497569
76,0.9731209695469815
77,1.2700588727701065
78,0.23512889752024177
79,1.2700588727701065
80,0.7739630817027253
81,1.3963289812448245
82,1.2601758625867863
83,0.7661076464167497
84,1.7216078626591145
85,0.7358159690124146
86,1.2334483951689466
87,0.285281900458262
88,0.3005947829407965
89,0.6256452629780987
90,0.6377221882706977
91,0.8043233133416233
92,1.3699219579050042
93,1.4600596691941965
94,1.351719865917275
95,1.3323423415569662
96,1.1184950161174656
97,1.4926761536951505
98,0.980050377257979
99,1.7637490114260912
100,1.0529283803412592
101,1.4754038564384357
102,1.188560454961045
103,1.2233079437222736
104,1.4304617399404915
105,1.4420377266546562
106,0.4550639186493991
107,1.9309806539383774
108,0.19524173029522146
109,0.6141870108419426
110,0.45678457780353526
111,0.12575417628307017
112,0.3608614488113432
113,-0.022156322101250084
114,0.7890211698217567
115,0.3375857777930908
116,1.0165207057975882
117,1.4475568760100197
118,1.1279728813440686
119,1.6092380710435308
120,0.8061689010996376
121,1.06783715171765
122,0.6833998503567369
123,1.2732466679252763
124,0.3828610182201571
125,1.3340677911978138
126,0.4935328412837353
127,1.4588903695993884
128,0.8996623396530765
129,0.9590658153172941
130,0.975575383610129
131,0.015347707537149879
132,0.5278833964460279
133,-0.004168611429892869
134,-0.09433432982930778
135,1.2550501354902714
136,-0.199069606788566
137,1.057736946616586
138,-0.05453736081816765
139,1.0449959645640432
140,1.396586560128969
141,0.8711030161256197
142,1.0520998555928787
143,0.799240915387648
144,1.7981939103611302
145,0.422170232874045
146,1.0946263388854653
147,0.38019344635202323
148,0.735707289981591
149,-0.1538299813070243
150,1.0108208985941105
151,0.6335063760340439
152,1.5916924308859364
153,1.077478019564184
154,0.8115842419594016
155,1.1146071169707488
156,1.0892489002356711
157,0.8824516033689513
158,1.224564069052426
159,0.9647502939867253
160,1.682969456520964
161,0.44783589404084884
162,1.2639972294883952
163,0.015936298786653362
164,0.993532385303703
165,0.02852572094923909
166,0.24049364232437712
167,0.2821794157714511
168,1.146901991947965
169,0.7785275314875154
170,1.1790548439790356
171,1.3762992520552397
172,1.1790548439790356
173,1.5565719701886505
174,1.4956471155494009
175,0.9211852955025658
176,0.7383869377031133
177,0.7964229135409833
178,0.575378608952433
179,0.3008721636533295
180,0.19937036191624144
181,0.31370796490563246
182,0.19346966814245845
183,0.29331100816286404
184,-0.010900370117496942
185,0.29331100816286404
186,0.04354617382238419
187,0.9474633587538759
188,0.7182984093253917
189,1.0163332286948068
190,1.3038745090865413
191,1.0259098894503087
192,1.1971050162236432
193,1.0554720192847
194,1.109109192974837
195,1.1897466762417235
196,1.8531410438717042
197,0.5303524533115277
198,1.5335493731024095
199,0.2910587850362604
200,0.7925711160711676
201,0.7279879071217147
202,0.27295260247798053
203,0.4720355147676133
204,-0.01424393215266103
205,0.7550577746504362
206,0.23869046146976042
207,0.5422376974909131
208,0.6099911740784444
209,0.4378056341118761
210,1.1468742684651105
211,0.9825328188440007
212,1.1840033658716755
213,1.1479735008604561
214,1.314022944815209
215,1.2112477125327568
216,1.3972851438358844
217,-0.352427957368877
218,1.7257100859378358
219,1.516990353564941
220,1.0371002230896376
221,1.0127561483080068
222,0.2277219335330833
223,1.144633717683144
224,0.4932054756519916
225,1.573980404149606
226,0.2864382127810541
227,1.5085115127412008
228,0.6922939827681551
229,-0.19436600384713368
230,0.7786384198270393
231,-0.165198680930879
232,1.203573185078158
233,0.12980817000464726
234,1.1762075264703618
235,0.502810792832011
236,0.3880908686834811
237,1.3042728441511309
238,0.8180178088590688
239,1.1500700235082086
240,0.9471164683514514
241,1.1500700235082086
242,1.1778663875191844
243,0.8299193877056715
244,1.2645155483087256
245,0.08064397512731067
246,0.9920180277315589
247,0.003029592834943638
248,0.551916436879408
249,-0.15422853171164827
250,0.5443260405674585
251,0.8032755720498593
252,0.6724662920554053
253,1.4307951756755863
254,-0.09433432982930778
255,1.5785455502824244
256,-0.11208295973066394
257,0.31992093081158923
258,0.21179834753829624
259,1.2562710748667865
260,0.6101758260520986
261,1.146238290381402
262,0.5610530943820503
263,1.252075360249553
264,1.125550575366222
265,1.3128964835220904
266,1.0662069510466912
267,0.8860746345348554
268,0.9897341463552547
269,0.6489608495141721
270,1.0268632437618193
271,0.19655340224947668
272,1.1831201530017472
273,0.27041455200148207
274,1.4805782867491728
275,-0.00667333807988633
276,0.8178017572047158
277,0.7342146316871616
278,-0.07676720790486688
279,1.3885538997732303
280,-0.07206144918328046
281,1.2076478181582555
282,0.711147239351937
283,1.4040017351778615
284,1.4523426274309883
285,0.7953865271844177
286,1.1696049597880342
287,0.3192536812712055
288,1.2304260830605718
289,0.27838989798205227
290,0.1200349451694232
291,0.41717523305038573
292,0.12703998318872306
293,1.1740110552437666
294,-0.07546110561948226
295,1.203573185078158
296,-0.2220829303062587
297,1.2815917353815243
298,0.68116075408703
299,1.3900354799965915
300,1.3535168324894546
301,1.4346670999633
302,1.1987356645860887
303,0.7879725040772726
304,1.2595567878586262
305,0.8705286376402023
306,1.2595567878586262
307,0.2551216589219351
308,1.359594393864275
309,0.33546720958770687
310,1.5179290444390299
311,0.22226253885060782
312,1.7770547019862029
313,0.13301928978342395
314,-0.24474614208769013
315,0.9689417126063451
316,0.3947140843421969
317,1.3277897599810262
318,0.5866868240089731
319,0.43050267370551687
320,1.093947642543507
321,-0.02255452697218776
322,0.6923339474759492
323,-0.199069606788566
324,1.1578664367561653
325,1.1222990297292097
326,1.2439384892039893
327,1.1831201530017472
328,1.5188055514902956
329,1.421815826759496
330,1.4959752859667994
331,0.10601406885819707
332,0.8437431353801811
333,1.3139544028649026
334,0.25651802247265953
335,1.2936370032480162
336,-0.11687218448189961
337,1.4519716538227712
338,1.049813680281141
339,1.699723044937694
340,1.1948079110575636
341,1.1412270593946467
342,1.255629034330101
343,0.8416006694654837
344,1.3775809033413078
345,0.8074420325509067
346,0.8413798167419738
347,0.666478684750986
348,0.9663948104636797
349,-0.06984347652910294
350,0.9940096462385754
351,0.7807339349267619
352,1.1482586394273937
353,1.549210708696712
354,1.3119920691869218
355,1.1971472066686017
356,0.8315375307381505
357,0.4568247967268128
358,0.9844954904005756
359,-0.23893415527452033
360,0.4321455643264947
361,1.1207373393496003
362,0.20721515526432238
363,1.1831173659314518
364,0.7786147392074376
365,1.2439384892039893
366,1.1220654862213388
367,1.3270260955211128
368,1.1220654862213388
369,1.7911221651412268
370,1.1953829612870726
371,1.1439117839386892
372,0.49695065976124597
373,0.8442853940095262
374,1.0540662335324675
375,0.632526269508851
376,1.0964366823230653
377,0.16039762292925638
378,1.4367432389761294
379,0.10451070586011457
380,0.49069466313298316
381,0.09319960599462725
382,0.37537479198496526
383,0.4645003186033108
384,0.5680218781164722
385,1.0639389704794717
386,1.1147131667337569
387,1.255629034330101
388,1.3357235181802518
389,1.5275029741494346
390,1.688741115864281
391,1.0818860059613846
392,0.7358413207493941
393,0.24246448168357496
394,0.48884550105545765
395,0.43664627639218023
396,0.3852057905930555
397,1.420435813801989
398,1.3085752832355457
399,0.17085863030686302
400,0.2745522844101446
401,0.17755521789676723
402,0.5178797804453033
403,0.9222864872672588
404,0.9441117315221524
405,1.0391950070304141
406,1.2586571729593732
407,1.2855223647707081
408,0.9773914819178574
409,0.569529747157197
410,0.5619393508452475
411,-0.11185626080985163
412,-0.12916664239749504
413,0.20101689792062838
414,0.6268270449465407
415,0.8187169338618152
416,0.38609176297219916
417,1.643480335406057
418,1.2023327063622995
419,1.1415591566691543
420,1.178688254075719
421,1.4039551080342139
422,1.6285622507944888
423,1.7388120213392309
424,1.3182397050579933
425,0.6663212588794323
426,1.1449494376124203
427,1.2138193075533517
428,1.2138193075533517
429,1.4574081404008359
430,0.872020830840686
431,0.5486304996508538
432,0.439066881185193
433,0.5363160679690679
434,0.5912606838607866
435,0.44738170235504415
436,1.1251831907012846
437,1.208053669892209
438,1.387616642795009
439,1.234773066201629
440,0.899374927287511
441,0.7305969510120366
442,0.25813920226003173
443,0.117939667857375
444,1.3341104574391505
445,1.1721086520910042
446,1.6316542557975835
447,1.8426768059053495
448,1.7467459670976573
449,1.2597780022439184
450,0.7494022574310202
451,1.0610512540810169
452,0.28643164735963605
453,1.0715693153731192
454,1.5866260739786515
455,1.261107026336604
456,1.1779657912600043
457,1.3323423415569662
458,1.274500982137941
459,1.7087708882723516
460,1.0531520147792741
461,1.5190331421012073
462,0.5544264529294113
463,0.9807606828460375
464,0.16865480812387548
465,0.19325195256599567
466,0.016203222314559992
467,1.1558329749664558
468,1.7130415796565848
469,0.622284362898496
470,0.17389450578128549
471,0.36863775125415094
472,1.208163504060211
473,1.20469539043001
474,1.377767327202419
475,1.6106279966810626
476,1.522792908082893
477,1.1707294060547828
478,0.3449052145628347
479,0.07131195029567428
480,0.6388406352597764
481,1.1755767767702834
482,1.1819373833312319
483,1.1993547393142487
484,1.2601758625867863
485,1.4670073743037855
486,1.685182545860995
487,1.8731956026981587
488,0.9908645252748883
489,0.47031101944349524
490,1.0577214664243204
491,1.0948505638308854
492,1.0529283803412592
493,1.1723707240086065
494,0.8785197785934995
495,0.7750000856769502
496,0.9792041312882418
497,1.0554720192847
498,0.5400641337084823
499,0.40072675652808204
500,0.20514662133945513
501,0.6108152506130173
502,0.4057919175741303
503,0.5166381291521445
504,0.5384633734070383
505,0.9825328188440007
506,1.2381129043440917
507,0.5354737927579774
508,0.6812989029918449
509,0.5879546180786484
510,0.08871522943303431
511,-0.02255452697218776
512,0.3458979305213065
513,0.8322645417479151
514,0.9756270509014421
515,1.0838125944106065
516,1.144633717683144
517,1.3386551295968472
518,0.49026173671004075
519,0.545522822873588
520,-0.2017141445381934
521,-0.04296706137841481
522,-0.04774417916035723
523,0.8947254770360012
524,0.7744551445528366
525,1.4123028661466208
526,1.5888813483903743
527,0.5403367064690593
528,0.11126155891712391
529,-0.14806543254101664
530,0.6391030538712422
531,1.4060137246388826
532,1.1155127781582495
533,1.0390399734668123
534,1.0761690708733773
535,1.360370378725215
536,1.8114062197610679
537,1.0723769988129899
538,0.8437431353801811
539,0.12352257067502873
540,0.6834881773040948
541,1.3128964835220904
542,1.3943059152012856
543,1.6124810867584949
544,1.1102792563659984
545,1.2979669225290427
546,1.2532018215426715
547,1.314022944815209
548,1.6154603153930938
549,0.47248661706072315
550,0.7210987725989025
551,0.31766604048237884
552,0.32046205963609736
553,0.9623132290376216
554,0.9940540015719879
555,1.0311830989785529
556,0.8041670830549521
557,0.8696475387481443
558,0.5521655590027034
559,0.2958633833466567
560,0.44474940175505767
561,0.7348452565815925
562,0.8034447202916302
563,1.0949959083282597
564,1.1778663875191844
565,1.3546549517923612
566,0.04863187708953004
567,1.1713863358167023
568,1.2463310731891917
569,1.6776859895087421
570,1.1378997276017382
571,0.836243384300621
572,0.46358364199159546
573,0.018000266572604152
574,0.06985461678190963
575,0.2274722571519813
576,0.6258497356657836
577,1.2117663142841901
578,1.123770491035384
579,1.160899588441949
580,1.2304260830605718
581,1.5644971761310578
582,0.28278327557322774
583,1.4251367308754381
584,1.196813132139173
585,1.108817308890367
586,1.145946406296932
587,0.8975208167394386
588,0.1401916356378381
589,-0.23718465585243012
590,0.03823676646957322
591,-0.12199999442101127
592,-0.003663394171605208
593,1.2087331625984064
594,-0.06678159644896141
595,0.36218832746423996
596,1.086942777687706
597,0.8019221929298884
598,0.273954515298944
599,0.3270925905689225
600,0.37274476031930037
601,0.2746754824516578
602,0.7910615605801565
603,0.9126081155572768
604,1.0311387436451402
605,1.1186965095930024
606,1.1482586394273937
607,1.4786261240726055
608,0.9022746901249987
609,0.8197172532238823
610,0.21481490021560556
611,0.0012109954588260556
612,-0.08803225360835795
613,0.22369785836327583
614,0.7451607452704935
615,0.115079863145259
616,-0.08635612229112515
617,-0.21659153776910975
618,1.380849923833045
619,0.7762800368155054
620,1.09753587757681
621,1.0169371361259025
622,1.0356155590505278
623,1.0964366823230653
624,1.2014179644233707
625,1.6609567451876537
626,1.5225732293184906
627,1.0752432500683273
628,0.6580259313851866
629,1.1709293901838167
630,2.3196380882859176
631,3.6099855270968884
632,3.878644662717032
633,3.757659052858388
634,3.7389892835247687
635,3.7405918621261502
636,3.115293096328808
637,1.9518261873336604
638,1.6769087574860708
639,2.1682665638486305
640,2.3132990078554343
641,2.7086401120238848
642,3.83215894226056
643,4.518572091011145
644,4.185603049514024
645,1.8688027122175404
646,3.1981057045411707
647,4.046587066082481
648,4.336235909196269
649,4.4911140195510395
650,1.4479195130993903
651,4.526411431413247
652,4.29868776792648
653,3.9610216299832994
654,4.8149439509503384
655,2.7275066840674413
656,1.4095718627369107
657,1.0524473711413336
658,3.5196448802433484
659,4.473043706318958
660,4.022203966576396
661,4.759781775250173
662,3.847442904654378
663,3.4500622761800166
664,4.561189498061085
665,3.6251821463244576
666,1.0186037477583345
667,4.027677948021287
668,4.514067295536981
669,4.406606542469411
670,3.1574264518492634
671,3.9892003307637935
672,3.7097782701879383
673,3.820515107018222
674,3.944321000144282
675,4.370516266355913
676,3.7115027375740017
677,2.743912777484265
678,0.6579337911115175
679,2.9632636058404738
680,1.231134636436017
681,3.237026758239756
682,4.294529288614787
683,4.811880901261873
684,3.9065303287914412
685,4.788138249083654
686,3.891832984679439
687,3.238626594642696
688,4.316071687511792
689,2.4737089158161716
690,4.516557131217546
691,1.8507018639592128
692,4.289636977379385
693,4.043676507656059
694,3.909054921437762
695,3.827501336834139
696,2.545321806410787
697,3.7667277871409937
698,1.6029138363932287
699,3.7214180330958335
700,4.075510851703337
701,4.0046776717978325
702,4.151781286353472
703,2.5869580671279926
704,4.151781286353472
705,1.6024071610646413
706,4.240752677909528
707,1.348993023823761
708,4.440800321207066
709,1.0640414027941296
710,3.2792126942636672
711,1.005982639668904
712,2.0656200686911874
713,1.9670496918785043
714,3.8664641850417443
715,2.1898025979987636
716,4.195019557433142
717,2.6106101437893723
718,2.9332640182503007
719,3.187109542017013
720,2.5091500102341704
721,3.642197104312123
722,2.124669356627784
723,3.717930481061922
724,1.1172875796433948
725,3.8365691181235952
726,0.9370110199395214
727,3.497640467185337
728,3.97776164521221
729,2.955483129366316
730,3.89130254355409
731,2.5692984515346957
732,3.9610216299832994
733,1.47614854489057
734,4.114210783545758
735,1.2467426554842547
736,4.401707428302989
737,1.5845647711012019
738,3.5593334020193947
739,2.7847332912115816
740,1.1638718160850265
741,2.8451628148097097
742,1.4187254046361952
743,3.479909275466171
744,4.1110737138308835
745,3.479909275466171
746,3.4875038099553612
747,4.057474762441415
748,3.80831351620245
749,4.172862434233798
750,3.80831351620245
751,3.505416975583733
752,3.80831351620245
753,2.55342296344049
754,4.428364121835415
755,1.0330909647205277
756,3.601438836409294
757,0.330422784302808
758,3.868796424564009
759,1.6490894047380031
760,4.282020390775626
761,3.1704832656293136
762,4.256145481946893
763,4.1198249959361
764,2.4425675788370453
765,4.078104274968723
766,1.9879186198792003
767,3.7927983286067866
768,0.6143339170593718
769,4.3670844193426515
770,0.5834197100174444
771,4.69294633454351
772,2.1900761196290937
773,1.7217773782639325
774,4.209661441297465
775,1.2158061192259884
776,3.8150867444277803
777,0.5991717680687311
778,4.0329702434873935
779,4.221332930928476
780,4.832293992847981
781,3.317222569998565
782,3.7391394647578737
783,3.6468589782855574
784,2.7858663459729547
785,1.9262923600133866
786,2.261929567707234
787,4.056454704109683
788,1.763878525305443
789,3.827212436468194
790,1.0336095359279796
791,3.8264730085265555
792,0.8125852792472761
793,3.8827543711105736
794,0.7279280330158969
795,4.385621636898605
796,1.1232434497916142
797,4.733805225214805
798,3.843349213424883
799,2.415540291623431
800,3.7855116469377372
801,2.030415288347461
802,3.820515107018222
803,0.6871714564991219
804,3.820515107018222
805,3.9761883780411855
806,4.573917068241528
807,4.005517957726426
808,3.1530402483989532
809,4.1187097681123355
810,0.3983397861500294
811,1.557988265178195
812,0.8412966209708851
813,1.0336529229524578
814,2.0127689928416452
815,0.6257957282552173
816,3.865926496460624
817,3.0457997426068717
818,3.9953459505765325
819,3.969165042368348
820,3.9953459505765325
821,4.026994892197963
822,4.191411227214836
823,3.6834618748981485
824,4.42683779946996
825,3.7591952516479474
826,3.7469280547749726
827,4.010805869600361
828,2.9772649465991785
829,3.5846221802550513
830,0.5894041043728289
831,2.658084733719446
832,0.8356160652390486
833,2.155591138413848
834,3.9927172882537514
835,3.5043170132024986
836,3.750156686732306
837,3.659104143119791
838,4.307841640776698
839,3.824919249916191
840,4.141082667237337
841,3.8544813797505824
842,2.869633380427601
843,3.8544813797505824
844,2.0822905610005606
845,4.123909834469054
846,3.4874099743948306
847,3.8206994121141307
848,3.745387256480256
849,3.303982001382216
850,3.1645403653980475
851,2.768517393373527
852,1.7398393782030444
853,0.7502066285347947
854,1.2916089555693702
855,1.3559441651812785
856,1.725220951710955
857,4.103869104187365
858,2.550840722250642
859,4.4177007477859425
860,3.3970387962752455
861,2.48500441619587
862,3.860493966397715
863,2.0052988246696475
864,3.0668640490384442
865,0.3925779375863812
866,2.259575047492324
867,2.02258255896066
868,3.7165222984957387
869,2.957800572608593
870,2.80388379137911
871,3.8717524535260472
872,2.378451907515753
873,4.523671188745983
874,0.7893082460040431
875,2.858446208305301
876,0.4816019694269518
877,0.6628465663676558
878,0.8819574033581093
879,4.101526109392223
880,4.449056594415244
881,3.749825854799149
882,3.154106744384337
883,0.45093871476750114
884,4.130540117008509
885,4.002983730056032
886,4.471967071945672
887,4.002983730056032
888,2.364484263805099
889,4.11283728421257
890,1.3575599478353768
891,0.5566944532238047
892,0.6874423418847713
893,1.7281668250945663
894,0.8301557052073151
895,3.972253789019652
896,3.060098895272115
897,3.972253789019652
898,3.8827543711105736
899,4.080268985869408
900,4.561321548954737
901,4.758646501142185
902,3.571533250132176
903,4.5714459719535245
904,1.2945427621866328
905,2.9563905769478978
906,0.8979230930400375
907,0.4563297669917006
908,2.0693954649107975
909,0.36872470853456024
910,3.9269127128063133
911,1.8129391453816195
912,3.7241106358622296
913,2.8483134776100334
914,3.636114812613423
915,3.6824485510011122
916,3.7125182194596684
917,2.883818808531252
918,4.005517957726426
919,3.9032642263380413
920,4.791826342435419
921,3.9199460001637707
922,4.302812707647808
923,4.393692827545295
924,3.6257174285002303
925,4.625691333822962
926,2.998722076102572
927,1.5626537114579528
928,2.5263608743265356
929,0.9883063260952364
930,0.857243094527624
931,0.90233949508182
932,4.02748764342609
933,1.763834493723631
934,2.9562637177549522
935,2.102483222404588
936,1.6461841278014917
937,3.787757205515737
938,0.9776798693050539
939,3.9712028088800064
940,0.9281659736950166
941,4.047473243530146
942,1.762882562717029
943,4.200440438210974
944,2.0323509272116387
945,4.360997642946122
946,2.444875606123742
947,2.6607211565011
948,4.176894892579661
949,1.4652481699971993
950,4.337452097314809
951,0.5774692002592126
952,4.44208574595421
953,1.7428995923488473
954,2.5688948612306155
955,2.299611936152458
956,2.1553718921353777
957,3.5810865570870143
958,1.719399319351872
959,4.297394765891592
960,1.45427859711444
961,4.016704101676749
962,1.0747777109152974
963,3.693866966954257
964,0.8154950283875857
965,2.427522296498803
966,2.0771156253039984
967,2.0459060804307674
968,2.925442014051163
969,1.4644468097980132
970,3.6126597749924687
971,0.312898642992355
972,3.6737593286870434
973,0.7655938718979294
974,4.330833527301916
975,3.12064328374125
976,3.6258662477053396
977,3.3386382310844787
978,3.0853638616837964
979,3.5921549717906656
980,1.4238395540368933
981,3.661874058219875
982,0.4470007228599288
983,3.737324540714339
984,3.7288487001362958
985,4.259803669976743
986,3.6588531389964207
987,4.5081867304929455
988,3.7285722254256304
989,3.8717524535260472
990,3.8717524535260472
991,3.9618824188012307
992,4.250613667563871
993,4.608132239302451
994,4.289833787340092
995,3.5991485585660667
996,2.250539049240921
997,0.47271008843234386
998,1.9833290765801141
999,3.702136873371645
1000,4.644304543711525
1001,4.339260527597332
1002,3.669046879291165
1003,2.5874505205365717
1004,0.7622879526711025
1005,0.5531886695477577
1006,0.8575634228634214
1007,2.029035794734181
1008,3.0958358905364918
1009,4.070212120725603
1010,3.7602610007956856
1011,3.836664407641931
1012,4.3701304616024315
1013,4.561366831839973
1014,4.336162347688337
1015,2.2921348797267957
1016,0.44948402906541945
1017,2.9030225958463074
1018,3.8601768545037256
1019,3.772181031254919
1020,3.8485844381011645
1021,4.346241487801889
1022,3.6877457291701656
1023,1.202798270843974
1024,0.7311879445593945
1025,0.6804587276263395
1026,3.650636555009622
1027,4.102954844761006
1028,4.372404434217105
1029,4.239468259276301
1030,2.643845793936228
1031,0.9059324458294304
1032,3.56069260551167
1033,4.238170601522439
1034,2.229386699564445
1035,0.9212431885004384
1036,1.1179183370529049
1037,3.5199870033924396
1038,3.9541832444941756
1039,4.083762028500848
1040,4.18200709409921
1041,0.6786342825998807
1042,0.36688317995218994
1043,3.745011450980544
1044,4.585665585177602
1045,2.575379340546695
1046,2.092149752899382
1047,1.4378497073684147
1048,4.5307874801852845
1049,3.802911285967233
1050,3.757659052858388
1051,3.757659052858388
1052,4.497081822619355
1053,1.5827548772083289
1054,3.257894552503106
1055,3.922654603722355
1056,3.998387980472155
1057,4.564765684478849
1058,3.7855698344624544
1059,3.1572756022791175
1060,2.989261150820771
1061,1.4253410961075974
1062,1.6684216419867324
1063,1.5605922761688977
1064,1.909544316735467
1065,2.0264720427909055
1066,2.3920966937121224
1067,3.9944718338754983
1068,4.046587066082481
1069,4.195019557433142
1070,4.583754264363541
1071,4.309502523486283
1072,3.951062629118127
1073,3.5268612775579133
1074,3.1494264940401044
1075,0.9651435800144168
1076,2.405436561801499
1077,3.558977329609952
1078,3.9610216299832994
1079,3.9610216299832994
1080,4.502272991853238
1081,4.779834235415185
1082,3.898186155200164
1083,3.3702593266515257
1084,2.2602469421932705
1085,2.364880595355618
1086,3.644142392018027
1087,3.557222896384571
1088,4.478360662945629
1089,4.259405427168109
1090,4.563319751701748
1091,3.08162700973786
1092,1.446572285985794
1093,0.8057590686922275
1094,3.296108056231326
1095,4.181973164179206
1096,3.826886237695815
1097,3.7453676579985706
1098,4.0329702434873935
1099,4.182645628787439
1100,4.761955985392551
1101,2.303709293579214
1102,3.0405262170900453
1103,3.7862510748793756
1104,4.225733479925328
1105,4.5957207505075495
1106,2.357725338730885
1107,1.6212740444501619
1108,0.9856902224241003
1109,3.949007092404559
1110,3.844547728637511
1111,3.9119668139961643
1112,3.9953459505765325
1113,4.508544925587152
1114,1.0189081988722564
1115,0.6110510041750161
1116,1.9412086179352692
1117,3.0926690723189703
1118,3.8424611638907926
1119,3.750156686732306
1120,3.677874159889923
1121,3.961014487769842
1122,3.3843509538041663
1123,1.0095755904165147
1124,3.9128395527737307
1125,3.9128395527737307
1126,3.62361143290991
1127,2.62027955570024
1128,2.675497540066739
1129,2.2827368786556295
1130,2.3161155060480842
1131,2.050178345601455
1132,2.6821526299036154
1133,4.259729654717824
1134,1.5607471848299437
1135,0.4470007228599288
1136,0.06260050547265206
1137,0.4866891449911914
1138,3.716798773206404
1139,3.646803212066529
1140,3.7927983286067866
1141,3.7927983286067866
1142,4.01851264959756
1143,4.534435603832351
1144,4.229391587718158
1145,3.5447851652363576
1146,2.0169249945928076
1147,3.424175652475814
1148,3.2238258308135466
1149,3.6468589782855574
1150,3.6468589782855574
1151,3.7518539667813844
1152,4.436331133169322
1153,4.265572819452206
1154,3.6245207168905145
1155,2.9265527039384303
1156,0.4677067589016111
1157,0.44903836429791355
1158,1.9907300851615155
1159,4.064430380487557
1160,3.7507396317767565
1161,3.8827543711105736
1162,4.068487938526289
1163,4.2649104500948
1164,2.9563905769478978
1165,0.4896010271735815
1166,0.5198861074355798
1167,3.0018121478520796
1168,4.005517957726426
1169,4.435843466484652
1170,4.599223806507745
1171,2.141235871050565
1172,0.510217066362725
1173,1.9897235122829027
1174,3.744235424591294
1175,4.02748764342609
1176,4.165534194817191
1177,4.482667893189507
1178,4.6636780282970705
1179,4.422420276715191
1180,4.218277487066087
1181,1.3220601794048097
1182,1.0249096744809278
1183,3.001245306602843
1184,3.73483751986959
1185,1.7000696245290077
1186,3.3367083030197326
1187,3.974290320180693
1188,4.103869104187365
1189,4.215445855509534
1190,3.9809432385193215
1191,1.0330909647205277
1192,0.330422784302808
1193,0.8511101870898992
1194,3.9888201094857525
1195,4.002680272283312
1196,1.7958389175821519
1197,1.1277326589040517
1198,0.3985215161117322
1199,0.8118567047093531
1200,3.036523525325292
1201,4.060016984280764
1202,3.6324177869424354
1203,3.9556448842668326
1204,3.9556448842668326
1205,3.9556448842668326
1206,3.965796624772457
1207,4.272625820486633
1208,4.635700130439112
1209,2.963661285091846
1210,2.03189002471523
1211,1.4495041196109966
1212,4.082869490658496
1213,3.8482568240444923
1214,4.002983730056032
1215,4.744579037987161
1216,3.6771488189064265
1217,1.7204237329579017
1218,1.333930685227855
1219,1.0927872428685832
1220,0.28903521496337464
1221,0.21394947669246725
1222,3.7762101634904846
1223,3.1745553830180366
1224,3.972253789019652
1225,4.371006968653697
1226,2.509926294321214
1227,2.1248012910452436
1228,3.758381534593301
1229,3.7270399618558674
1230,3.9199460001637707
1231,3.6340263407851654
1232,3.010513861520164
1233,2.1413521986306305
1234,1.2732579471248673
1235,2.5150079013166913
1236,3.106579719714029
1237,3.7113537986694913
1238,4.047473243530146
1239,4.479189981889431
1240,3.916894608450058
1241,3.3416664717969913
1242,1.7824120862704558
1243,1.242139727869944
1244,0.5121808004064216
1245,1.4768509970924208
1246,3.2440355314197036
1247,4.083762028500848
1248,4.384261986375618
1249,3.1085726871509682
1250,0.2503052413950694
1251,1.9644989122808012
1252,4.040087217556652
1253,3.737324540714339
1254,3.737324540714339
1255,3.8335310422910553
1256,4.169697908984325
1257,3.538298764985526
1258,1.2725077727108023
1259,1.2075957292761028
1260,3.8116910714679166
1261,4.223402549854144
1262,4.121754981506868
1263,3.965609169883153
1264,4.431434171586143
1265,3.804205950141892
1266,1.6540324897122933
1267,1.68092857105242
1268,2.297369048402776
1269,4.194468273019267
1270,4.314734531977598
1271,4.391004966627732
1272,1.7946947829038444
1273,1.638742552038846
1274,2.012995050842525
1275,2.5408616356313702
1276,4.271502447471305
1277,4.419934938821966
1278,4.081817490027561
1279,3.299007054686969
1280,2.476017860220978
1281,1.5437127832884638
1282,4.182119328592728
1283,4.182119328592728
1284,4.329041114623632
1285,4.976540938495803
1286,3.6653654809750753
1287,3.3618155719443923
1288,1.375532048796758
1289,3.686190222849311
1290,4.007330327909531
1291,3.6690773881626213
1292,2.2625209712156287
1293,1.1863476263154913
1294,1.5663009354276214
1295,2.5545148418067214
1296,3.9869517224814053
1297,3.992244017947512
1298,4.2282332041302935
1299,3.822406594294616
1300,3.67946690317551
1301,3.0120160025188993
1302,1.1883532978483031
1303,2.5669756146237077
1304,3.885950010573666
1305,4.726972066273476
1306,4.167847460273491
1307,4.323043855998354
1308,4.341897563342348
1309,4.821295413775166
1310,5.090388982975841
1311,4.7097037409261056
1312,4.156189195477891
1313,0.83872901916557
1314,4.524694993246521
1315,4.1389908549752334
1316,3.386145373742558
1317,3.0734128352946732
1318,2.1286022172398793
1319,1.8048615264014187
1320,1.3819242282490782
1321,1.269625022088103
1322,1.3419140349883498
1323,2.307131468288203
1324,3.6692432159456603
1325,4.18966950938716
1326,4.736021905830208
1327,4.172549777158345
1328,3.89366954932203
1329,3.6488021002407307
1330,2.6196100207391804
1331,2.1125314338491226
1332,1.5689698027251322
1333,1.5633414702521895
1334,1.9320923765791909
1335,2.6105025709227245
1336,0.9733845687536965
1337,0.7520332287932585
1338,0.7202855513055777
1339,3.931526335636761
1340,3.9930545036798684
1341,3.998346799145975
1342,4.655161065411765
1343,2.8021112441480294
1344,2.4879377539365852
1345,1.4191014541675586
1346,0.7912357707648062
1347,0.694800324358976
1348,1.2090465121057212
1349,4.602179125191229
1350,4.681780355432419
1351,4.224067223696286
1352,4.224067223696286
1353,4.269593669960775
1354,4.880791733322067
1355,4.492934242248835
1356,3.2986501904883183
1357,2.252890779278029
1358,0.6901825394947039
1359,1.059165809485962
1360,4.544633521902421
1361,4.231203575753213
1362,4.118395735774246
1363,4.1532248321102525
1364,4.477410795774183
1365,4.964266593982588
1366,3.3640493999914822
1367,1.075054950056711
1368,0.7805837273146802
1369,0.6152827706559322
1370,2.274653526872669
1371,3.4200178452986085
1372,4.417062631477381
1373,4.146525830791145
1374,4.341897563342348
1375,4.490972207652071
1376,5.103498957683692
1377,3.193595469654858
1378,1.9178269573164684
1379,1.4380712009131562
1380,2.5079131732888285
1381,4.2115610052570895
1382,4.2282427790828185
1383,4.8255171075318115
1384,4.772228890672725
1385,4.550875219409413
1386,3.6299757153707572
1387,3.316921607416056
1388,1.6058619884570773
1389,2.0704679964435333
1390,2.2606174555845957
1391,3.9694014513320677
1392,4.004230547668078
1393,4.223040209817951
1394,3.944543143200653
1395,3.5152183748121186
1396,2.8123687787020475
1397,1.708443231180236
1398,1.4409568084901525
1399,1.4301719199991016
1400,2.3677005396519926
1401,3.713700437927149
1402,3.8008310340645557
1403,3.9080281824343883
1404,3.821314979420429
1405,1.1911861530193968
1406,1.4052734457643752
1407,3.5864694982180745
1408,3.5864694982180745
1409,4.467957887619987
1410,3.1713993429672915
1411,1.4268322533705575
1412,0.8091219586578063
1413,0.6496945086002851
1414,3.4297748651297115
1415,4.388478851459629
1416,4.455482740960314
1417,4.0622885695813595
1418,4.261854961493433
1419,4.2671472569595394
1420,4.41055527472803
1421,3.258008188079627
1422,2.2286044713685302
1423,4.099594762309184
1424,3.9758261459241284
1425,4.018969533651283
1426,4.053972993731767
1427,4.720485648204978
1428,4.5325086288186744
1429,0.6333659250358401
1430,4.0447439066227915
1431,4.155282000634174
1432,4.228803837290081
1433,4.944564128971567
1434,2.985286118751985
1435,2.063039470623101
1436,3.2403835530469856
1437,4.216817343624479
1438,3.9836145734458537
1439,4.221765961988461
1440,4.45321052557447
1441,4.146663415184721
1442,3.507096554409998
1443,2.653530071367322
1444,1.6143991285003911
1445,1.3506897283627168
1446,2.4030267391906714
1447,3.495025849827865
1448,3.7573444886465874
1449,3.9121316185638797
1450,4.070027004837144
1451,4.146297439487278
1452,3.8257957563739566
1453,3.3656527885119862
1454,2.797634195854443
1455,2.694836280076353
1456,2.2646436235135377
1457,2.279728178869932
1458,1.4104958522739544
1459,1.2805896407374175
1460,1.3145146382018018
1461,1.6832655445288036
1462,1.8437775370328167
1463,3.658306980374842
1464,3.9874742602986126
1465,3.2203312482008792
1466,1.5779544572315634
1467,0.3412480793397932
1468,1.756872585596206
1469,4.024683185770134
1470,3.913515711380034
1471,4.013896027216217
1472,4.711438132075229
1473,4.385500885604239
1474,3.658462716781253
1475,2.401061595559738
1476,1.234918050614596
1477,1.565708612888976
1478,0.6099060832660131
1479,2.4784257845165327
1480,0.9588117935062589
1481,4.757919379796716
1482,2.124708175451011
1483,4.616353354845163
1484,3.614853533739336
1485,4.505231199294407
1486,3.8451566632340337
1487,3.987948788835476
1488,3.8451566632340337
1489,3.0598478625566723
1490,4.328837801956986
1491,2.5108609899472953
1492,2.353374884597347
1493,2.9037382715509583
1494,1.9202894962133656
1495,3.547684878649123
1496,1.3593914294063048
1497,4.10397261155747
1498,0.6418742586353727
1499,4.391004966627732
1500,0.45542388422276464
1501,4.680024001481326
1502,4.222667249729397
1503,4.721037063245135
1504,4.063817533755675
1505,3.433646975387137
1506,4.105680995829602
1507,2.9609827212841835
1508,4.292807652073969
1509,2.0287373670914914
1510,3.037841761817703
1511,1.3809845184325036
1512,2.404430912415679
1513,1.6331142195659032
1514,2.02441242454744
1515,4.271502447471305
1516,0.5738759146215897
1517,4.419934938821966
1518,4.022241325749082
1519,4.423458005705745
1520,4.7556496863956585
1521,3.6673036650389164
1522,4.46480507011057
1523,2.990284014819608
1524,3.7248064641539473
1525,2.0829329345514838
1526,2.5152514951187834
1527,0.9956849986269638
1528,2.1352330072505445
1529,2.5321586227006265
1530,0.5642068735487349
1531,3.746743220314327
1532,0.9340974846757736
1533,4.739603677358026
1534,2.0975066931411055
1535,4.144990231186164
1536,4.128258206507145
1537,1.107828822871447
1538,4.235125583148041
1539,1.534140561556741
1540,4.25180735697377
1541,4.665015404165324
1542,4.400486417688202
1543,4.397737578296193
1544,2.1776521312920742
1545,3.9308062564833364
1546,1.6633550299964357
1547,3.7329957611704505
1548,1.2522018861134985
1549,3.7701248585770157
1550,0.9317864116551475
1551,4.662541135307558
1552,3.9439426240981277
1553,2.7542862849600005
1554,4.00290834273625
1555,4.9130532154289375
1556,3.4720934832862764
1557,4.766194895011278
1558,2.8848216061391283
1559,4.096031024123205
1560,2.5926385099186593
1561,1.1966675892394492
1562,2.1354161781401646
1563,4.276529363492988
1564,0.8331090553390476
1565,4.341897563342348
1566,1.7703421354458786
1567,3.167271912730766
1568,4.5492509838901745
1569,2.9404388939558332
1570,3.7657592817806327
1571,1.3725268392255567
1572,3.234944422330661
1573,1.0330778226052664
1574,1.4180296365623846
1575,1.2304684794358776
1576,0.457826017896914
1577,3.5589192414504978
1578,4.291625804806112
1579,4.328853347679802
1580,4.0328464741844545
1581,4.505422296526767
1582,4.101988325301341
1583,4.862046433461472
1584,4.101988325301341
1585,4.990668877808563
1586,4.78513476754533
1587,4.1297728006085315
1588,4.658657010115423
1589,2.5846948863756327
1590,4.403926378352734
1591,3.0987007773946442
1592,3.6708094032375236
1593,4.313642498000556
1594,2.2540181859243473
1595,4.389912932650691
1596,3.1701903342236775
1597,4.494961200768861
1598,4.330706878526279
1599,4.695008844066399
1600,3.9862155917891866
1601,2.9027421700322162
1602,3.835032692480151
1603,1.6637569344317527
1604,3.872161789886716
1605,3.536258230573794
1606,4.198960070904845
1607,4.501088687704689
1608,4.198960070904845
1609,4.65596679805946
1610,4.209111811410466
1611,4.24018032076274
1612,4.792126010327025
1613,3.6699650040571896
1614,4.501252890060094
1615,3.0821282401622647
1616,3.768135914944882
1617,2.6763309701278106
1618,3.2351849324996973
1619,2.2017500272781785
1620,4.362061300504422
1621,1.1530500104823895
1622,4.154643887304713
1623,4.890751990041017
1624,4.607178280708885
1625,4.305283002520967
1626,1.7437718268750468
1627,3.804881182068919
1628,0.45553417276126834
1629,0.9676886772705608
1630,1.835950005952771
1631,2.5112516612873885
1632,4.068882434863045
1633,3.530636056524783
1634,4.215568975657662
1635,4.164444124850809
1636,4.215568975657662
1637,4.636263386657402
1638,4.6858551449679995
1639,0.8696072962137097
1640,3.744818057950444
1641,2.2617989050998393
1642,2.498816915113462
1643,4.04682464125128
1644,2.118798427245223
1645,2.3781629849612513
1646,0.479220712871829
1647,4.610649682808711
1648,2.9757129189768667
1649,4.068547087148184
1650,4.151626079778169
1651,4.323043855998354
1652,4.552933520779942
1653,3.533065972478919
1654,3.757218583113807
1655,2.96677940526651
1656,3.120028903068215
1657,1.0025103350889195
1658,1.2329379447903843
1659,0.8531924509853978
1660,0.9166023381602685
1661,1.244931911255705
1662,2.2204044732931565
1663,4.738296302830508
1664,3.9541755727743895
1665,4.642119232994855
1666,3.9979889905979906
1667,4.468892970597106
1668,4.629193993124165
1669,3.0185902612558384
1670,4.099103539072178
1671,1.967914970153209
1672,1.8120267238818797
1673,2.67408367639964
1674,0.8476020534176643
1675,3.1649866681578493
1676,0.5950832272106743
1677,4.327039542660827
1678,4.308337263385595
1679,4.422163684654955
1680,4.406582328983956
1681,4.726858677430399
1682,4.521970000776338
1683,4.7678717391942085
1684,4.097781050188637
1685,4.488904445816153
1686,3.7917432941561113
1687,2.0400213776326126
1688,1.4586368923235047
1689,3.811653204236771
1690,0.3729060740436435
1691,3.6308299587362236
1692,0.8361808945145265
1693,3.9335931821106276
1694,2.0660147256074524
1695,2.762984446651385
1696,3.872979378634604
1697,2.2465443812309207
1698,3.9675604124896275
1699,1.017448089187769
1700,4.7535299402546185
1701,4.666370921338004
1702,4.329693845385976
1703,4.4937802512157425
1704,2.652156065465884
1705,3.7967280234015677
1706,4.054733921408371
1707,4.696023905013699
1708,2.4397793479889196
1709,1.950051488071116
1710,0.6326690521520516
1711,4.160177129347735
1712,4.025159472174796
1713,4.2671472569595394
1714,4.7419769414775725
1715,3.838228500411591
1716,2.793887518125761
1717,1.7422744128532575
1718,1.0071720040391399
1719,1.222258734918942
1720,2.433653369416596
1721,4.1507537130291485
1722,4.45919136663887
1723,4.752146630395463
1724,2.7289167597609425
1725,2.301383052516052
1726,3.096930414738859
1727,3.466207527373811
1728,4.233260744277135
1729,4.943043940527908
1730,3.33920833087306
1731,0.9546250029850303
1732,0.5800530168583422
1733,0.5832376108304842
1734,0.9265181272168282
1735,3.9548759198093792
1736,3.9836145734458537
1737,3.8949624500805498
1738,2.153969080647622
1739,1.0622621896207904
1740,1.112701129428285
1741,4.146297439487278
1742,2.6679528234420578
1743,1.6811247579789648
1744,2.168734930923317
1745,2.7640894741914477
1746,3.015576797037157
1747,3.0434163316126406
1748,3.5754365011839164
1749,3.658306980374842
1750,4.400418063987918
1751,3.6491966481745965
1752,0.457826017896914
1753,4.298642406098264
1754,3.950644808786599
1755,4.013896027216217
1756,2.9190540435006525
1757,0.5478767680097923
1758,3.6382413849509585
1759,4.555517185262969
1760,4.5833754501440565
1761,3.692336189294736
1762,0.46158698339339627
1763,2.100117189249333
1764,3.1929094092735504
1765,4.309383739970467
1766,4.138318863970179
1767,4.105680995829602
1768,4.105680995829602
1769,4.609941350446285
1770,4.871235632012393
1771,4.71774742884265
1772,2.177178645769001
1773,3.135478956750465
1774,4.239694971198572
1775,4.239694971198572
1776,4.352886781584479
1777,4.670020479956795
1778,4.93911404915747
1779,0.5947977409385434
1780,3.179466551505257
1781,4.280780222955698
1782,4.031198978539218
1783,3.9292535155958492
1784,4.599062724762458
1785,3.7039277840681226
1786,3.065778759303003
1787,2.6750392111899397
1788,3.2138587241103553
1789,4.01407876169881
1790,4.043640891533202
1791,4.598357124720496
1792,4.289319386401204
1793,1.7059522117752899
1794,1.0074039433640753
1795,1.4324840436297015
1796,2.1473881362208695
1797,3.792648090261355
1798,4.189727381899583
1799,4.31930616590625
1800,4.430882917228418
1801,4.5462705890208
1802,4.104036893904651
1803,0.458852736169222
1804,0.9279645772380485
1805,2.1303657398188633
1806,4.183073475389609
1807,3.921678999794355
1808,4.192118290576523
1809,1.8044245696733094
1810,4.078611593779715
1811,1.1582848735414286
1812,3.965609169883153
1813,0.4604272137534975
1814,3.965609169883153
1815,2.091112257438317
1816,4.080992496462056
1817,4.238834394442929
1818,4.614521929009115
1819,4.515941007124638
1820,4.652787842849455
1821,0.6977203524243942
1822,3.7264928968455253
1823,0.9401000460763899
1824,1.9535228918726157
1825,4.254711763952586
1826,1.6343618925707861
1827,4.01314898658021
1828,2.5083971673825074
1829,4.056962404403811
1830,4.2376116607464205
1831,4.246298916694039
1832,4.479976358183788
1833,4.349885103319023
1834,4.674843469777431
1835,4.894737550343522
1836,4.358673806970281
1837,3.7469532971524626
1838,3.944543143200653
1839,2.2940970551844826
1840,3.21914931932503
1841,1.3623852945527313
1842,2.1752369847101534
1843,1.1596942073359349
1844,3.4415628130793623
1845,0.6335488433719542
1846,4.096896481898507
1847,4.166563917763947
1848,4.251977204286969
1849,4.025069017039443
1850,4.554883923053541
1851,4.323584172507413
1852,4.709762033408312
1853,4.614322155291703
1854,4.7185154526061615
1855,3.037841761817703
1856,1.1472434260409385
1857,0.7540788904395229
1858,0.9950994264119599
1859,0.41644714818901785
1860,4.606572180490203
1861,0.7510457502429366
1862,4.247194890854098
1863,3.91245784611183
1864,4.182119328592728
1865,4.351316698201128
1866,4.182119328592728
1867,4.642054680985417
1868,4.717103322931112
1869,4.802333781870229
1870,4.947698590492202
1871,2.6608002714067216
1872,4.5486785530232074
1873,1.8558721165720178
1874,4.002725533579199
1875,3.8035143796165682
1876,2.6777166608687972
1877,4.219564662320135
1878,2.2018526469315183
1879,4.295835096970269
1880,1.1448042472719746
1881,4.433396750953682
1882,2.511224542986218
1883,4.403580153454588
1884,4.007330327909531
1885,3.5097779537010516
1886,4.007330327909531
1887,1.4862585355455145
1888,4.256380980048542
1889,1.5471235080092918
1890,4.907069481972224
1891,1.8131721032657184
1892,4.643992333187022
1893,4.178758479378928
1894,4.430603579984351
1895,4.524950395645712
1896,3.955737730661574
1897,3.2161365409243943
1898,3.4383851960355956
1899,0.40205911722914944
1900,1.3652069220635872
1901,3.5678190002185324
1902,1.1863476263154913
1903,4.689075897251394
1904,3.842740187998395
1905,3.655862955045992
1906,4.032927093608843
1907,3.782664156407797
1908,3.8174932527438057
1909,3.992244017947512
1910,3.841589171239933
1911,4.415684926418051
1912,4.872800964245684
1913,4.55917898377154
1914,2.4919459056929916
1915,1.5454137070005085
1916,1.5785297752115452
1917,4.936387890570351
1918,4.210990848000645
1919,4.464671276840461
1920,5.0736311482091985
1921,3.575231499103257
1922,1.8193551072579375
1923,2.3938776879012096
1924,4.670101749695194
1925,4.264786500701443
1926,4.17381995131124
1927,4.312171573854073
1928,4.328853347679802
1929,4.935283867231339
1930,4.663624769159079
1931,3.6733025625479065
1932,4.068470688348828
1933,4.154840413051153
1934,4.389912932650691
1935,4.438414013156547
1936,3.573916625836384
1937,2.2142100429391083
1938,3.7707609412680285
1939,4.048888021039422
1940,4.076727555614904
1941,4.258506321451299
1942,4.388085105457966
1943,4.388085105457966
1944,4.664720217257309
1945,3.9488452318935017
1946,0.6221589519474363
1947,2.348713427825499
1948,3.732320587498572
1949,4.681596571473267
1950,4.499559451696943
1951,4.048410205751359
1952,3.894397238230196
1953,3.998346799145975
1954,4.174688930578097
1955,4.597999188832662
1956,3.24035331336097
1957,4.062239465182875
1958,4.099368562589439
1959,4.224067223696286
1960,4.825856581182607
1961,3.819539160285213
1962,2.8345295205344523
1963,1.6497522081081823
1964,0.5762900033943662
1965,3.5001013056042933
1966,4.654921265603374
1967,4.337501428768974
1968,4.337501428768974
1969,4.337501428768974
1970,4.834034932708889
1971,5.089937545805805
1972,4.600339186699495
1973,3.0504758163167742
1974,1.9148869399818969
1975,1.0722523642918544
1976,4.033717990812177
1977,4.341897563342348
1978,4.847596344586776
1979,5.005419120407073
1980,4.64149171312398
1981,4.087977167675765
1982,3.82981966021313
1983,4.162329135459018
1984,4.056257735756182
1985,4.091086832092189
1986,4.2282427790828185
1987,4.954139551878902
1988,4.073480803265639
1989,1.2668376556144327
1990,1.1304452711393715
1991,1.1816371578392808
1992,3.8187402581742464
1993,4.422163684654955
1994,4.526811034132861
1995,3.400294067805982
1996,2.540755664347752
1997,2.035268680128629
1998,1.8837339809691127
1999,3.2396638923123935
2000,3.5335261244653835
2001,3.8394927388122544
2002,3.713700437927149
2003,3.649742375095134
2004,3.5175187935069805
2005,3.084639389136893
2006,1.8203459257061076
2007,1.0390421533904182
2008,2.356982571507414
2009,3.6436766881351144
2010,3.598917528088682
2011,3.636046625495247
2012,3.5864694982180745
2013,4.738192026303964
2014,4.412254779832974
2015,3.738859697869353
2016,1.0954581379064825
2017,2.297859300487297
2018,4.97331433203848
2019,4.918381865280464
2020,4.5685989049321725
2021,0.8194329559289881
2022,0.7421597540199313
2023,3.1766532441149957
2024,4.093470863865788
2025,4.053972993731767
2026,4.053972993731767
2027,4.177778886857825
2028,3.810591773227719
2029,3.230604794753188
2030,1.6111102152467451
2031,0.9278371477778707
2032,0.42922142362020754
2033,0.9238332441838534
2034,2.1262344067646683
2035,4.120452904298167
2036,4.228803837290081
2037,4.228803837290081
2038,4.409463573230964
2039,4.72659727160328
2040,4.588830161932722
2041,3.8460170904286897
2042,2.440383819477468
2043,1.8060805616308988
2044,4.260550290841117
2045,4.149625092547135
2046,4.04767962960377
2047,4.090823017330923
2048,4.321165112077365
2049,2.993605746979422
2050,1.0954894589716873
2051,2.1011040216003276
2052,2.8238342849812805
2053,3.9552750062910342
2054,3.6998247906493837
2055,3.8646192784363302
2056,3.1469352182385757
2057,2.895401381844421
2058,4.282049997326162
2059,4.397437669118544
2060,2.706890162602925
2061,2.320481682577202
2062,1.0147901366673406
2063,0.12887530405549266
2064,0.563543535139341
2065,3.304150074527699
2066,4.351613851749831
2067,4.013896027216217
2068,4.239610348206986
2069,4.588182117952077
2070,4.860810689620527
2071,1.7494935817156487
2072,0.7850703160742243
2073,4.688548682130792
2074,3.4105657948748878
2075,3.447694892281453
2076,3.8451566632340337
2077,3.9501516517298607
2078,4.5614834498077395
2079,4.396291618665472
2080,3.0080038888082354
2081,0.9086140185850794
2082,4.020674146028521
2083,4.426902812557562
2084,3.670622285785893
2085,1.298975495873842
2086,0.6830445613402504
2087,0.518759340585262
2088,0.9747774831881867
2089,4.155005788203354
2090,4.156093481940373
2091,3.880746425024577
2092,3.9245598428481783
2093,4.239694971198572
2094,3.0801732609723773
2095,1.5598197467491228
2096,0.9693697270652315
2097,3.9723969033230038
2098,4.25180735697377
2099,4.389853908364872
2100,4.706987606737187
2101,4.816278336451895
2102,0.9848027328282183
2103,1.0033224776629797
2104,1.8689678573950463
2105,2.150272178100207
2106,2.5627968570123105
2107,3.7891554941808354
2108,3.987086011825282
2109,4.043640891533202
2110,4.416118572853921
2111,4.576675777589069
2112,1.357153477924616
2113,0.7958177162731632
2114,3.090406691586978
2115,3.4991018644038494
2116,3.8211576549332853
2117,4.31930616590625
2118,2.6154544254821763
2119,2.0431882698783963
2120,1.0147901366673406
2121,0.3412480793397932
2122,3.1266275832720445
2123,3.9588080972009188
2124,4.101988325301341
2125,4.480849539339159
2126,2.9544859090662845
2127,0.6355914465617084
2128,0.46479631469457294
2129,0.8887110948575024
2130,4.198960070904845
2131,4.800730423599438
2132,3.016255653039878
2133,2.5474843244070464
2134,1.9970303439934374
2135,1.4323360841846147
2136,0.5219062778716014
2137,0.4941053436345103
2138,2.142501208657204
2139,4.246298916694039
2140,4.246298916694039
2141,4.688508154320206
2142,4.468870152743418
2143,0.29508535865922353
2144,0.26793928387847704
2145,3.0304220372131407
2146,3.948760206121096
2147,3.3974687846205396
2148,4.215568975657662
2149,4.9150723810300985
2150,4.466217143391212
2151,1.2072310045311831
2152,1.9144549587082718
2153,3.854998593631722
2154,3.1067322101337536
2155,4.081098984969109
2156,3.956271263935431
2157,4.168307853603898
2158,4.168307853603898
2159,4.425563828413987
2160,2.1634131915088557
2161,1.5326289720202644
2162,0.977737675399355
2163,0.9670412779677624
2164,2.63292915220526
2165,3.319193137221541
2166,4.295835096970269
2167,4.59395395568883
2168,2.750710678451823
2169,2.296433332327574
2170,1.1937496286231568
2171,0.5577918881447902
2172,1.194458215501328
2173,2.4202478060412203
2174,3.4293152483167004
2175,3.722861474174206
2176,3.7513710388461363
2177,4.308337263385595
2178,2.5228121040200433
2179,2.083795525639516
2180,0.7254089374431173
2181,0.2854811786720286
2182,3.2543100926396353
2183,4.218904627718818
2184,4.029878673668142
2185,3.835850281228039
2186,3.9675604124896275
2187,3.9675604124896275
2188,4.054628740900482
2189,4.480901368586169
2190,2.1115261155060794
2191,1.7059393446152264
2192,4.817905717578892
2193,4.175145823337917
2194,4.019000011714205
2195,4.019000011714205
2196,4.6435962243459645
2197,2.385841156682833
2198,1.9308807882369756
2199,2.379388307748736
2200,4.533367200014837
2201,4.733414843312374
2202,1.3313310486581866
2203,1.589089082264529
2204,1.7151334789118633
2205,2.6228808949773303
2206,4.324893289302354
2207,4.324893289302354
2208,4.60827476488459
2209,4.747589747943011
2210,3.5213506199414963
2211,3.153054009589549
2212,1.9299385156810003
2213,1.1246013224052984
2214,2.650356432863092
2215,3.8649410304767926
2216,4.799590015140202
2217,4.307181228636274
2218,4.213477248859992
2219,4.360399034890896
2220,4.941038409111555
2221,4.492396268994576
2222,3.4844247504749872
2223,1.0581753530971298
2224,3.8043880330117763
2225,3.9907925942655127
2226,3.8014827788442793
2227,4.06072116974058
2228,4.338476640143398
2229,2.1375011379511664
2230,1.6844987455900875
2231,4.973039553211113
2232,4.092913431391019
2233,4.0456348597785645
2234,3.8729470915071964
2235,4.888173704428822
2236,3.6260927884500656
2237,1.5227716033648684
2238,5.018407149916311
2239,4.808991325619437
2240,4.264381689831693
2241,4.395288405173397
2242,2.970141513400147
2243,0.7890755493912528
2244,1.3486662895983437
2245,3.677117051612963
2246,4.365562415685122
2247,5.019743173145413
2248,4.5777226096051225
2249,3.4832135369903523
2250,2.666714145721593
2251,4.54835204259991
2252,4.086647617604388
2253,2.0898893302134827
2254,1.6453607295981496
2255,2.6925218302686846
2256,4.441475947289015
2257,4.709357639890508
2258,2.9361751950648447
2259,0.5725054821731191
2260,0.6706320815312605
2261,1.2712478206448556
2262,2.4669112379879645
2263,4.108396543533535
2264,4.029704719413241
2265,4.648500884031119
2266,3.116150073582576
2267,2.362917920672123
2268,0.6451468545846588
2269,3.670866788251033
2270,4.76379961477838
2271,4.152759404420488
2272,4.277458065527335
2273,4.277458065527335
2274,4.68965422848845
2275,4.841229321365745
2276,0.6405290697203867
2277,0.526636533620049
2278,1.1993965412122125
2279,3.6403320373305434
2280,4.6266527812483815
2281,4.736940524949334
2282,4.3132228350991735
2283,4.171786577605294
2284,4.390892270600022
2285,2.8533454169861554
2286,0.730930257540363
2287,1.212483096018105
2288,2.414884258598919
2289,4.228545090137105
2290,4.376434697829403
2291,4.5443630494831195
2292,4.900987186417825
2293,5.020791860590211
2294,2.996465070324239
2295,1.7206965579858502
2296,4.798282640612684
2297,4.281633620913867
2298,4.87890794936286
2299,4.801303186009575
2300,3.9513127334578457
2301,1.5832198848214372
2302,2.618656516242783
2303,1.2171841858401158
2304,3.929888881630382
2305,2.7340700141818153
2306,4.676339692627339
2307,4.380430384491875
2308,4.132002435610763
2309,4.475554526486004
2310,4.558622041125456
2311,3.8223750733928616
2312,4.681862138186305
2313,1.9437203187512884
2314,3.8657807190276845
2315,3.6155453838113436
2316,3.6141169245843376
2317,3.9614190242654366
2318,3.6076712164312985
2319,3.563840215541177
2320,4.185991870903431
2321,3.034581885395258
2322,4.247859114850316
2323,2.1894455037162213
2324,4.291002502577469
2325,0.9893886836161012
2326,4.444395808458781
2327,0.9677946194134524
2328,4.444395808458781
2329,3.617827418485338
2330,3.8223750733928616
2331,3.617827418485338
2332,3.022018919994411
2333,4.499315807887251
2334,1.8316069677608744
2335,4.689363723633052
2336,1.7720526792682043
2337,3.625839923119028
2338,2.2572562440561135
2339,2.9904586124672035
2340,4.1789157412444675
2341,2.2580220240027633
2342,4.473325780653015
2343,1.2450749293844017
2344,4.473325780653015
2345,0.5830155823777344
2346,4.763152875239361
2347,0.6000410388259679
2348,4.452532301042595
2349,1.2136559480689486
2350,2.8372895959491236
2351,4.448465189241805
2352,2.3230234413504935
2353,4.51546907874249
2354,0.9454459566376432
2355,4.242196388693696
2356,1.66191059345093
2357,4.315245803324482
2358,4.666558518272379
2359,4.795367783308621
2360,4.213477248859992
2361,1.5451440135226393
2362,3.889705758828873
2363,4.15958110009136
2364,2.020095322945362
2365,4.029216987755179
2366,2.6514552747124682
2367,4.072360375482332
2368,4.7250017419475
2369,4.107363835562816
2370,4.715931977138607
2371,4.107363835562816
2372,4.65936507337016
2373,3.0342909889086376
2374,3.8273448805667862
2375,2.5317863604303237
2376,3.544874148384227
2377,2.2664651384909185
2378,2.629266451695538
2379,3.2151282249013247
2380,1.342564818427947
2381,3.5261938651559865
2382,1.1366941565411741
2383,4.496703222091769
2384,3.9609379981608606
2385,3.717624240333902
2386,3.8140220766750605
2387,3.142894525028509
2388,3.8488511730110693
2389,1.6089501623002807
2390,4.040342564312458
2391,0.530399547084025
2392,4.0456348597785645
2393,1.0667488589430787
2394,4.409024745037405
2395,4.037005415276902
2396,4.467052043930587
2397,3.948353291911598
2398,3.967638174028416
2399,4.482284820911319
2400,2.8148856031882805
2401,2.4563996720367034
2402,1.1386998280739862
2403,1.3280476247270767
2404,1.7187605069377958
2405,1.0126087198464735
2406,4.0261807422999185
2407,2.161090359382503
2408,4.22123830210454
2409,2.4850459985366316
2410,4.395288405173397
2411,2.9058535443272406
2412,4.5180621186715095
2413,3.8393637479925475
2414,5.0890038883923365
2415,4.008665848122088
2416,4.617576801085153
2417,4.123417846668192
2418,3.3789176932587064
2419,3.879186598205005
2420,2.7433084946252144
2421,3.372694162285051
2422,1.6943352739934752
2423,2.533550536558056
2424,4.584681331028697
2425,2.0825977795393134
2426,4.73008808747737
2427,1.903763874814992
2428,4.192381696806282
2429,2.9553877196265965
2430,4.227210793142289
2431,3.0469347173044206
2432,4.382244189510851
2433,3.71169782220589
2434,4.558813138357816
2435,3.074378203103459
2436,4.915437275292521
2437,1.4249600383610788
2438,4.964358162568189
2439,0.8617957177968562
2440,3.1890149744119394
2441,0.43518391426127384
2442,2.8762824359640544
2443,0.6817413453018066
2444,1.9314718179092614
2445,3.4223478846901645
2446,1.219971552313786
2447,4.35862874388044
2448,1.42393329433431
2449,4.411600189532007
2450,4.443303774481739
2451,4.08466952355231
2452,4.748399685897447
2453,4.85415050823988
2454,4.765096201167058
2455,4.329218601575608
2456,2.2962293022850684
2457,0.560252613491696
2458,3.8527802006139886
2459,2.2429059856134765
2460,4.10227886287047
2461,4.770567941476752
2462,4.130118397445953
2463,4.637536444608929
2464,4.311897163282348
2465,3.898547505065082
2466,4.693794512594159
2467,4.5987481903271945
2468,4.26925461609959
2469,2.811690082963685
2470,2.523336551257326
2471,0.6192321549997326
2472,2.048755608407694
2473,0.4119335136190791
2474,0.7293911251576183
2475,4.304686509075357
2476,3.9628842559040254
2477,4.391402999316427
2478,4.629357109099926
2479,4.2203381233161394
2480,4.88409180866037
2481,4.07406498785957
2482,4.2490007184923355
2483,4.137038916096866
2484,3.691861407318594
2485,4.886608372195531
2486,2.677091410883567
2487,4.7331201690257885
2488,1.2373441301814028
2489,3.5422294356911053
2490,4.277458065527335
2491,2.8415279559731523
2492,4.322984511791824
2493,1.8272820252168227
2494,2.6373991212038335
2495,0.6604024577046103
2496,2.0557603799474107
2497,1.0929752933506522
2498,1.4526218087775637
2499,4.21499212598553
2500,2.4020296368260894
2501,3.9341372668556254
2502,4.206615673941301
2503,4.293085813029621
2504,4.390892270600022
2505,4.406277623415527
2506,3.91843179115649
2507,4.723411321787844
2508,2.1810325856306325
2509,4.771022426578797
2510,1.7177565406512783
2511,4.372678130269617
2512,0.565629300881615
2513,1.9381026079199266
2514,4.670636020590887
2515,0.9467276234295914
2516,4.395288405173397
2517,0.5145534037744177
2518,4.395288405173397
2519,4.11321823788518
2520,5.1188716978668305
2521,3.9826443574268975
2522,2.769649005935891
2523,4.28851642497909
2524,1.415429097277516
2525,4.305198198804819
2526,0.8035389812110806
2527,4.4432447501959205
2528,1.363129721418171
2529,4.845352631788745
2530,3.9480174703755955
2531,4.628137020099308
2532,4.1096485775872305
2533,2.477908811859321
2534,4.144477673923237
2535,1.9509871167410064
2536,4.264951847088138
2537,3.997333465929178
2538,4.281633620913867
2539,4.040476853656335
2540,4.464973059855456
2541,4.0970317333642505
2542,2.8214598619252196
2543,3.917006183182291
2544,1.7707845708225904
2545,3.349925413478485
2546,1.0807918013650546
2547,2.694732580581574
2548,3.224973005940025
2549,1.9382857788095467
2550,4.58020187596391
2551,1.5088218124446717
2552,4.517978741153002
2553,2.207374474003045
2554,3.3251293492545644
2555,4.599661430851849
2556,2.6152383793714287
2557,4.578325279227024
2558,2.4157358310832895
2559,4.133111189241501
2560,2.01262657649299
2561,0.29159460956547606
2562,1.658789761405919
2563,3.24482539343451
2564,3.865044046067819
2565,4.243059813171785
2566,3.8928835806433026
2567,4.351612142588288
2568,3.850389274757278
2569,3.953036920061618
2570,3.3715657484095605
2571,4.133346245568605
2572,2.7058855691366857
2573,4.347644094324103
2574,1.7632470481914082
2575,1.6226672456871534
2576,1.1685440493837567
2577,0.6129493429260683
2578,1.5234712559268413
2579,3.288388144386143
2580,4.72635725912018
2581,4.390693216308454
2582,3.856714361183743
2583,4.252350912735894
2584,4.7315318449233175
2585,4.569331848955687
2586,1.7682941640849597
2587,4.807498750510163
2588,2.4160571106497626
2589,4.816103163782576
2590,3.547972675292177
2591,4.409125950219141
2592,4.078550314005844
2593,1.7998999446628194
2594,4.115679411412408
2595,0.4722528080972843
2596,4.320538098790588
2597,1.08033077780264
2598,4.933754605463602
2599,4.3367310232985465
2600,2.0314740720379114
2601,4.236663146650674
2602,0.9845299004034996
2603,4.06653982841126
2604,0.769779486154671
2605,4.299689758525088
2606,0.6925062842456141
2607,4.403275945150072
2608,2.573884101142846
2609,4.703880894503344
2610,4.210740050811324
2611,4.376743212902465
2612,4.512582208469919
2613,1.5466414275444285
2614,4.767519370578601
2615,0.962563808005316
2616,4.4403816889777215
2617,0.2454318888849064
2618,2.104252653185434
2619,4.00874654390327
2620,0.9051950441422306
2621,4.122273276694093
2622,0.5837124552615229
2623,4.268959817488711
2624,4.208672842465223
2625,4.268959817488711
2626,4.28219467912113
2627,4.9304451212132365
2628,0.9319828993493902
2629,3.6164252078556562
2630,2.203270202349351
2631,0.7314367868038827
2632,3.3806142847732357
2633,3.9149849314138976
2634,4.2988366029704395
2635,3.166718547915929
2636,4.342569550187077
2637,4.205016921609218
2638,4.27515680381951
2639,4.221698695434947
2640,3.3849284846022067
2641,4.33966166886003
2642,1.9568386813170042
2643,1.9158584543541934
2644,1.4893792952359293
2645,4.2729555041511835
2646,1.1726874672104606
2647,4.349225938801318
2648,4.199688281318327
2649,4.647344797519879
2650,4.199688281318327
2651,4.658268288461015
2652,3.096877714496941
2653,2.099302932996955
2654,1.6584826543433246
2655,0.7979485836433473
2656,1.3608423824996372
2657,0.6177782259269656
2658,1.2309361709631004
2659,2.4802341438233957
2660,1.7652848038747637
2661,3.7762523160052544
2662,4.335440839157211
2663,4.361728105216644
2664,4.450828510949592
2665,4.4599731708150046
2666,4.429492359324768
2667,4.126855345525486
2668,4.016548555635465
2669,3.0701834958269743
2670,2.560937117505505
2671,0.37941701359350927
2672,0.29159460956547606
2673,0.23582770889771146
2674,1.8750703957586714
2675,2.1842125357699183
2676,4.045253947483481
2677,3.8672082014953024
2678,4.27096826847425
2679,4.0859866611677464
2680,4.619540038219341
2681,4.512259288853433
2682,4.704777950694583
2683,2.52795282568749
2684,2.7381133130005644
2685,1.0531607266284397
2686,0.762428212438584
2687,0.4982232982354753
2688,3.898547505065082
2689,4.003542493560913
2690,4.304164678824519
2691,3.563943339199948
2692,2.156244485266728
2693,0.40577041444844747
2694,2.240347920975583
2695,3.3331401409998005
2696,4.117208375586723
2697,4.137038916096866
2698,4.346198493905018
2699,4.663332192277334
2700,4.334775872716609
2701,2.2073005130850603
2702,1.17395566260938
2703,0.46910587081094507
2704,4.216079819722549
2705,4.104260585095045
2706,4.293085813029621
2707,3.5964136140591596
2708,2.3181210957881646
2709,1.3626893474185047
2710,0.5451442711642263
2711,2.215704503303571
2712,3.2976643616677226
2713,4.188244544289321
2714,4.340766560737874
2715,4.025787745154057
2716,4.3145842581342455
2717,3.5817597142603312
2718,1.980521731961456
2719,1.2295597824778584
2720,0.9351492630539012
2721,1.0853417370089398
2722,2.2102585158823826
2723,2.622783194794486
2724,3.2738450618925308
2725,4.067469603529859
2726,4.0970317333642505
2727,4.469509414684969
2728,4.627431420057346
2729,2.3955081105880405
2730,1.3345113742889758
2731,0.9577504735897582
2732,0.7834555855647304
2733,1.4924703814118772
2734,1.8303284732280543
2735,3.5811211237498095
2736,3.8460389320924033
2737,4.372697007737298
2738,3.088991377233241
2739,1.8901938510079133
2740,0.8617957177968562
2741,2.248563549981329
2742,3.9901660174681868
2743,4.133346245568605
2744,4.133346245568605
2745,4.223476210843787
2746,4.651996828734776
2747,2.7735451785661964
2748,0.4107737439791803
2749,0.4151428449202558
2750,4.068234851135149
2751,3.8884235343111992
2752,3.9255526317177645
2753,4.252350912735894
2754,4.262502653241515
2755,2.8199418471953273
2756,2.3503539250764276
2757,3.3754156642259474
2758,4.4440805598503825
2759,4.299689758525088
2760,4.6605691225399335
2761,4.91011029052666
2762,2.097783249339932
2763,0.43289206912562816
2764,0.21828581410415993
2765,0.7517466535344198
2766,3.148619847375606
2767,4.248583177109907
2768,4.0784598588704934
2769,4.667712997122751
2770,2.8415279559731523
2771,1.2228543029364853
2772,1.082211171266721
2773,1.1579422595017859
2774,0.36679367841470073
2775,4.305421809200104
2776,0.8692435604054025
2777,4.019000011714205
2778,3.093910729139332
2779,4.134383338293104
2780,3.965848687942879
2781,4.345532012032186
2782,4.009662105766485
2783,3.5293624975149065
2784,4.221698695434947
2785,2.8627174632260535
2786,4.695445522816466
2787,1.5847084227964692
2788,4.831408077207079
2789,1.6043790199379764
2790,4.582007816116792
2791,1.76294783039838
2792,2.9299398775106607
2793,2.568383505164683
2794,1.9662827921782378
2795,2.9637246093331338
2796,0.928084205625038
2797,4.368125373808646
2798,2.6929154899874352
2799,4.750111358581985
2800,4.051379832429044
2801,4.703917765114281
2802,4.48678759278473
2803,4.272771647416325
2804,4.432654448791438
2805,3.2435579498295826
2806,4.013201379518221
2807,2.7638523219535647
2808,2.5606216528942687
2809,2.0950143101884846
2810,1.1711075249875167
2811,3.5235820724253224
2812,0.5454297574363571
2813,4.3053680461180175
2814,3.8047618806771846
2815,3.995915330473605
2816,4.361728105216644
2817,0.9460315288526471
2818,4.554024690982562
2819,4.176348151453428
2820,3.7058411346021543
2821,4.213477248859992
2822,2.3768590589226233
2823,4.213477248859992
2824,1.9308011067690327
2825,4.748461243198376
2826,1.30564247345302
2827,4.969880757115156
2828,0.5724145185726325
2829,3.180058247958236
2830,0.9543787046769924
2831,2.495959336882641
2832,3.627805338000708
2833,1.3528899451611178
2834,3.9989183327568956
2835,1.0951507774976574
2836,1.6743712932829915
2837,4.457723916078369
2838,3.764353681437714
2839,4.06072116974058
2840,4.06072116974058
2841,4.309771821879591
2842,4.922442222155362
2843,3.3133653627711332
2844,1.1366941565411741
2845,2.672712651969187
2846,4.826181232793454
2847,4.2595911243975575
2848,3.4823365038448912
2849,2.2948155063623727
2850,1.1470141194651322
2851,2.707206346349958
2852,4.358548622838948
2853,4.376434697829403
2854,4.874686255606215
2855,5.105761723158979
2856,4.027796345383105
2857,1.3498847355899166
2858,0.9834243528309499
2859,2.512075498063675
2860,4.3468057600474035
2861,4.382244189510851
2862,4.0076047308007405
2863,1.7822194227657786
2864,1.3322707584747613
2865,2.389150727634163
2866,3.1807200367406043
2867,3.7512624752916204
2868,4.150489947694789
2869,4.208231254882202
2870,4.243060351218209
2871,4.367033339831605
2872,4.443303774481739
2873,4.4674883084933965
2874,3.7715014795142388
2875,3.4587130746831765
2876,3.3767862265057653
2877,2.7056117707015974
2878,2.4224796214085615
2879,1.6141034646574355
2880,1.5193163329508153
2881,2.0141116359251496
2882,3.618277489919754
2883,4.441475947289015
2884,4.554479529535738
2885,3.8629430723395446
2886,3.5240119589597696
2887,0.8562348056955342
2888,3.8505183976610375
2889,4.741582909255443
2890,4.5595457894791185
2891,3.925755158497461
2892,4.024412423947134
2893,4.029704719413241
2894,4.206046850845361
2895,0.9450465736349206
2896,0.741582300990489
2897,1.3492772438319718
2898,2.6514823930136386
2899,4.68419838453719
2900,4.24646338419677
2901,4.115630307013924
2902,4.8961644735052055
2903,4.400807302407882
2904,3.691146310190425
2905,3.1023363846437677
2906,0.8469651925780695
2907,4.390892270600022
2908,4.530801637605232
2909,4.887425774539937
2910,5.105310285988943
2911,4.979639334165726
2912,4.508212246858542
2913,3.1677355941469316
2914,1.052412846421071
2915,3.538215655461074
2916,4.477048969259557
2917,4.087108832643226
2918,4.121937928979233
2919,4.549364773283027
2920,3.9595843175809757
2921,3.3367521666343682
2922,0.9528568653146025
2923,2.626110983451294
2924,4.7021055707770305
2925,4.2443483948049785
2926,4.522283812428155
2927,4.983213847215752
2928,3.439886689813203
2929,3.119791208085437
2930,1.2416234956214565
2931,2.1304543342257087
2932,2.320603793366771
2933,3.9007595175202066
2934,4.02279229316312
2935,4.05762138949913
2936,4.475554526486004
2937,4.780249519261448
2938,4.796946034531058
2939,4.137138050263994
2940,3.203163668475363
2941,1.3913033387158356
2942,1.4901582577812773
2943,2.100007715414788
2944,2.427686877434168
2945,3.299650230094569
2946,3.684220800567272
2947,3.7670912797581972
2948,3.7670912797581972
2949,3.854221875895604
2950,3.962667477447477
2951,2.4751803816698796
2952,3.76187449829758
2953,4.553766588997918
2954,3.6302754483559454
2955,3.6674045457625106
2956,3.617827418485338
2957,4.086091841675635
2958,4.355972495804343
2959,0.7864798550221661
2960,4.320538098790588
2961,4.463946116559079
2962,4.988687072221618
2963,4.4764719650912195
2964,3.709835650316803
2965,3.0616943822350766
2966,2.5967571187951424
2967,1.3624894666451925
2968,3.294851054277461
2969,4.175490123211748
2970,4.107363835562816
2971,4.231169728688874
2972,4.735858388388116
2973,3.682198923132931
2974,1.413979815916127
2975,0.3795679538458904
2976,1.0640639759101032
2977,4.104730244404967
2978,4.315280003623095
2979,4.173843746129216
2980,4.28219467912113
2981,4.28219467912113
2982,4.462854415062012
2983,4.779988113434329
2984,4.958416680711046
2985,4.959936869154705
2986,2.788155719421366
2987,2.243253420146849
2988,0.533584141056167
2989,4.231644351893095
2990,4.101070471434818
2991,4.1442138591619715
2992,4.008266761640431
2993,4.037005415276902
2994,4.3502394074142146
2995,4.060761255630764
2996,2.8035167214218677
2997,1.0458359891973703
2998,3.577045109173825
2999,3.965522460394928
3000,3.753215632480432
3001,3.8936935737731795
3002,2.7113107818589737
3003,2.5137084536968257
3004,2.103357879995241
3005,1.396533897547762
3006,2.2287212687054923
3007,2.824075811973623
3008,3.074774251879904
3009,3.6288273430149647
3010,3.71169782220589
3011,3.5632944886206395
3012,2.1674872637067173
3013,0.07922183428117555
3014,3.9448736316472983
3015,3.9820027290538618
3016,4.045253947483481
3017,4.045253947483481
3018,3.545442942030928
3019,2.2193042715735816
3020,1.5677362577294927
3021,1.077009603668725
3022,3.7784721166772086
3023,3.6748398715215114
3024,3.4419237151421513
3025,3.4790528125487166
3026,3.898547505065082
3027,4.382228643788035
3028,4.5768561899908775
3029,1.7231590968827473
3030,1.1622610300756866
3031,1.04884475031133
3032,4.137038916096866
3033,0.5242224448472725
3034,2.2953764559314664
3035,3.2536767669129305
3036,3.9779506846792265
3037,4.293085813029621
3038,4.954486789340608
3039,2.8838594551278267
3040,1.0522952948382394
3041,4.305198198804819
3042,4.760378448568236
3043,2.875689733745449
3044,1.466224630665817
3045,0.8821329418808306
3046,3.8711747535267955
3047,4.630066619420118
3048,4.318393681738054
3049,0.8558040540553387
3050,3.1503930293691536
3051,3.8745484967643335
3052,4.243118223730631
3053,4.372697007737298
3054,4.484273759059467
3055,3.6798571222266756
3056,2.4695013803847563
3057,1.2650352176919
3058,0.43518391426127384
3059,0.4091992663949049
3060,1.0461623874005141
3061,4.09283281196663
3062,4.512207459606423
3063,4.778474586164683
3064,3.5577896284871984
3065,2.072260861938191
3066,0.9765275495552725
3067,1.0069089050199682
3068,2.2093100676007826
3069,4.298820732225105
3070,4.252350912735894
3071,3.6397430648500944
3072,1.235205684853996
3073,0.675078248788754
3074,0.44445187386019297
3075,2.2827319403834543
3076,4.11035324623486
3077,4.299689758525088
3078,3.618560447057675
3079,1.165254895222113
3080,1.9541478161152368
3081,3.457455122402715
3082,4.268959817488711
3083,4.376975014338462
3084,4.7012278851511375
3085,4.374090203550259
3086,2.3016865157828432
3087,1.9216680279146057
3088,0.4295672430975119
3089,2.0326527688707365
3090,4.163118244315069
3091,4.4047075400321765
3092,3.6350505133060156
3093,2.4636698720761028
3094,1.407609138755802
3095,1.2102958411547442
3096,0.8669488683859513
3097,1.027027615749938
3098,2.280390811075332
3099,3.3791794750037165
3100,3.8855336389625283
3101,4.007566414605439
3102,4.349225938801318
3103,3.3876098838932602
3104,1.614896324551261
3105,1.289128136214896
3106,1.2544445532835036
3107,1.6071098457914674
3108,1.873158441047894
3109,3.5113345076626605
3110,4.2321493212099766
3111,4.575360842607386
3112,0.3232526042693264
3113,3.3725079028021008
3114,4.2788909655009935
3115,4.089865011450318
3116,3.9043372989018676
3117,3.9989183327568956
3118,3.9989183327568956
3119,4.746869758873972
3120,4.682415715870747
3121,4.273411561357345
3122,3.542843180295667
3123,1.986506282241617
3124,1.0680785936720627
3125,1.9498479492842689
3126,3.727236252487895
3127,3.3012087707678384
3128,3.5572970614717
3129,4.083832789403388
3130,3.407005469408455
3131,1.3644722880535827
3132,2.137510999805223
3133,2.6207344456092443
3134,3.4119312844879537
3135,3.660350751564879
3136,4.251505211769194
3137,3.739095092018161
3138,2.834474054673702
3139,1.7017284724826924
3140,1.0540938465898073
3141,1.3451578172704237
3142,1.4530989353578074
3143,1.5339399948304455
3144,4.247554903081353
3145,2.762342528684374
3146,2.158157363269778
3147,0.8816871200182586
3148,0.757135470861539
3149,1.9506498762445879
3150,3.588109212130312
3151,3.2674761664619556
3152,1.9967787879655958
3153,1.9680203365675841
3154,3.508782532492206
3155,3.1049451220167277
3156,3.172532840147396
3157,3.4152067159432975
3158,3.687668043368657
3159,1.2715480384642484
3160,4.131880933406708
3161,3.788022489394994
3162,3.2073862233379855
3163,3.4072108200370455
3164,3.468600487943185
3165,3.468600487943185
3166,3.9408357580773123
3167,2.708090429849515
3168,0.9046899966469096
3169,1.2336587280769142
3170,1.9781259392821022
3171,3.243089428767557
3172,3.4694751495142384
3173,3.810219129471477
3174,4.269140291505519
3175,4.458705616666577
3176,3.586157555579669
3177,3.0196548345814436
3178,2.497673551644732
3179,1.4852807985538496
3180,0.6757736013986615
3181,0.7982671473850169
3182,1.774968258905168
3183,3.380377476879122
3184,3.6951122129359564
3185,3.1064118636924243
3186,1.7889563049136137
3187,0.9712573767599257
3188,2.3786603778059865
3189,3.6592587175878384
3190,3.7969188201441133
3191,3.89914829740756
3192,4.266490054354267
3193,3.1482816220967713
3194,2.552008987498547
3195,1.4866670720973754
3196,1.401513700952909
3197,1.9402347941786395
3198,2.697731735035251
3199,3.6184308399240184
3200,3.809399291836827
3201,4.210431188773481
3202,2.5794199309432124
3203,2.292691044795354
3204,1.8669262858923812
3205,0.8239346413870829
3206,0.3370071130896611
3207,0.4324692432652828
3208,1.75257690341669
3209,3.423700578678836
3210,4.1433436070902525
3211,4.435571359835885
3212,2.774184597467318
3213,2.1056875260201315
3214,0.5633302343055827
3215,1.2580642927036993
3216,0.8083717029913141
3217,4.0710946964996095
3218,1.9119535670174361
3219,3.379270844034145
3220,3.829850850842501
3221,3.4004875370146017
3222,3.5617790112005068
3223,4.1774285692981366
3224,3.5617790112005068
3225,3.8552120867106
3226,4.131674257475367
3227,3.428974144027397
3228,4.37567755567731
3229,3.4008103405832917
3230,4.229625707061827
3231,1.4090756141449352
3232,1.7251784489023394
3233,1.3589291679054287
3234,3.653684660452657
3235,1.7815891014294991
3236,3.7150743283587966
3237,3.3292416768202324
3238,3.8427874278146392
3239,3.798010854121154
3240,4.557086154482875
3241,3.798010854121154
3242,3.4997318899255907
3243,3.8841634548224873
3244,2.6705356693927684
3245,4.204195867820096
3246,1.6567771362161514
3247,1.3643121386281476
3248,2.7532650873952775
3249,1.4089797490500229
3250,3.2573517438688797
3251,3.326074713262603
3252,3.690264206828088
3253,3.8183102366282946
3254,3.517945527777543
3255,4.231570677591537
3256,2.9712219404255533
3257,3.9339966899663743
3258,2.5240140629554086
3259,3.140791173275549
3260,0.4998293194403397
3261,1.768502360771945
3262,0.775768461697764
3263,0.6865263992272311
3264,3.210964157771272
3265,1.1608273219879712
3266,3.407333487336148
3267,4.082928731241685
3268,3.8093941564260043
3269,3.734271246780264
3270,1.5516489012937582
3271,3.4037719315360837
3272,1.1415613905099276
3273,3.5258638513200595
3274,1.9859769821115203
3275,3.588109212130312
3276,2.3161568125755867
3277,4.485759920791721
3278,3.147892015887559
3279,3.968969037357613
3280,3.66857058101957
3281,3.502946728895756
3282,3.98326476689988
3283,3.0829946413178684
3284,2.391394276211992
3285,2.424991673357228
3286,2.121977057516469
3287,1.2237850583954584
3288,1.0978474551851283
3289,4.003186601380354
3290,1.4613765146609374
3291,3.476596383849437
3292,1.7496364708875944
3293,4.1961252237270115
3294,2.4336317045054288
3295,3.254928067636423
3296,3.2451974584338834
3297,2.0308461100731976
3298,3.314242430332367
3299,0.9951100559681716
3300,2.987119663228043
3301,2.0157833166363734
3302,2.434520485549261
3303,3.185136105989005
3304,2.9065015186443133
3305,3.1945509481660324
3306,2.932599885965247
3307,3.277992342192725
3308,4.039981777722414
3309,4.310261209157259
3310,2.771150866972027
3311,3.941130828877505
3312,2.158599255880251
3313,3.3733166946236812
3314,1.7010067874040304
3315,3.349445387391171
3316,0.43682314399375344
3317,2.0532415002524407
3318,0.6811702522514551
3319,3.6288745389219486
3320,3.5722726761283137
3321,3.690264206828088
3322,3.223346636378257
3323,4.039269809577876
3324,2.79896271350024
3325,2.7307636320955484
3326,2.45391042743297
3327,0.5223280051275927
3328,0.6570028280071101
3329,2.8533277349947492
3330,2.578918167008432
3331,3.7188584009830232
3332,3.2451320636173793
3333,3.6170407712040875
3334,3.1240240827175727
3335,3.6951122129359564
3336,3.857615100501837
3337,3.8521908498872177
3338,4.1183843336052215
3339,4.311112011921261
3340,4.12239951554366
3341,4.424039506448392
3342,2.409597082385467
3343,2.9383230587736717
3344,3.5429221160055575
3345,1.353518844369815
3346,3.5429221160055575
3347,1.0523864820939255
3348,3.842960426912805
3349,1.7051369252425852
3350,3.2005496468587875
3351,1.9040736925796997
3352,0.590135136921319
3353,3.3486261363014673
3354,0.28857460886872466
3355,1.33769176917331
3356,1.521030972282681
3357,1.583361471987748
3358,3.5427661298050417
3359,3.809399291836827
3360,3.450164958588004
3361,3.7997954269658245
3362,3.219923774185547
3363,0.7555367712291271
3364,3.248327796721715
3365,3.1997027808301644
3366,3.338456118264327
3367,3.3110880267525604
3368,3.950636536620064
3369,3.423700578678836
3370,2.227819500836133
3371,4.166844689519409
3372,1.6613018284076013
3373,2.4198507103759073
3374,0.722232795842092
3375,1.179849449575304
3376,3.314294952030512
3377,0.41650156942037664
3378,3.55023916238248
3379,3.4017704916190272
3380,3.152575815205341
3381,2.8043879384164017
3382,2.597564429488438
3383,1.4060093842622812
3384,2.23042886925489
3385,0.5265221923847323
3386,2.255343086594894
3387,0.35840871384282413
3388,1.919676561025025
3389,2.7955428374880684
3390,1.158899684967758
3391,3.258441954318281
3392,1.2668408030551417
3393,3.7150743283587966
3394,2.1441722626613804
3395,4.3017085898486815
3396,2.3309069883402542
3397,2.8650408691808806
3398,1.9872207351258655
3399,0.6686604990922123
3400,0.20241188947110486
3401,0.41813451736708174
3402,2.664970193306168
3403,0.6529992587908814
3404,3.5986366448617093
3405,3.6500647877663
3406,3.1299705542702925
3407,3.6946900150451807
3408,3.4392351883918546
3409,3.3519294168292677
3410,3.6407899863347373
3411,3.6288745389219486
3412,3.796846836570618
3413,3.690264206828088
3414,3.0869390566132187
3415,2.750819821488088
3416,2.0997655342549364
3417,0.9418292393402895
3418,0.4082874366876012
3419,1.8520416267857063
3420,2.7895624683167215
3421,3.8954975930599307
3422,2.816410390154918
3423,3.65730196645554
3424,1.5618327006370485
3425,4.268315318460048
3426,1.0599389237083432
3427,4.381242812987179
3428,0.3460819807646523
3429,3.923025042018394
3430,1.6045591544514626
3431,2.8690992924471694
3432,3.513902374443935
3433,2.5707782521426203
3434,3.3734026596420876
3435,0.8050576569908643
3436,3.643986941833445
3437,2.9485646726182275
3438,2.1042978812939372
3439,3.806230683575845
3440,0.22009012340746958
3441,3.9080592421990277
3442,1.5787536807980622
3443,4.2754009991457345
3444,3.404813861730027
3445,3.652537916808287
3446,3.5744042469524153
3447,2.9044177441099825
3448,0.6134669399311896
3449,1.646490323393514
3450,0.2682903235358608
3451,1.1471966959949775
3452,1.4990817281701674
3453,3.2451974584338834
3454,3.101441281807458
3455,3.16096275795524
3456,3.3061249027634796
3457,2.637107044148173
3458,3.614352968436847
3459,2.0178160652935957
3460,3.7681979494928832
3461,0.9303773856486356
3462,4.281224452859285
3463,0.8058257364919161
3464,2.5871098936277526
3465,0.7842316722892667
3466,2.315438729401285
3467,1.775005564030038
3468,0.7143389894048426
3469,2.7754199061395495
3470,0.719661485782393
3471,4.1537214820213215
3472,3.457259903039757
3473,3.151103772832589
3474,3.457259903039757
3475,1.1559776364615901
3476,3.388300385031864
3477,0.2899944791085473
3478,2.860005516998458
3479,1.6849481296767248
3480,2.4046874015752495
3481,3.524234599938514
3482,1.3572776308023553
3483,3.5856242678446533
3484,0.5188826644674519
3485,3.7853093834631304
3486,2.725731496492144
3487,4.449840417410195
3488,3.2403989164771874
3489,3.8533147494488253
3490,3.7066476274765363
3491,1.9270301396488745
3492,1.7643481062918565
3493,1.4875608782887344
3494,0.7760351923683261
3495,0.4370355987269817
3496,0.20241188947110486
3497,0.8401296226356657
3498,0.1011153788826121
3499,1.8640308969273973
3500,3.5142159636295016
3501,3.328707703673594
3502,3.1440776497241054
3503,3.3201124627869323
3504,3.0996390581421323
3505,3.3815021306930717
3506,3.841063894106003
3507,3.483287611814984
3508,1.9896440110534306
3509,3.1629382279037537
3510,1.4730937130935615
3511,2.792216733491117
3512,0.4889094150421086
3513,1.29191574868339
3514,3.5255705193637508
3515,0.5755332559561545
3516,3.4418313817897195
3517,0.09024476304386485
3518,1.636970440169337
3519,0.49599305975321073
3520,1.1131663161067509
3521,1.4997709371784806
3522,0.5353331464150509
3523,3.454811283883157
3524,2.5802728719881722
3525,3.481532448099418
3526,3.4705700357514737
3527,3.77545776137087
3528,3.5423030412773984
3529,4.194888484842524
3530,4.311073870622065
3531,4.41081010530443
3532,4.1509082630718535
3533,2.838142631538537
3534,3.875761861689455
3535,2.603288803304058
3536,3.1914469754319468
3537,0.5600878008719662
3538,0.09267737733492873
3539,2.646853179011924
3540,-0.02081801714781491
3541,3.1847071940503033
3542,3.2840028858438006
3543,3.338456118264327
3544,3.2215640321528958
3545,3.7227253386316885
3546,3.63188114861779
3547,3.4927152419334377
3548,3.847124222425795
3549,2.4839869943267026
3550,2.6186403468093653
3551,1.195981495359717
3552,2.19868388399172
3553,0.9748547041701915
3554,1.7517087144146515
3555,0.792869377244012
3556,0.18957153039050734
3557,0.792869377244012
3558,0.11453233999067469
3559,1.7083250254580582
3560,0.3333306240317098
3561,2.573792504164076
3562,1.3100317355518614
3563,2.906158051045688
3564,3.1203740851735793
3565,3.1096113310744906
3566,4.0476020153930135
3567,3.412579059826205
3568,3.7597618543470768
3569,3.55023916238248
3570,3.108664049114363
3571,2.366134725350719
3572,2.2929429354104114
3573,1.924050905739185
3574,0.9000632962904093
3575,1.4708706249451744
3576,2.4966215001935748
3577,1.159758551014638
3578,2.9497157989840814
3579,1.3199357426850624
3580,3.354396793305881
3581,3.1376634143409006
3582,4.087796933254723
3583,3.676366184363256
3584,4.129333252875346
3585,3.9219498270170456
3586,3.827831390279831
3587,2.622887564654686
3588,1.4315235658441172
3589,0.7760351923683261
3590,0.602085424494684
3591,0.1011153788826121
3592,2.996393126353573
3593,0.227669193490723
3594,3.622997956085437
3595,3.4749990733827647
3596,3.2520975859595245
3597,3.0855319626883193
3598,1.8145224005397662
3599,3.2842012933237514
3600,2.615130211418104
3601,3.376989827581602
3602,3.0710867552756835
3603,3.4392351883918546
3604,3.369306064876526
3605,4.143199852661316
3606,4.105846436380791
3607,2.498689598309255
3608,3.7260486148956655
3609,0.9317941921817984
3610,1.7377184810006863
3611,0.25236885004554027
3612,1.5613123253067955
3613,2.9267938936657436
3614,3.2869348663762907
3615,3.2869348663762907
3616,3.3594116634722515
3617,4.094407438523058
3618,3.9862121162048796
3619,3.7741448025112607
3620,3.107791342473967
3621,2.0618747707298604
3622,0.17329981740079306
3623,0.17946291657142469
3624,0.6005493439931301
3625,2.614283001965069
3626,3.5635200026365403
3627,3.2196348738196017
3628,3.4190616623372154
3629,4.324186898408482
3630,3.05648498119295
3631,2.6186403468093653
3632,1.6573227117168685
3633,0.8986278037876086
3634,0.37070713311370895
3635,0.27520669744379717
3636,0.5749758033727927
3637,3.3509571227778454
3638,3.125445029911642
3639,3.0630061762207372
3640,3.2683598272732053
3641,4.159418812274879
3642,2.6609718459640397
3643,2.2151184639970416
3644,0.3272822422386157
3645,0.5223806166500159
3646,3.3977905260571895
3647,3.536281526704978
3648,3.728530575602458
3649,3.0695739113158256
3650,1.7510949677945884
3651,1.20776318091687
3652,1.3587224953766488
3653,1.889176368563828
3654,3.1244612013582373
3655,3.329144822314259
3656,4.082230423408182
3657,4.110208052724897
3658,1.0407416179349036
3659,1.2474518333794526
3660,1.5850786283617229
3661,2.3791460351483473
3662,3.0503491185763902
3663,2.2175458780090387
3664,2.4988717055035896
3665,3.4071423054524113
3666,3.4409336555716665
3667,3.917281649298989
3668,2.5710433503087717
3669,3.4886424679696018
3670,3.241753339098633
3671,3.503221049695859
3672,3.9530672452705393
3673,3.8478325106563824
3674,0.3822108121737715
3675,3.4995546176333137
3676,3.4149976527461305
3677,3.5423030412773984
3678,4.024039649450153
3679,2.0645511627282294
3680,1.03308805073569
3681,0.7266162381223908
3682,1.2375250409818295
3683,2.3867425640791136
3684,3.244254852972046
3685,3.465295074716622
3686,3.5266847426227614
3687,4.325141333777089
3688,0.3427572109535353
3689,3.1504932404826764
3690,2.3078632185027863
3691,3.2025620951993568
3692,3.3257277362260473
3693,3.5077639788771533
3694,3.6545670075093866
3695,3.9426399465186397
3696,1.728599173803715
3697,1.15717171457214
3698,0.7180779693642293
3699,0.6109462411444496
3700,1.2731927096108937
3701,1.5862031906373977
3702,3.149043142253413
3703,3.6426512193705185
3704,1.1126935199344707
3705,0.2808568363390786
3706,1.0119675802258443
3707,1.7789669025341586
3708,2.6717755042693265
3709,3.4811167642543293
3710,4.00288393240323
3711,2.6552258488547444
3712,2.1696307967987605
3713,0.10144164191667539
3714,0.4411479159577114
3715,3.2697560859111157
3716,3.307060704066273
3717,3.369306064876526
3718,4.047178353929824
3719,4.319281877135551
3720,3.048993584155286
3721,1.0139037588946938
3722,3.205387227955179
3723,3.50589239172386
3724,3.436445824347626
3725,3.436445824347626
3726,4.132074157779523
3727,2.766456378234557
3728,2.0794453653985463
3729,1.5801413149224122
3730,1.703429932066548
3731,3.616614905443975
3732,4.120127368918705
3733,3.376560841607557
3734,2.739044782498191
3735,2.529694368404002
3736,1.8601454399589386
3737,2.600979149016898
3738,3.446276308302281
3739,3.627341784715486
3740,3.627341784715486
3741,3.8183102366282946
3742,3.956707797536698
3743,3.527493560194798
3744,2.5726878727036087
3745,3.131169908189632
3746,3.3271945206846274
3747,3.5258638513200595
3748,3.736488120282935
3749,4.226847353689752
3750,4.388404844446315
3751,1.1336689702159852
3752,0.9472332656870327
3753,0.8887197075429164
3754,3.10488225984871
3755,2.973863509511964
3756,3.476596383849437
3757,4.440128521928955
3758,4.082493640145068
3759,3.8222294043910425
3760,3.364610995135729
3761,3.1081440576309274
3762,2.450141089670287
3763,1.1479902181638875
3764,0.9951100559681716
3765,3.01101689377311
3766,3.7669334001824226
3767,3.4952303092966335
3768,1.194823018015787
3769,0.8963757052557637
3770,4.213006468979873
3771,3.8282395557862365
3772,3.3790234133133215
3773,3.583707034269343
3774,3.690264206828088
3775,4.537708812243472
3776,0.8782453361732364
3777,3.7153033333792447
3778,3.3410349599844076
3779,3.537404289549283
3780,4.300141767529364
3781,3.9729742696514934
3782,3.539524592550955
3783,2.676520287399597
3784,0.9665038620805384
3785,2.7893353479669716
3786,3.2488717653096493
3787,3.3839076401234833
3788,3.580276969688359
3789,3.7969188201441133
3790,4.219180710405169
3791,3.9557132228128062
3792,3.6249863727212137
3793,3.104098712614522
3794,2.314084716880826
3795,1.831949599081746
3796,1.4456328872606936
3797,2.99662857189754
3798,3.3058270478956677
3799,3.4952068157000182
3800,3.919584083228826
3801,4.194446963283665
3802,3.4435977240031974
3803,3.1434525122938224
3804,0.4539568948385069
3805,3.037751293268778
3806,3.9262013972284495
3807,3.55578324760695
3808,3.1124186961171283
3809,3.3614552178685835
3810,3.617736323736352
3811,3.796550857008903
3812,3.29292489615646
3813,0.32006612301454657
3814,2.9073335228675763
3815,3.8983557517496488
3816,3.2796785718350514
3817,3.203101160983595
3818,3.5003893432943674
3819,3.662707515679403
3820,3.8498278855767007
3821,3.2140347729465253
3822,2.4593356523491314
3823,1.9160996700658448
3824,0.26423344012238803
3825,0.7211686384440071
3826,3.739829967978448
3827,3.702011580531063
3828,3.353019627278669
3829,3.454811283883157
3830,4.372279951012499
3831,3.952844143923796
3832,2.0366255970103797
3833,1.5579052699841989
3834,0.28489318900925886
3835,3.4537210734337553
3836,3.8427874278146392
3837,4.3017085898486815
3838,4.557086154482875
3839,4.390493588864451
3840,3.9710577817757478
3841,1.5608452873187704
3842,0.6432456553617676
3843,3.0872660362503006
3844,3.650358699171824
3845,3.2503066746659868
3846,3.579230524723671
3847,3.65730196645554
3848,4.199887113087316
3849,3.4832325952080625
3850,3.063085016515275
3851,0.9243419935437344
3852,0.8749412915003696
3853,1.4673041254573085
3854,1.6119299670892024
3855,3.3442613454524346
3856,3.806230683575845
3857,4.2280916551966365
3858,3.376560841607557
3859,2.9002736672295235
3860,1.4414698103215713
3861,1.324825146017328
3862,2.757244425325648
3863,3.066442901323776
3864,3.2558226691281265
3865,3.1009373113368186
3866,3.5414243484022694
3867,3.5742201543704746
3868,3.397397976373924
3869,1.6204754175015936
3870,1.056145141544349
3871,2.975017603198031
3872,3.956610202409272
3873,3.568393544693413
3874,2.9740892367749816
3875,2.969413866202385
3876,2.969413866202385
3877,3.524460786411461
3878,4.267522746653404
3879,3.807368465930624
3880,0.32425409418602696
3881,2.7567547396948284
3882,3.6152136402169965
3883,3.2172806623426045
3884,3.161319052203262
3885,3.359988382838694
3886,3.5856242678446533
3887,4.219028075312011
3888,4.249973192348473
3889,0.4805750580740561
3890,3.511917001930936
3891,3.174939917851108
3892,3.3815021306930717
3893,3.847253114161262
3894,2.020466134113711
3895,0.3250072742310238
3896,2.423910289303976
3897,3.3108979011728814
3898,2.6652428411904063
3899,3.353019627278669
3900,3.258441954318281
3901,4.254202793757262
3902,2.0967892630026745
3903,1.521343568192441
3904,0.30395043922874504
3905,3.3893908150063248
3906,3.305786385846771
3907,3.7348869228540145
3908,2.870395821226179
3909,1.4840513178763268
3910,2.089713365455941
3911,3.3985315506299836
3912,3.443651354877644
3913,2.854684900923591
3914,1.2800310019890209
3915,1.644893136575564
3916,2.0483482692678043
3917,2.5202867561446047
3918,2.9934032672438358
3919,3.1376634143409006
3920,3.9117386258557043
3921,3.47615817471887
3922,3.0730179485014664
3923,2.254560831264991
3924,1.2265427061623817
3925,-0.10575500564688387
3926,1.2335048837416647
3927,4.091658781179166
3928,4.363762304384893
3929,1.3812408387020154
3930,0.26510437837159
3931,0.5829093035679639
3932,3.9126764426488316
3933,3.564874651091526
3934,2.6520036122603954
3935,3.2509765790432663
3936,3.8403948387987086
3937,2.597435391054153
3938,3.168719038686066
3939,3.481307023147468
3940,3.481307023147468
3941,4.063417665305097
3942,4.121516554721871
3943,3.775163538631172
3944,2.485532116084886
3945,3.513014579046276
3946,3.5744042469524153
3947,3.7213735227880287
3948,4.140804246259681
3949,4.409372766997634
3950,3.8130657961841807
3951,3.1106691595610045
3952,1.7681432944199724
3953,1.183229558911212
3954,2.529519710839678
3955,3.413122731167954
3956,3.1366578619427017
3957,3.614352968436847
3958,4.187628672964537
3959,3.982615282482323
3960,0.9085232002252737
3961,0.725167947354195
3962,1.5160708954444488
3963,2.391287087082389
3964,2.921007921329435
3965,3.366308105299226
3966,3.8016884489729628
3967,3.7395740427902053
3968,2.2315726892413763
3969,1.7561995538450403
3970,0.7642070258392126
3971,0.5947383558521353
3972,0.92896462168618
3973,3.5156791755637276
3974,3.7066476274765363
3975,3.815405587943982
3976,4.050778029436433
3977,4.060989230597774
3978,3.594550278316555
3979,3.1914100520991515
3980,2.639330208776117
3981,1.1210386693579997
3982,0.18810202594051453
3983,0.547516935796372
3984,1.551294813221641
3985,3.2983083887775644
3986,3.378688294761414
3987,3.4409336555716665
3988,3.5262533754370162
3989,4.221041829042439
3990,4.1162102954884
3991,3.1250773078563787
3992,0.8745339164708517
3993,0.3060399146371653
3994,0.1628568563211543
3995,0.15384210611994958
3996,1.4926872924673784
3997,2.520243493558098
3998,3.1349351067620126
3999,3.0430840084632007
4000,3.503221049695859
4001,3.5439410244570313
4002,4.228727200010205
4003,4.194185526747082
4004,3.1523175048746177
4005,2.6040840470380124
4006,2.254381102291777
4007,0.22006494866972756
4008,0.16591697643064074
4009,1.5391110238403207
4010,3.2720828553845673
4011,3.2096440016936625
4012,3.480913373371259
4013,3.664449446960952
4014,1.4814312647668382
4015,-0.03072993329931543
4016,0.23374716355656022
4017,2.598599792989571
4018,3.426917683205364
4019,3.5266847426227614
4020,4.024916156501417
4021,4.122270623808194
4022,3.1633271063184742
4023,0.8695662160965907
4024,2.3320334458428396
4025,3.4296925371452844
4026,3.5077639788771533
4027,4.192186166457866
4028,2.633103183185309
4029,0.6815828225463698
4030,1.9593086637567767
4031,3.5049911168142436
4032,3.6426512193705185
4033,3.807254958819504
4034,3.458492161804032
4035,2.8873759646816564
4036,2.345174982566823
4037,1.9403483454392076
4038,0.8200156697607384
4039,0.3567125277237619
4040,0.6909387935578063
4041,1.2780161754822716
4042,3.18644292425437
4043,3.672085216167138
4044,3.672085216167138
4045,3.7675114909107763
4046,4.013095133564569
4047,1.1712129636059083
4048,0.43114554873446725
4049,0.00014513132818254944
4050,0.08757002669979744
4051,1.472358461895091
4052,3.5188988664822602
4053,2.773449600500061
4054,3.19838626490766
4055,3.5186087011448013
4056,2.19444024883896
4057,1.1630155875939054
4058,1.4709952463424556
4059,3.7144926956697493
4060,3.757636083396904
4061,3.6922516277301427
4062,3.6922516277301427
4063,3.784940498911731
4064,4.166354570459015
4065,4.218658050544622
4066,3.505988219851676
4067,2.1781274659149243
4068,2.5340493642906523
4069,3.1114750052609352
4070,3.7425256017221433
4071,3.8252152093898646
4072,4.049754545794201
4073,4.286717648875723
4074,2.685791708890528
4075,1.8594919426056062
4076,1.563338738441425
4077,1.785975059225598
4078,3.7434207498739864
4079,3.8831475880980024
4080,4.1884133466861995
4081,4.334138795846452
4082,3.2419069408344607
4083,2.677865751971993
4084,2.263335242538162
4085,1.8788545889317778
4086,3.8062888969939466
4087,3.7668405835490555
4088,3.829085944359308
4089,4.300593629856441
4090,4.559506196958409
4091,4.042715313524303
4092,3.175334903987841
4093,1.0870943753584008
4094,4.018377432736677
4095,3.728340075522481
4096,3.915311480808688
4097,3.972475537773781
4098,1.3352730083603244
4099,1.1349711656395391
4100,4.593839310273449
4101,3.4920251710021315
4102,3.663016623419562
4103,3.7244062913257014
4104,3.5608451209836662
4105,4.078566880483848
4106,3.474432462182593
4107,3.4505611549500825
4108,2.8092061974084266
4109,2.3110020631498918
4110,4.5731898327071665
4111,3.835450725942387
4112,3.884680342304465
4113,3.9460700102106046
4114,4.041924678620985
4115,2.8359415113639326
4116,1.706706509294402
4117,1.2032624810958539
4118,0.7372893899444869
4119,1.0855005564081832
4120,2.1837722491076157
4121,3.8585493935055246
4122,3.758380996595791
4123,3.7932100929318
4124,3.8687844628771315
4125,3.9468559046090004
4126,3.9468559046090004
4127,4.083896399036723
4128,4.39769590468636
4129,4.386725660294463
4130,4.059558162416595
4131,3.043500938042056
4132,2.781698166667981
4133,1.3261567176454252
4134,2.0502786748273936
4135,3.801253676734867
4136,4.0486625118171595
4137,4.0486625118171595
4138,4.0382350038684365
4139,3.449741903860379
4140,3.2849185735722566
4141,1.6945877515311925
4142,1.50228875994365
4143,1.7137951557782014
4144,1.9162375958555384
4145,2.273110918046429
4146,3.124810054069304
4147,1.2198548915537937
4148,3.7191109727975786
4149,3.833656402927701
4150,4.06114298350987
4151,4.259950350353764
4152,4.06114298350987
4153,3.534152023295781
4154,4.292952969829108
4155,1.6259768978880609
4156,3.8823172080214525
4157,3.868358597117019
4158,3.244568279852734
4159,3.912094443237923
4160,0.5916333947385458
4161,3.481738720875941
4162,3.423522698310159
4163,2.9396519339420863
4164,3.6433213802796725
4165,1.7171663056671356
4166,3.8702971331755913
4167,1.8668161186982357
4168,0.5108466939040559
4169,3.028057468050951
4170,4.298030803868204
4171,4.07411604001081
4172,3.6000987927755306
4173,4.016518471022002
4174,3.637227890182096
4175,1.056600960365918
4176,4.214196038530994
4177,0.9162996223348024
4178,2.909565817684786
4179,1.3494507170220664
4180,1.5235824775253486
4181,2.27275904066833
4182,0.45501401101189776
4183,4.432345135524931
4184,2.0580545727701276
4185,3.7297114861424903
4186,3.7106170872656734
4187,3.829085944359308
4188,4.388292482613781
4189,3.9553560528340266
4190,4.454801732068126
4191,4.462151120613004
4192,1.7156687401071131
4193,2.5173319360272006
4194,0.608915088256591
4195,1.3209517604124221
4196,2.0533155007015775
4197,3.428253869717128
4198,4.246256454711897
4199,4.367659845240416
4200,3.769275453440651
4201,3.614540022261194
4202,3.884680342304465
4203,3.442356775764785
4204,3.9460700102106046
4205,3.4794858731713503
4206,4.47707748162955
4207,3.6669504076163415
4208,4.05764167454085
4209,3.728340075522481
4210,3.0763998196939375
4211,4.278647004782639
4212,1.7186087574416846
4213,4.522650302984582
4214,3.48380440073573
4215,4.232739773527806
4216,4.352861837560383
4217,3.533451115021751
4218,3.6283101943826557
4219,3.4237681875224455
4220,3.830974216396715
4221,3.2769841775169497
4222,3.909045658128584
4223,2.36140221990366
4224,4.041099705575511
4225,4.395102522646144
4226,4.354899211225147
4227,3.716660859386699
4228,3.5884104744764467
4229,3.5268542673381402
4230,1.0991664444965255
4231,3.7244062913257014
4232,1.8761081156597588
4233,3.904664522588961
4234,3.600067148834951
4235,4.4426043151982
4236,4.062036486958363
4237,4.073473934918448
4238,4.139764791348532
4239,1.0954705675364191
4240,4.361984891910834
4241,1.087156276145273
4242,4.069848659664982
4243,1.4330490825550575
4244,1.9993444904325015
4245,3.5621711585032068
4246,1.7029744201560495
4247,3.7923073382152324
4248,1.780458244396587
4249,3.9460700102106046
4250,3.479726826225687
4251,4.624292705008571
4252,3.623946129457897
4253,4.545289509431676
4254,3.656741935426102
4255,3.2621317251971997
4256,3.2434845390108675
4257,3.6447024718193393
4258,2.742284923416557
4259,1.7186386371258244
4260,1.1026267568137758
4261,2.2369498164474884
4262,0.9623254187826595
4263,2.711536501673778
4264,1.2973134087468357
4265,3.2164136670010244
4266,3.2331462129483226
4267,3.6662178019210327
4268,3.265599939782291
4269,3.9110024092608824
4270,4.113728053889102
4271,3.2407356640900074
4272,4.341269022820092
4273,2.6886459389740325
4274,3.8851768538067852
4275,3.7469505073730622
4276,0.480775049998057
4277,3.8701745315970624
4278,0.9442228473472369
4279,4.147227520668856
4280,2.081486494162151
4281,4.2769687443392925
4282,3.153293104180258
4283,3.526119505058825
4284,3.84143007122717
4285,2.018961514669433
4286,4.336557085113572
4287,0.9316224003643965
4288,3.328524515646641
4289,0.6262062660036465
4290,2.079065368425926
4291,0.49350679538040443
4292,2.1990168129324057
4293,2.1383483084580694
4294,3.635116239648261
4295,4.0965827278296185
4296,4.236380368806389
4297,3.5520647589815564
4298,0.8463694702105359
4299,3.606494061807052
4300,1.8963093016639094
4301,3.6687394226173047
4302,3.2168092808571167
4303,4.221151994966413
4304,3.6757879909296647
4305,3.3852651588264324
4306,3.7946658076786015
4307,2.9301871007549285
4308,4.003101198810904
4309,0.8015324857201617
4310,3.929544319677905
4311,2.244829690885225
4312,3.3057275261271717
4313,3.240209646735367
4314,1.865532338031194
4315,3.7521330349674114
4316,2.991354544760438
4317,3.8135227028735508
4318,3.6411345066793688
4319,3.890350953119434
4320,3.612276865950943
4321,2.0721970105523684
4322,3.817408703909642
4323,0.7647244437993113
4324,1.4174072061002696
4325,3.192081201973498
4326,2.464004436542501
4327,4.253578020197779
4328,3.801982854055524
4329,3.7703656638900527
4330,3.380219252645372
4331,3.6757879909296647
4332,2.3687174351102724
4333,3.905428352125701
4334,2.0071301302436555
4335,3.9668180200318406
4336,2.0075698076373016
4337,4.074492976964147
4338,2.5574561875632913
4339,4.035365924979426
4340,3.155539729557094
4341,3.6008476574845023
4342,0.8863874205281593
4343,2.970218748449265
4344,0.37968266269041623
4345,2.7757135486611526
4346,0.4425442833093316
4347,2.1927229374969057
4348,1.5707358180002986
4349,0.9394967133465936
4350,3.488048928146182
4351,0.47567375989876837
4352,3.617966559810598
4353,3.674697780480263
4354,3.6802119206208506
4355,3.709526876816272
4356,4.2210082405374765
4357,4.074492976964147
4358,3.874655224446779
4359,4.388292482613781
4360,1.0379273113734075
4361,0.8582070401786619
4362,0.8348445302144984
4363,4.201925138838542
4364,3.316989151021665
4365,3.7087543452690155
4366,4.367296448201496
4367,4.286471005852415
4368,4.113696851810455
4369,4.009608934783495
4370,3.0861252589750108
4371,2.9742771717155536
4372,3.467232356456913
4373,1.7730746120343106
4374,3.5031906437899374
4375,1.1154842577009723
4376,3.5870551009122824
4377,2.0084683315746283
4378,4.072796008969979
4379,2.38251534659695
4380,2.702613270322537
4381,3.9243763844020867
4382,2.1670526499982445
4383,3.7391218095733874
4384,1.9236408841871109
4385,3.481738720875941
4386,3.9937075693503616
4387,1.375474036478559
4388,3.674020432713158
4389,1.6577012698851186
4390,4.129653153250748
4391,2.8469156294073397
4392,3.8576853196867997
4393,3.170528350227559
4394,1.1200535145281612
4395,3.5075663608011705
4396,0.4659872683333069
4397,3.3526810030098626
4398,3.830210050334932
4399,3.4969411501069274
4400,3.9490169602280596
4401,2.539698364817645
4402,0.47098608263573377
4403,1.7281631764789067
4404,3.591043420836258
4405,4.36123594804343
4406,2.688225661186664
4407,4.067221485493838
4408,1.903130196571642
4409,3.270275310354888
4410,1.23110033729611
4411,3.2287859595451534
4412,1.6915986192444394
4413,3.743328718962553
4414,2.285714733049255
4415,3.247506147212034
4416,2.88202764673408
4417,2.867553241351472
4418,3.709003594712801
4419,2.255001630259696
4420,4.1647522044638094
4421,0.6750253954083325
4422,3.822095823845833
4423,4.072577884717449
4424,3.4708221660874914
4425,4.12383911579503
4426,2.5098652808436337
4427,3.695452578969007
4428,1.5150411009252693
4429,3.5786650888146454
4430,1.0257116356736906
4431,3.6157941862212106
4432,1.5803279572472433
4433,3.84143007122717
4434,2.8062243541824
4435,4.012952820903165
4436,4.043049025384012
4437,4.5323621984658224
4438,4.13329981049206
4439,2.900078481059152
4440,0.8863874205281593
4441,1.6024695023692825
4442,1.937066218263022
4443,0.6088654073239963
4444,3.9188417092636616
4445,1.0527596942006514
4446,3.9910279254656786
4447,2.9532092380949915
4448,4.294788105209127
4449,3.558445296214151
4450,3.221479682235824
4451,2.897394612759501
4452,0.34462267700945926
4453,2.5147749616538513
4454,4.077136959030466
4455,1.449679218806304
4456,3.4975591424811494
4457,0.5157878451205333
4458,4.311248981065832
4459,0.7590456548489927
4460,4.280769419512181
4461,2.8204486537894056
4462,3.9344164034214826
4463,3.7682621456733307
4464,2.3554968698506884
4465,3.7703656638900527
4466,1.2280749401872988
4467,3.7106170872656734
4468,0.7983857415108327
4469,3.7946658076786015
4470,1.93564938832575
4471,2.708466682572442
4472,3.626990038305046
4473,2.2528866034892006
4474,3.8961549961104556
4475,0.8726096261587648
4476,4.110623542215249
4477,0.5140255347989424
4478,4.237492155836953
4479,0.7941485103908176
4480,3.296624854700331
4481,3.674309333079103
4482,2.1697290419966135
4483,3.5979911189522142
4484,0.1600506375901943
4485,3.6304463643399756
4486,1.6340634054672583
4487,3.0267209301360007
4488,2.783280928564543
4489,2.6403121032365244
4490,3.782490546005278
4491,2.3841446097459547
4492,3.8635866977672935
4493,1.8685463985355657
4494,4.208854516573293
4495,1.2974318412410282
4496,3.2685049855868584
4497,1.0543739870784894
4498,2.3038617632601044
4499,1.0211467177275926
4500,1.090991926837143
4501,1.8805896823617554
4502,0.3922672894903802
4503,3.319441975947599
4504,0.32949372480756906
4505,3.566038643703556
4506,2.728571810328269
4507,3.481053331685611
4508,2.8594296581694962
4509,2.449213949855191
4510,3.581533539608564
4511,1.6742608336088223
4512,3.76356978225967
4513,1.2880087614787008
4514,3.76356978225967
4515,1.499515157313252
4516,4.134185908158113
4517,1.6390174724207118
4518,0.8927894029330888
4519,2.426144279910318
4520,3.367061835595465
4521,3.3894071060139446
4522,3.5663891788647963
4523,4.0044716080726745
4524,3.6102025966883975
4525,3.5586799557744975
4526,2.9925538439500405
4527,2.7240033322135977
4528,2.0455262247075905
4529,1.3785779349394356
4530,1.587620906330643
4531,3.050741598347549
4532,1.2704569900573848
4533,4.045233929918111
4534,1.3571093298106565
4535,3.5251780255527474
4536,3.7328604559273733
4537,0.45322048007858007
4538,3.923828907840182
4539,3.0489961615684456
4540,4.095616914620195
4541,3.5031906437899374
4542,3.3386814787246246
4543,4.176929219578685
4544,2.7604037281231286
4545,3.860728695276361
4546,0.29097804085300794
4547,1.7179300411235743
4548,0.17157490851846718
4549,0.5839766958683632
4550,3.9654961515386606
4551,0.3614159191077834
4552,3.477665832443019
4553,0.36757901827841505
4554,3.548037436295269
4555,0.797275229288754
4556,3.1768550307418324
4557,3.633567189806398
4558,3.6958125506166506
4559,3.6958125506166506
4560,3.8553440861635004
4561,4.204038335777498
4562,0.41087069429697937
4563,1.9752920452834912
4564,3.9025235624445567
4565,3.4803522128321207
4566,3.524165630655722
4567,3.7688203824287925
4568,4.491894548053261
4569,3.8955875772398083
4570,3.211784927119916
4571,1.9242406349064982
4572,1.340993029034126
4573,0.8959414291686354
4574,1.8956200926555964
4575,3.835430524534264
4576,3.9449649248112904
4577,3.9958413869329146
4578,4.363746233914912
4579,4.065137063537952
4580,3.8110523566580854
4581,2.4165544969601966
4582,0.9758435992393203
4583,0.9534452878377757
4584,1.912609259929877
4585,4.029331886412995
4586,4.1927298337805246
4587,2.9611212845573696
4588,0.8230156963357164
4589,1.9179547522295135
4590,3.4676951551877737
4591,3.496204719859704
4592,3.9583913191495803
4593,4.143511011653401
4594,1.86952598556024
4595,1.2771360098445255
4596,0.37968266269041623
4597,0.2602795303558753
4598,0.799802571448106
4599,3.5392851210065603
4600,3.918872281982164
4601,1.6204155486911485
4602,0.9833315048449802
4603,3.946006712470051
4604,3.771584461897062
4605,3.257495384143002
4606,1.789005668946391
4607,0.4081810503767179
4608,0.3566975473201503
4609,2.9768112364736017
4610,4.02213647541819
4611,3.670803456128647
4612,3.7367191767537755
4613,3.798108844659915
4614,3.798108844659915
4615,1.189185391222216
4616,0.1699625537416946
4617,0.49679975865234194
4618,3.7016190974724954
4619,3.6389100687642792
4620,3.6827234865878804
4621,3.7211008780991386
4622,3.782490546005278
4623,3.9337081151908952
4624,2.7238182260777495
4625,1.9078060549011773
4626,0.6252317001909811
4627,0.6205640330548764
4628,1.7188357257543116
4629,3.5377201217849628
4630,4.029223839283742
4631,3.846345747112177
4632,1.3785974253126922
4633,1.2226404333612455
4634,1.982741555122826
4635,2.3558470282422044
4636,3.76079692019676
4637,3.898457022753035
4638,3.898457022753035
4639,4.1743808260198225
4640,3.914415283044931
4641,3.545076054569132
4642,2.4503528618352073
4643,0.8635900343291614
4644,1.023814917425597
4645,1.6231579250670838
4646,2.218310847285231
4647,3.08912154088071
4648,3.709581848850537
4649,2.2748086760671447
4650,0.5414977768943
4651,0.25899980389008215
4652,0.7056991773264665
4653,1.8703954926534931
4654,3.0009016164594855
4655,3.610282797105522
4656,4.215113896464053
4657,2.2732195591526847
4658,3.537211737090325
4659,4.4440208396264005
4660,4.2452840519990955
4661,3.6562933403971183
4662,3.9417959794757
4663,3.5121833486768392
4664,2.871634257502941
4665,2.3008710761390985
4666,1.9329954819613997
4667,1.6373529546285166
4668,1.57711008907643
4669,2.0363060559343356
4670,4.049754545794201
4671,4.1118068922625195
4672,4.334026992824821
4673,4.206711261683804
4674,3.825678984783261
4675,2.844222661766575
4676,1.3155984564242855
4677,1.6372570895336043
4678,2.1930215638267274
4679,3.8636223449136646
4680,3.8831475880980024
4681,4.07411604001081
4682,4.318154570356636
4683,3.6100153412504254
4684,2.867520407952758
4685,0.845690550700494
4686,3.439484678481233
4687,4.177889846229776
4688,3.7668405835490555
4689,3.5952869915657284
4690,3.359816429131928
4691,2.054656915121581
4692,1.0259163480317652
4693,1.433253723090579
4694,2.299844845702728
4695,2.6189812095563094
4696,2.161161982735761
4697,1.1349711656395391
4698,1.4836811723418883
4699,3.5629454886356298
4700,3.6461674018408585
4701,2.2110049703753547
4702,1.4656592322701678
4703,4.282625114679798
4704,3.8827590744161493
4705,4.355724184270619
4706,4.125853702342975
4707,3.691335434848053
4708,3.1248327138498277
4709,2.653770892131258
4710,0.8907349862155559
4711,4.188488271200497
4712,4.279135398762983
4713,4.510623399213491
4714,3.2115897429608085
4715,1.9467197750365275
4716,1.2118003429605284
4717,1.1969504089685616
4718,3.8360827730708755
4719,4.126791734847592
4720,4.301702491460796
4721,4.349011835409894
4722,3.7075081537768413
4723,2.4182642566030785
4724,2.1312198357200716
4725,1.5762071110358293
4726,3.4099124967994507
4727,2.680535698502124
4728,2.3938068123542657
4729,1.0078224068808597
4730,4.372798682284851
4731,3.514935661574991
4732,3.6687394226173047
4733,3.840666367996916
4734,4.513379747712046
4735,4.240590965686097
4736,2.575853213663518
4737,2.312609490525884
4738,1.2886470379494324
4739,0.6072821403098861
4740,1.0077620574694575
4741,4.272333509609088
4742,3.676676203626987
4743,3.8135227028735508
4744,4.458199336732937
4745,4.312147488117454
4746,3.9323496666323283
4747,3.315150540505437
4748,2.5645135316175156
4749,0.5491892847323335
4750,0.9205589929221499
4751,4.1971942124789
4752,3.9668180200318406
4753,4.643670047247975
4754,0.9160518538866632
4755,3.149803451880707
4756,4.107429032266754
4757,3.9460700102106046
4758,4.643670047247975
4759,3.6231234070459273
4760,2.8559977007564723
4761,2.6801114034419347
4762,1.266846384262907
4763,0.7025250785402127
4764,1.0507362450039086
4765,2.2485799912711326
4766,3.6631392907186644
4767,3.909045658128584
4768,4.4678267057522785
4769,3.168262895783659
4770,2.7268755926291464
4771,1.506681183265937
4772,1.1981122290952337
4773,2.8068973722272776
4774,3.365910709229611
4775,3.5652380524989424
4776,4.062036486958363
4777,4.314675547961736
4778,3.0965107476131744
4779,3.1006548244936334
4780,2.587631356595643
4781,2.3434027682570213
4782,1.3160283763561296
4783,2.0687182006232403
4784,3.4969411501069274
4785,3.541885867772398
4786,3.4799197574295517
4787,3.0882354307869546
4788,2.12299394456198
4789,0.9407313545800102
4790,2.1385296756725465
4791,3.3385417148405425
4792,3.4053294594447316
4793,3.265599939782291
4794,4.231529869897482
4795,1.8483286230016172
4796,1.3284374654533566
4797,0.5150346650755366
4798,3.7800404033210304
4799,4.301549856367638
4800,3.9398986422139255
4801,2.5550261949918815
4802,0.8925406102391701
4803,0.6686911597810462
4804,3.9273097070091407
4805,3.7547269638618457
4806,3.54309877052308
4807,3.5862421582502346
4808,3.6198349641202903
4809,3.6198349641202903
4810,3.716721812158611
4811,3.9553096606545877
4812,4.216078893757975
4813,3.961233967423991
4814,3.2955130676697664
4815,2.1765634746002367
4816,0.2810253339333746
4817,3.733276139772462
4818,4.277410265898151
4819,4.493331886360057
4820,4.340786686522361
4821,2.943320510806921
4822,1.6791070383153552
4823,0.5066461983286177
4824,3.9283691295452026
4825,3.9299701534944256
4826,3.522148544408331
4827,3.612276865950943
4828,3.5334298232868018
4829,4.033158317675693
4830,3.8604564610382255
4831,1.0040759576307314
4832,2.0826160965446148
4833,3.042285770416897
4834,3.5228952559764015
4835,3.664322751499249
4836,3.801982854055524
4837,3.5261731359332718
4838,2.9743794802756893
4839,2.717259008840536
4840,2.338422311099366
4841,1.4524637671634406
4842,1.298964046838161
4843,1.9639748663112115
4844,2.708702998982768
4845,2.7365425335582514
4846,3.2451469589168798
4847,3.3894071060139446
4848,3.904009621803287
4849,3.9942604069113345
4850,2.355676598823903
4851,2.0883365026847756
4852,0.2602795303558753
4853,0.024451499259981958
4854,4.015798553605428
4855,3.5735891537198006
4856,3.6802119206208506
4857,3.859657918885829
4858,4.165405057345854
4859,4.437508580551581
4860,3.1833414309926638
4861,2.5910298609792277
4862,2.192105796924909
4863,1.5245005625901304
4864,0.646182151791312
4865,0.4404849517525307
4866,1.9356033963933554
4867,3.227656651616417
4868,3.922916619854336
4869,3.2129692217423513
4870,1.1748475477888911
4871,2.9587843677135828
4872,3.9491230023766994
4873,3.582002963587977
4874,3.6251463513151316
4875,4.390422386354134
4876,3.157600748751862
4877,2.7238182260777495
4878,2.2094757605623214
4879,1.8134200522033943
4880,0.6112663173999396
4881,0.8380283984685747
4882,2.8820704805703152
4883,3.862178106230476
4884,3.6036169465380445
4885,3.830210050334932
4886,4.223326027315308
4887,4.241940593330506
4888,2.766149725232424
4889,2.3202963432654258
4890,0.5299780013384883
4891,0.7973483999561611
4892,2.9260580753251073
4893,3.514725206709369
4894,3.5578685944365236
4895,3.788025218378022
4896,3.866096660109891
4897,3.866096660109891
4898,4.270150454020164
4899,3.170689678874737
4900,1.4291888916574222
4901,0.9378424069533943
4902,3.334291846231346
4903,3.5377451262601483
4904,3.580888513987303
4905,3.61805179697227
4906,3.709003594712801
4907,2.3367505685097605
4908,1.9122968943315661
4909,1.3633187550057404
4910,0.7370635856384533
4911,1.2618407455539706
4912,3.1430775331035274
4913,3.7674228672367716
4914,3.9583913191495803
4915,3.6770720593721826
4916,3.273931833154779
4917,2.7404459763350286
4918,2.322723757277423
4919,0.3472661774137777
4920,2.8623958171461013
4921,3.9059702462528336
4922,3.5876962491736135
4923,3.502156023599995
4924,3.61966502699041
4925,3.6819103878006625
4926,3.6819103878006625
4927,3.745121307988108
4928,4.19401868336456
4929,2.667445724688217
4930,2.0860463854328755
4931,0.5465990989233956
4932,0.35363742721066393
4933,0.7519620101378902
4934,1.8892256569528072
4935,2.9167818580435276
4936,3.5933827773650413
4937,3.460430045074584
4938,3.6935750734627635
4939,3.754964741368903
4940,3.754964741368903
4941,4.035589026326168
4942,2.705199814596924
4943,0.6201055272774825
4944,3.956918862133763
4945,3.75025477201097
4946,4.397657763387164
4947,3.9623457544545553
4948,1.5866091440352226
4949,0.9480419488629432
4950,0.33323656162115944
4951,3.1501662326562814
4952,3.762174802470203
4953,4.111500049266515
4954,4.411725226542188
4955,3.607857484983125
4956,3.680734011825759
4957,3.685498340527801
4958,3.88627255665889
4959,4.278770059222965
4960,3.213841928382747
4961,2.738281062453693
4962,2.3981208146787956
4963,1.8846965142902408
4964,0.9795825791987066
4965,0.9098601630299508
4966,1.6697310740963227
4967,2.9873620598452657
4968,4.038960507969009
4969,4.215917145640446
4970,1.142592806831575
4971,0.5849898682073431
4972,0.4990377575100797
4973,3.4137391629649563
4974,3.4422487276368865
4975,3.923828907840182
4976,3.995154928350808
4977,4.085405713458854
4978,1.9197002798081488
4979,1.3273103040924341
4980,3.314249080722723
4981,3.6460669760666407
4982,3.514794929849584
4983,3.610282797105522
4984,3.737476633695893
4985,4.120924630096512
4986,4.3930281533022395
4987,3.8353160749789272
4988,2.3419898528598426
4989,1.8852680850215688
4990,3.24051848318797
4991,3.57584189190325
4992,3.4566781846452983
4993,4.032906765516661
4994,4.187684410785469
4995,2.6424080036677147
4996,1.248719734402747
4997,1.2738252768130311
4998,1.7706997519967858
4999,1.9347783363779534
5000,3.4893639206380405
5001,3.5720535283057617
5002,3.6151969160329163
5003,3.8804738831282264
5004,0.9641988523093322
5005,1.279679536655887
5006,1.1796501469450722
5007,1.5263188802258134
5008,1.6136457286893893
5009,3.7528163503622154
5010,4.202323655890508
5011,3.5670645178812874
5012,2.6250813513980886
5013,2.416184219492813
5014,2.0121956133981405
5015,1.6823004232967154
5016,3.9728317869885075
5017,3.6083975863674413
5018,3.531820175515985
5019,3.7907836794171588
5020,4.229842688958248
5021,4.515626516690944
5022,2.9140403194352094
5023,2.2914130787725826
5024,0.7208099100802047
5025,0.7104571182119906
5026,2.054005734961165
5027,3.3957287056487955
5028,3.2235454591523864
5029,3.6869170134576654
5030,3.028008656976595
5031,2.4053814163139684
5032,0.7881844840424121
5033,3.27181621186278
5034,4.026913092529505
5035,4.107049471133098
5036,3.194564989089235
5037,2.0432461809476257
5038,0.7547520405765452
5039,3.24543502061947
5040,4.340715112721408
5041,4.071385409416838
5042,3.554847356456762
5043,3.5979907441839165
5044,3.706310313390725
5045,4.594032764420193
5046,3.6951819963794703
5047,2.9645504004033403
5048,2.656416721992935
5049,2.4847880060994183
5050,1.5146211603784603
5051,0.5966388969985625
5052,0.4422496319083822
5053,1.9099575738433496
5054,3.691812076490345
5055,3.708493850316074
5056,1.7351366424395174
5057,0.8873125074172189
5058,0.8463515348066165
5059,1.9518168211264997
5060,3.58152344945982
5061,3.7945987581985974
5062,3.8954587257132993
5063,4.191302573943427
5064,2.441892546488044
5065,1.4593187767902702
5066,1.6630672058466913
5067,3.9991602452224866
5068,4.218509442050565
5069,3.422681086318002
5070,3.118423935077936
5071,2.4794176971038504
5072,2.173446335031482
5073,0.4066260882270601
5074,4.111814956462356
5075,3.448296652775683
5076,3.392435304062979
5077,3.8900700194172675
5078,3.4026866483001132
5079,1.0845505622375717
5080,0.31191895640144107
5081,0.6862878349423771
5082,4.03372855096514
5083,3.6805737062880683
5084,4.098240224218303
5085,4.348375596022732
5086,3.9711411149705
5087,2.734700462046275
5088,2.3704057000544947
5089,0.6040844566865032
5090,1.7547148876116423
5091,2.9104963424315136
5092,3.578082845366121
5093,3.483505172405733
5094,3.5183342687417416
5095,3.905188462457851
5096,4.504942629583596
5097,3.6060918615428723
5098,0.6477798030771189
5099,0.640858834650957
5100,1.7912573325430328
5101,3.5622373834006353
5102,3.4676597104402473
5103,4.312809400626165
5104,2.505178392472327
5105,1.5070256248446745
5106,0.9569497735321938
5107,0.5446131672806003
5108,0.4147444901024727
5109,3.4460607075960006
5110,3.4808898039320093
5111,3.871795191069217
5112,4.009060852087476
5113,3.5651564657464525
5114,3.0020304573994037
5115,2.788802257406788
5116,2.5519425816595387
5117,1.1776021305466153
5118,2.2356862998645965
5119,2.6237242662838334
5120,3.3368990053833976
5121,3.806575090812849
5122,3.9070341396872865
5123,4.115578899807684
5124,4.2028779879174145
5125,2.88115115458273
5126,3.298615250413243
5127,3.075939432671491
5128,3.3723277452818294
5129,3.4451132954106676
5130,3.388656843097518
5131,3.1727720966537625
5132,3.015171591661855
5133,2.519343650542956
5134,1.8913520991030275
5135,0.6797381410661781
5136,3.067316408138294
5137,3.531471083899752
5138,3.995691851344975
5139,3.925905158180475
5140,1.6292725364623777
5141,0.20940698727803672
5142,0.663588821785063
5143,3.9375444556767913
5144,3.503169760445075
5145,3.3863822702907136
5146,3.423511367697279
5147,3.6451214188858048
5148,3.6451214188858048
5149,3.6451214188858048
5150,4.431875145863582
5151,4.0377800433968325
5152,1.3950385280949504
5153,0.6008236999696952
5154,3.9840087326948357
5155,4.31253188934111
5156,2.7361618606666793
5157,1.6333247629410406
5158,3.6028785591471686
5159,3.85381154735122
5160,2.5500923385250878
5161,0.2718639785636723
5162,1.6334397074144327
5163,2.7529375564859895
5164,3.371186781040795
5165,3.3999254346772676
5166,3.3999254346772676
5167,3.332380862321284
5168,3.7101811754628002
5169,3.897632465408982
5170,3.072741795425909
5171,1.2782783890292857
5172,0.7224721666446061
5173,0.7224721666446061
5174,0.701576450032058
5175,1.6567672442082202
5176,2.862569237938791
5177,3.534006310826773
5178,2.8753762736247537
5179,2.287913303666271
5180,1.8171158003100334
5181,1.0937726933690244
5182,1.4483307907622325
5183,1.7732881846527337
5184,2.4014805826988965
5185,2.579741647762827
5186,3.856436025692025
5187,3.4812658708202373
5188,1.1379681370020436
5189,1.365039047183642
5190,3.855500768704365
5191,3.880194265560686
5192,3.3404744955774617
5193,3.443296361572589
5194,4.428738615819269
5195,2.420896646430141
5196,2.002730106451312
5197,0.8927374924442736
5198,0.35446524152183745
5199,0.15785729617013486
5200,0.16367588270604264
5201,3.1036875909878323
5202,4.005891724397399
5203,2.9108278653434203
5204,2.9479569627499855
5205,3.308198730443253
5206,3.228782331409587
5207,1.0313229165887192
5208,0.0710524214907713
5209,0.07721552066140293
5210,3.755044019370786
5211,3.781846630604159
5212,3.4342611753181527
5213,4.128462144398829
5214,3.9051096852792266
5215,2.5625854739849276
5216,2.0290005325449894
5217,0.398220651584526
5218,1.76791000039058
5219,3.5890292664912606
5220,3.633901397993567
5221,3.781110088248721
5222,4.278168701235785
5223,1.1873661145735075
5224,0.20245554234154395
5225,2.6851230163110165
5226,3.771365020859009
5227,3.413360578565029
5228,3.6296700525108943
5229,4.1960650145595
5230,4.351641770620129
5231,2.5233908653293615
5232,2.2324772251783838
5233,0.6402726393651541
5234,1.7017125122622039
5235,3.524750312318762
5236,3.985670419356367
5237,3.381995947796015
5238,2.849589140231918
5239,0.5835146060257225
5240,1.0971917681734282
5241,1.4472673524589257
5242,1.8691555653391758
5243,2.6820641376178913
5244,2.9793142854727472
5245,3.345756716262831
5246,4.052839263361457
5247,3.2170682201754475
5248,2.085284387014187
5249,0.15081284345282617
5250,0.003108491974719389
5251,3.402992719198328
5252,3.3174524936247094
5253,3.4954490923868096
5254,3.966851790328978
5255,4.231239978486245
5256,3.958656917536742
5257,3.238558391756426
5258,2.500914553903611
5259,0.8611530217463034
5260,1.9002727387237592
5261,1.1177343828614321
5262,1.688860658205974
5263,2.0014940029602366
5264,3.317534988863857
5265,4.0301090996627735
5266,3.5360769225760587
5267,3.499821572372453
5268,4.315599884890506
5269,3.393444822569636
5270,3.9718102092327014
5271,4.18848352157729
5272,2.530788432666255
5273,1.187471372642309
5274,0.3673683608183397
5275,3.795690792175638
5276,1.7337083497593067
5277,3.795690792175638
5278,3.439706906072548
5279,4.0890186432486235
5280,4.081715265989126
5281,4.176317731358354
5282,1.5173435921084786
5283,4.082749148239226
5284,1.1378066272253167
5285,3.722267343313614
5286,0.8478595880381015
5287,2.580931930411909
5288,0.5172242771016122
5289,2.43304288087502
5290,-0.19938493333581894
5291,1.5641428680249283
5292,0.05980676391246824
5293,1.3694639637195312
5294,2.3609593936678257
5295,3.5813116269467593
5296,3.451626936531781
5297,3.772341593546553
5298,3.5893056549468922
5299,3.9019203775532207
5300,3.5893056549468922
5301,3.9019203775532207
5302,3.7408569890224945
5303,0.608773554610784
5304,4.444797926481946
5305,1.0403194937586429
5306,3.9787911694372577
5307,1.9767626684820685
5308,3.2908821137992446
5309,3.5960498431839616
5310,0.3382114133288481
5311,3.5960498431839616
5312,0.16725119081130377
5313,3.5960498431839616
5314,1.290572922798261
5315,4.550736232226098
5316,3.493215522003869
5317,4.098754050035136
5318,4.1052776319319895
5319,3.120337718278708
5320,1.2385249394225972
5321,4.200204656501701
5322,0.8934922062756003
5323,3.2606745565589517
5324,0.6703590727199568
5325,4.4500582443181145
5326,1.8117682200845961
5327,4.226704923776188
5328,2.825289113030844
5329,3.969004028455056
5330,3.357460992196121
5331,3.527628208935032
5332,3.689570432369016
5333,1.9759181901293692
5334,3.803640950251574
5335,0.9921326004021676
5336,0.8240277786493676
5337,1.1368944907447602
5338,0.07773749381975535
5339,3.4170068035939085
5340,3.6605485899944292
5341,3.4170068035939085
5342,3.790127374001097
5343,3.4170068035939085
5344,4.008068927611231
5345,3.3756750064477172
5346,4.058269872933204
5347,3.240252170021157
5348,3.279476554399229
5349,0.7464377491853993
5350,1.1104962668821843
5351,1.0662195169765478
5352,0.2639692117098626
5353,2.0026626916999724
5354,0.24512051254557973
5355,3.706310313390725
5356,1.4229516789497656
5357,4.18579321501864
5358,3.1561444674255976
5359,0.9128636540462097
5360,3.2762098169662335
5361,0.7866358418563927
5362,3.3633339063199834
5363,4.092146157640166
5364,3.5124166649073416
5365,3.519523372310368
5366,3.895613262716079
5367,3.708493850316074
5368,3.2348008217109885
5369,4.322212822698744
5370,2.202789589298603
5371,4.497121293391756
5372,4.119497675092259
5373,2.85802602373329
5374,1.3646207943989668
5375,2.9783423374628106
5376,3.7183283235484637
5377,4.1040034858336965
5378,1.2126794332203439
5379,2.1042019459355634
5380,3.188713421027493
5381,3.8903449635792335
5382,3.8903449635792335
5383,4.1625354724001165
5384,3.758328317305701
5385,0.7352665934728237
5386,1.8789273461271925
5387,3.9287448456392036
5388,3.614208756681412
5389,4.442724545081097
5390,4.257800511494881
5391,2.4042081404520177
5392,0.2154835099956107
5393,1.936490319435306
5394,3.5020773207399833
5395,3.604668215817983
5396,3.604668215817983
5397,4.404224498586127
5398,3.331236062809632
5399,1.3152078344319054
5400,0.252882432004777
5401,0.16465051339488584
5402,3.999870770834892
5403,4.07748959327657
5404,3.728455965738914
5405,4.312809400626165
5406,4.096703080182042
5407,2.590238634352387
5408,1.9680154584202512
5409,0.31355190434814595
5410,0.20430569717874822
5411,3.9440107599224565
5412,4.104928889994513
5413,3.706310313390725
5414,3.905188462457851
5415,4.117581187216514
5416,3.6269699685773444
5417,2.6705227864477066
5418,0.759130700050483
5419,1.9820244856052316
5420,4.02219506731409
5421,4.279416129237531
5422,4.454324599930543
5423,1.5864302694448373
5424,0.8653359142085638
5425,1.7773778669442957
5426,3.137571662114066
5427,3.806575090812849
5428,3.91249952111013
5429,3.6023231429934666
5430,2.8634793577637776
5431,2.123276070402228
5432,1.4338788317315831
5433,1.5802016451213794
5434,1.952723019246016
5435,2.9475919657092775
5436,3.3264547849887265
5437,3.1588099118624164
5438,3.256633480089137
5439,1.5511067945249126
5440,0.8483406982408607
5441,0.6581440768635287
5442,3.067316408138294
5443,3.265528525551747
5444,2.706972195504634
5445,1.1483361109299213
5446,0.40730360632728285
5447,0.23822559602904833
5448,1.813987319677138
5449,3.903209487435383
5450,4.227464416906974
5451,3.3703129656852946
5452,0.37332797587260075
5453,1.958017072171528
5454,3.660983683707036
5455,3.581546784191827
5456,3.451566687992674
5457,3.5034590424776977
5458,2.334299733636519
5459,1.9568556818150153
5460,1.2972627771550638
5461,0.6197693758245989
5462,0.008730900649032317
5463,0.4829262650489647
5464,3.1109174155638977
5465,3.578082845366121
5466,3.5183342687417416
5467,4.4998446435849315
5468,2.804188642684077
5469,1.4867671840346717
5470,0.5942219194614009
5471,3.483424157082124
5472,3.4071059429552353
5473,3.6788186263978777
5474,3.339097239114964
5475,3.4577358761766375
5476,3.1157441545249007
5477,3.335321785480627
5478,2.638806274164529
5479,1.8081675229781367
5480,1.3122499758356776
5481,0.9672918671730509
5482,1.2768942764756959
5483,2.5519021131873436
5484,3.732551237076785
5485,2.644433793200291
5486,2.114635184796186
5487,1.8280526127325494
5488,0.7039651298602082
5489,0.21258273646589448
5490,2.854819201387077
5491,3.388885623744515
5492,3.3033453981708965
5493,4.0946541164476615
5494,3.915383528820469
5495,4.167201170060467
5496,3.308198730443253
5497,3.308198730443253
5498,3.4184377730485016
5499,3.848120724509233
5500,4.164114300399461
5501,4.1087517042382995
5502,3.8992477309775717
5503,1.9779445047266584
5504,1.548495987866821
5505,0.29725947189032204
5506,0.4808006930531071
5507,1.6314311239782455
5508,2.6804439668096913
5509,3.542685842121908
5510,3.542685842121908
5511,4.240266443682777
5512,1.6526189162008964
5513,1.0400981582301707
5514,0.19417875484259536
5515,0.24929532887892294
5516,0.617511502498505
5517,2.531677269079199
5518,3.4563036100553
5519,3.301271728033939
5520,3.3450851458575404
5521,4.149240587854645
5522,4.479790084758478
5523,3.943011942832235
5524,3.2365033666783662
5525,2.604916973139602
5526,2.1398211152480937
5527,1.7634394989040008
5528,0.5973600055086101
5529,0.2276993155111138
5530,0.5249929031462855
5531,1.6483146351332418
5532,0.8097547241128829
5533,3.380185752165295
5534,4.231589003622022
5535,3.646351826336623
5536,3.393444822569636
5537,3.8279345149535757
5538,3.393444822569636
5539,4.101365171443231
5540,3.557671261450702
5541,3.8584767222505127
5542,3.9220185974036945
5543,1.7387270168046638
5544,3.5120232444557806
5545,1.2945574120937953
5546,3.276404446143598
5547,3.1073504416427538
5548,3.2475813675435994
5549,3.3108037216715562
5550,2.152610070392438
5551,3.8166160977983576
5552,1.5594355806434352
5553,4.053637792833715
5554,2.3749616526516597
5555,2.2648733565943666
5556,2.9160432344108522
5557,1.6677365861726225
5558,3.7194203575255043
5559,3.374266280934761
5560,3.3222341282620453
5561,3.7051443330411042
5562,2.6956036785119304
5563,4.103040208683431
5564,2.0241125917158618
5565,1.612844139372493
5566,2.8219487438248816
5567,1.0401282556716143
5568,3.772341593546553
5569,0.7039651298602082
5570,4.038948428712878
5571,0.10909057392961344
5572,4.258297625540957
5573,2.6042838818173966
5574,3.9530171756779344
5575,3.666919009681681
5576,3.142863166321074
5577,3.4954490923868096
5578,0.7773761117854667
5579,3.4954490923868096
5580,0.5835198260279045
5581,4.332592946238308
5582,3.135091539861154
5583,0.9032585017993845
5584,4.1341412326515785
5585,0.31999900453745883
5586,3.5689492729225503
5587,0.13494778370115287
5588,3.5952327769323142
5589,0.5384621603138983
5590,1.8532498373965913
5591,3.656667487510283
5592,0.9583135687731973
5593,3.7210185492741767
5594,1.117794493270804
5595,3.5360769225760587
5596,3.176537263080436
5597,3.5360769225760587
5598,3.873012951624871
5599,3.947590797255313
5600,3.430615655747865
5601,4.285231728160857
5602,3.430615655747865
5603,3.272183263920244
5604,3.430615655747865
5605,2.161843011995509
5606,4.14407396995029
5607,1.6150259031060459
5608,3.209810874407253
5609,1.1185303665060256
5610,0.7881844840424121
5611,0.5833098518672309
5612,2.073105732435122
5613,2.7736520449096327
5614,3.308202815433351
5615,3.790637078254879
5616,4.423358054969147
5617,3.5629716397784716
5618,4.221878151009898
5619,3.483520323896149
5620,3.4964519002473478
5621,3.604923953601529
5622,3.3066453081987888
5623,3.604923953601529
5624,3.813315840571687
5625,3.604923953601529
5626,4.464983593725703
5627,4.430730463326921
5628,3.6773915412875158
5629,-0.1286679859766191
5630,2.5885857588455927
5631,1.2102052618045438
5632,1.1285869789492642
5633,3.235502923272563
5634,3.645299092657679
5635,2.5599849351264607
5636,3.706310313390725
5637,3.4954403543553823
5638,3.872620164114689
5639,3.5893056549468922
5640,4.280241102283003
5641,4.082591773040392
5642,4.610790599186836
5643,2.5625854739849276
5644,2.9687903585494944
5645,2.1233865352427723
5646,3.979408322450767
5647,1.7470049188986798
5648,3.6196917692201014
5649,0.10856678660697568
5650,3.5543524686463766
5651,2.3062502754315517
5652,3.9145918845304304
5653,2.0664510295953007
5654,4.43546891528298
5655,3.4730963503272805
5656,3.6485490333507564
5657,3.330082460286484
5658,3.045357304576553
5659,3.373895878110085
5660,2.6067651556983735
5661,3.763542847914091
5662,0.9684416127512191
5663,3.8720179409116695
5664,1.7783568701105907
5665,1.7188956919963094
5666,2.5106649242507673
5667,0.6467370899457119
5668,3.411658478309977
5669,0.6494633561074092
5670,3.546694353123811
5671,1.5050820967157807
5672,3.7945987581985974
5673,2.2691351111019546
5674,3.882283507840537
5675,3.401274410019722
5676,3.5721071297238733
5677,4.031892315364539
5678,3.291634953773436
5679,3.454852193750703
5680,2.980422418005417
5681,2.879624057097636
5682,3.0027894537882545
5683,1.8533024341742297
5684,2.1973023061786257
5685,0.6320973185942644
5686,1.7842939385720737
5687,0.35641433007057893
5688,1.3439645922158443
5689,0.5914146559674626
5690,1.112650043509529
5691,1.6307078503209198
5692,2.9187013298432345
5693,3.3262536438224886
5694,3.539736705731458
5695,2.678492877763758
5696,3.5675762403069418
5697,-0.04942321499515133
5698,3.760766179572566
5699,-0.07322400691302107
5700,1.8091429406858088
5701,2.516970281688702
5702,0.7000299561372825
5703,2.3808322732797707
5704,0.24562539846025183
5705,3.3633339063199834
5706,0.3437519978183933
5707,1.7136230118100682
5708,3.162538972487666
5709,3.3199109340710016
5710,3.357040031477567
5711,3.392435304062979
5712,3.392435304062979
5713,4.088515816169584
5714,2.790986837193689
5715,2.151506320653542
5716,0.5098155754506871
5717,2.9173432701934425
5718,4.080660859947055
5719,3.425499909888527
5720,3.4626290072950923
5721,3.604668215817983
5722,1.8388566142214589
5723,0.4720638647107252
5724,3.728455965738914
5725,3.728455965738914
5726,4.630167941426239
5727,2.8039863100650093
5728,1.4981354825723348
5729,2.902123761638434
5730,3.502488806776256
5731,3.706310313390725
5732,3.706310313390725
5733,4.630167941426239
5734,4.525820736618067
5735,2.910167381309682
5736,3.197722203686389
5737,4.151041058409019
5738,3.5265048584823604
5739,3.5935142346382447
5740,3.610196008463974
5741,3.610196008463974
5742,4.274726665469249
5743,0.8095505370196203
5744,0.7894077672994873
5745,1.645026507907859
5746,3.3717281017194063
5747,3.730304656162715
5748,3.3222341282620453
5749,2.3858316171638005
5750,1.6317347140523053
5751,1.3316673816085038
5752,1.0767994853955707
5753,1.0135288687574553
5754,2.6945763888190233
5755,3.1588099118624164
5756,2.2975146160195337
5757,0.9900517145424692
5758,1.9008881005463936
5759,3.081373448330949
5760,4.110256917280563
5761,3.909388298363052
5762,3.2486215022039446
5763,3.0764382557075356
5764,3.113567353114101
5765,3.067316408138294
5766,4.285213796441846
5767,4.269694833838279
5768,2.075178108488348
5769,2.899663289000217
5770,3.845045948923822
5771,4.52025773517104
5772,2.726610767947594
5773,2.3623160059558135
5774,1.847122614621969
5775,0.3697119291549696
5776,0.7874951774129894
5777,2.686883214792889
5778,3.5004407693907003
5779,3.4084233002655195
5780,3.5034590424776977
5781,3.5034590424776977
5782,3.6515994516801835
5783,4.3067589419641035
5784,4.048581745645865
5785,3.3601549198576595
5786,0.28554147709562605
5787,2.285726941977878
5788,2.347596805806841
5789,3.483505172405733
5790,3.6028785591471686
5791,3.6028785591471686
5792,4.221942046957145
5793,4.436104747272371
5794,4.036058638115068
5795,3.3561488934200803
5796,2.0552796946739558
5797,0.22456122946390453
5798,0.525875915536912
5799,3.774213559168731
5800,3.7580326273776716
5801,3.45024933068239
5802,3.9879117653947307
5803,2.511171852533141
5804,2.2225595493923107
5805,1.7266354301967564
5806,0.9692272829744939
5807,1.8558378982837342
5808,2.321487656179599
5809,3.092500571359007
5810,3.2959538513878095
5811,3.534006310826773
5812,3.2502122370723336
5813,2.125154753058582
5814,2.200928184389245
5815,0.9302255431949552
5816,2.3056565893053205
5817,3.0149801943399996
5818,3.097850673530925
5819,3.097850673530925
5820,3.9066369710139996
5821,3.0986761165777623
5822,0.15081284345282617
5823,0.003108491974719389
5824,-0.18083563109557058
5825,3.443296361572589
5826,3.443296361572589
5827,3.6950855454689617
5828,4.259173204478273
5829,3.201363809332377
5830,1.3547989641313665
5831,0.5542105046523248
5832,1.6792341468579615
5833,3.0894883553913917
5834,2.53274760097546
5835,3.483135256716179
5836,3.391117787590998
5837,3.542685842121908
5838,3.7603316447929065
5839,4.451212353668095
5840,3.182319188310312
5841,3.424536461739863
5842,3.633901397993567
5843,3.633901397993567
5844,3.6787568834181528
5845,3.3370423644381404
5846,3.646351826336623
5847,3.1954081184331873
5848,0.9073931165369327
5849,0.6484391163127932
5850,0.598558719862137
5851,1.43099200159832
5852,2.1590794032795624
5853,2.6800312872902152
5854,3.3539471093987108
5855,3.4951881824843705
5856,3.524750312318762
5857,3.712719133579428
5858,2.072516168335983
5859,1.2835983694187507
5860,1.0206160993495705
5861,0.6793117178501717
5862,0.49373753881277327
5863,3.8347231170477714
5864,3.8347231170477714
5865,3.9289544747462157
5866,3.5996579744179225
5867,2.660876437321722
5868,0.5369525514760574
5869,1.687351049368132
5870,3.7471933903029386
5871,3.3545815910312746
5872,3.627123740332733
5873,1.4543159939968664
5874,0.12339105918575638
5875,2.5501982613318592
5876,3.4133586237477487
5877,3.2804058914572916
5878,3.589764800307531
5879,0.1517976102786045
5880,0.1454466141922343
5881,3.8310040423216942
5882,3.7734252873656566
5883,4.2832724324444795
5884,4.0193222887492315
5885,3.33089546296103
5886,-0.2885712213489765
5887,3.574891670237705
5888,4.242741313132507
5889,0.8862432455227769
5890,-0.0462616936221431
5891,2.9389439797388195
5892,3.5098972958295986
5893,3.5098972958295986
5894,4.311842759162722
5895,4.043699775396088
5896,3.2371627254142443
5897,2.5720486240694376
5898,2.21264590037003
5899,3.1581336489267895
5900,3.613299997718881
5901,3.689570432369016
5902,3.8628379938065307
5903,4.113418379145795
5904,2.2905738809521075
5905,1.4150712078121175
5906,-0.012039573393193805
5907,1.0485710257188499
5908,1.2180548182706623
5909,2.9313016483604746
5910,3.2977440791505583
5911,3.790127374001097
5912,3.884184138995989
5913,3.629826452550213
5914,2.0707653564923203
5915,1.6832121505830628
5916,-0.19712756647325802
5917,3.444610960589855
5918,3.3133389143727987
5919,3.3633339063199834
5920,3.9896860938266325
5921,4.323770593198243
5922,4.272847743768312
5923,1.102800799887939
5924,3.7115114213191744
5925,4.294281613379853
5926,4.07840068131027
5927,4.502639384142621
5928,3.4106374259974754
5929,2.8054640621215907
5930,1.6697731098722877
5931,3.5875074732190204
5932,4.212358146472931
5933,4.255501534200084
5934,4.332624405431261
5935,2.829187969530668
5936,1.8123989071436875
5937,2.618589647718022
5938,4.401712716457913
5939,4.77738253765474
5940,2.933838410091633
5941,0.9464797648735978
5942,2.5176265748158926
5943,4.757241462263536
5944,4.72355569638844
5945,4.915721529356694
5946,4.3842408080179
5947,1.0585161203430178
5948,3.6008188697401287
5949,4.719726567196885
5950,4.451954444739908
5951,3.7143296019223007
5952,4.842144111710122
5953,4.523049697614796
5954,2.543798521616537
5955,3.7791957535645557
5956,4.854161459340616
5957,4.035645413201198
5958,4.035645413201198
5959,4.035645413201198
5960,4.436733474610449
5961,3.4700407412829937
5962,3.37764222887956
5963,2.7716629986359176
5964,2.543526598033797
5965,5.0657052055765845
5966,4.263340685262719
5967,4.344559684208115
5968,4.975775896317432
5969,4.95901806155079
5970,0.9019505984906412
5971,0.7496185019243823
5972,1.2163254507863284
5973,4.740423428735057
5974,4.219702409725179
5975,4.346743221133465
5976,4.815925830128936
5977,4.862106590522353
5978,3.041103263523615
5979,1.3429760662775378
5980,2.538833542433815
5981,4.407802806104354
5982,4.407802806104354
5983,4.462847649294786
5984,2.0834360330380965
5985,1.6790403827996803
5986,3.6487264606839918
5987,4.19620839890423
5988,4.390137302483926
5989,4.519716086490593
5990,4.737594354164348
5991,4.664840613515201
5992,2.0152244287902175
5993,0.6437172865478565
5994,2.2969774595537102
5995,4.639723389089891
5996,4.05778524514178
5997,4.186019135606622
5998,4.609329393861187
5999,4.834810412473105
6000,4.598805419821245
6001,2.9653470002774305
6002,2.5226040644181373
6003,2.2699022446196615
6004,0.8136452581196101
6005,2.479411394293052
6006,4.324143868184427
6007,4.270018156896785
6008,4.270018156896785
6009,4.270018156896785
6010,4.796425702532362
6011,4.339692682332298
6012,0.45975375769386445
6013,1.0796409169825203
6014,3.4395106882042614
6015,4.761163825504658
6016,4.366705336556306
6017,4.806522408056357
6018,4.995153238556836
6019,0.49940894147772663
6020,3.3385404127361795
6021,4.2816283602559455
6022,4.121127416383546
6023,4.344559684208115
6024,4.344559684208115
6025,4.806522408056357
6026,4.890806033748664
6027,3.1959201916891407
6028,2.8536000262380314
6029,2.688255632262652
6030,1.6921600331589213
6031,0.7098477344014511
6032,4.244944579958963
6033,4.111410648674805
6034,4.146239745010812
6035,4.275545949542776
6036,4.275545949542776
6037,4.416504999733018
6038,4.773129136667723
6039,3.2877832677788623
6040,2.7350198214498636
6041,1.7269045432713273
6042,1.081061718005745
6043,2.2169478137331624
6044,2.722833963838734
6045,3.24847717362049
6046,4.474423063268773
6047,4.633042084376446
6048,2.589427521794803
6049,1.8862166740305724
6050,1.6220830377045834
6051,1.3930379944165747
6052,2.442350295153395
6053,3.9550869435860134
6054,3.982926478161497
6055,3.643530023036118
6056,3.865584913162879
6057,3.8376447910609346
6058,2.4589359696361877
6059,0.9511901526385855
6060,1.405418529231463
6061,3.6083306255797756
6062,4.73245439856488
6063,3.68100796267402
6064,3.5769356926192653
6065,4.6305883323623425
6066,3.5748037820667804
6067,2.9501220399202577
6068,2.2156523823148375
6069,0.6664731545084492
6070,0.5333288403280269
6071,2.2541157829640253
6072,4.325236307889518
6073,4.107696450487139
6074,4.283370789703194
6075,4.283370789703194
6076,3.6524876519389164
6077,3.0123635783270526
6078,4.354341278265972
6079,4.161571441892773
6080,4.210304992694117
6081,4.436287156764757
6082,0.8544638850583891
6083,4.402206561334487
6084,4.20687652112608
6085,4.241705617462087
6086,4.398521356015021
6087,4.85705428352059
6088,3.638323579673702
6089,3.0648980513260455
6090,0.5010820534387934
6091,0.5483848025385611
6092,0.9555460126294392
6093,4.316340404534857
6094,4.359435783590563
6095,4.173620679402737
6096,4.143080567320273
6097,4.143080567320273
6098,3.9090745212984728
6099,4.384880912838718
6100,3.268311945575014
6101,2.3630338232188004
6102,1.8671097040232463
6103,0.9817177219137098
6104,2.3421191765441116
6105,3.824171464440859
6106,4.230275168111563
6107,3.8410878941443483
6108,3.2728429045729683
6109,2.956774365964912
6110,1.5721692678158312
6111,2.1486052305668824
6112,2.975099902592909
6113,3.0029394371683926
6114,3.490231932253646
6115,2.4254494120136516
6116,1.3461067936303754
6117,0.8674436520007834
6118,0.4099823916339927
6119,3.291235852484822
6120,4.387157723837603
6121,4.471127531540689
6122,4.026716746891244
6123,4.10864630265139
6124,4.588367123877854
6125,4.283935096182266
6126,2.1858073462416368
6127,0.6582949241907602
6128,0.45877912700502094
6129,3.63270193676058
6130,3.6395074649037413
6131,3.901409005345661
6132,4.3781872098469465
6133,4.507778020206206
6134,4.2187755077976465
6135,0.5564290200714883
6136,0.3661556657897496
6137,0.37231876496038124
6138,0.9563571533491247
6139,2.129692064348234
6140,4.3072589726845445
6141,4.114489136311346
6142,4.157632524038499
6143,4.161733591789874
6144,4.161733591789874
6145,4.305041453456704
6146,4.622175151829021
6147,3.491594444825345
6148,1.7930931900273863
6149,0.5258161528538118
6150,2.9680939201769445
6151,4.1206862216245
6152,4.019687994582454
6153,4.272150768810956
6154,4.726218807745415
6155,3.5457786231933994
6156,4.162751251701172
6157,4.314778971561881
6158,4.372644323617377
6159,2.41761163349263
6160,1.1639322450391205
6161,0.9409119409327945
6162,1.0382574911282796
6163,2.095396095847579
6164,4.091243028753006
6165,4.384005021379846
6166,4.544562226114994
6167,1.4487008007444562
6168,2.268242315095474
6169,3.9981193395195147
6170,4.026628904191447
6171,4.334515455952465
6172,3.6106812043752523
6173,2.351438479743896
6174,0.298211736273698
6175,4.189662702321823
6176,4.227797788114157
6177,4.516529036876793
6178,4.3292656534224605
6179,2.7440643983192343
6180,0.39991188316064497
6181,0.41146860767604143
6182,4.190771008244599
6183,3.9570659087061233
6184,4.733281834670487
6185,4.342418945118421
6186,1.8001603114202924
6187,0.6711980434872626
6188,0.42196743816712295
6189,2.127950449842703
6190,3.210068696007378
6191,4.342435221259079
6192,4.162231538128737
6193,4.299137563536542
6194,4.299137563536542
6195,4.374099335147078
6196,4.63139251253694
6197,4.688719572990275
6198,4.345270890147194
6199,1.2323945378483154
6200,0.4162352539744104
6201,3.7044730312730465
6202,4.174151568587971
6203,4.3493999053229775
6204,1.8874791927251695
6205,0.5787985411859248
6206,0.3850876105818643
6207,2.7275577965818143
6208,4.008793674519075
6209,4.231211476026023
6210,3.5484951504531987
6211,2.8598586029728175
6212,1.1500313347777875
6213,2.7103964118726025
6214,4.28246828474226
6215,4.543582475604826
6216,4.318927024613561
6217,2.5063048300211626
6218,2.013069144125664
6219,1.5748379177635505
6220,0.9645258222762566
6221,0.33091051123962906
6222,1.419615837660172
6223,2.170880741404982
6224,3.933956132591416
6225,4.345883952023413
6226,4.639092048493084
6227,4.102937975897851
6228,3.012829551116798
6229,1.8008043095201478
6230,1.2280884258192688
6231,3.6251145754260796
6232,3.9920501286053844
6233,4.510499671518239
6234,4.737994525511118
6235,2.3771497523823446
6236,1.1541990975213592
6237,1.4771369584328038
6238,2.383601058605581
6239,3.949892479503844
6240,4.528689319111833
6241,4.183524966582228
6242,3.7142533027875477
6243,3.439460504597474
6244,1.5391353904988265
6245,1.5756737980459703
6246,2.90882064809731
6247,4.165070574602273
6248,4.647910450007251
6249,4.606481827817386
6250,4.100033470886226
6251,3.6407239449878905
6252,2.681298919993779
6253,1.661951884175051
6254,3.55403104318956
6255,4.704628797005593
6256,3.87555552417814
6257,3.3920778617711593
6258,2.6222657075972235
6259,0.9212260362907186
6260,4.859131325506755
6261,4.374499894694264
6262,4.234299214001353
6263,4.234299214001353
6264,4.234299214001353
6265,4.880611813821541
6266,2.4744903185629075
6267,2.0363270771869155
6268,1.0035031939870471
6269,2.436112790606509
6270,3.906928028669024
6271,3.6772005045157354
6272,4.044884637761023
6273,4.044884637761023
6274,4.258727392382878
6275,4.664887547641894
6276,3.3482279797098213
6277,3.1664257622791636
6278,2.1143352954319363
6279,1.081230559817468
6280,1.081230559817468
6281,2.455212788080466
6282,3.7603003535621378
6283,4.874166136350887
6284,3.947799233918102
6285,2.2263234207379505
6286,1.430359493094266
6287,1.092458250839358
6288,1.084143959448212
6289,3.8751848094391557
6290,4.344559684208115
6291,4.344559684208115
6292,4.417329972778489
6293,4.773954109713195
6294,4.471279973001404
6295,2.8394939617832597
6296,2.667865245889743
6297,1.6530382656810287
6298,4.56826601112581
6299,4.459301693194231
6300,4.800454212413577
6301,3.3311101149560116
6302,2.7898423954886984
6303,1.9182138822298427
6304,1.6760285145820117
6305,1.3157830290520756
6306,1.2034838228911002
6307,3.7505420193179164
6308,4.087365132274208
6309,4.186998971290979
6310,4.621466670402459
6311,4.3395481745609805
6312,3.610124770499281
6313,3.3092876208530106
6314,2.4455583452973846
6315,1.514527954453283
6316,2.2079093761396584
6317,3.822245523977374
6318,4.224047933479713
6319,0.6167768922570017
6320,1.130612226825367
6321,3.642784818264981
6322,4.516072860686592
6323,4.214398961102503
6324,4.022389972556368
6325,3.6049167066318804
6326,3.504490093049293
6327,4.716115677856482
6328,3.640511319324665
6329,2.5534829398448196
6330,2.0219338540117833
6331,1.5003422427461521
6332,0.7758935473796481
6333,2.2529758279816314
6334,4.624125420643131
6335,4.400149392810565
6336,4.366705336556306
6337,4.4498982711216515
6338,4.382189838164806
6339,3.832302308678872
6340,2.7733158741427117
6341,2.151092698210576
6342,1.683269890886581
6343,0.9516094857460419
6344,2.2313857958299197
6345,4.403067945199278
6346,3.8531804157133442
6347,2.422152948892118
6348,4.6582067126919595
6349,4.258864175717047
6350,3.8184674831438636
6351,2.9718794971971128
6352,1.1832396871995488
6353,3.869242555195918
6354,4.033167862668187
6355,4.343508704068471
6356,4.674470706566311
6357,4.369764187830573
6358,3.9800892705660775
6359,3.1653562229425676
6360,2.0222512038434868
6361,3.3218089080889217
6362,3.5811240686591588
6363,3.325384689630675
6364,1.7125281481415655
6365,1.1054530778981047
6366,0.9727842168412345
6367,2.338959395309358
6368,3.8736063894207433
6369,3.643878865267455
6370,3.5769356926192653
6371,4.056570131353452
6372,4.7501596589384985
6373,4.294456725542272
6374,4.608099337399099
6375,1.7697468102888676
6376,4.1220281257241025
6377,1.2888103847564112
6378,4.165171513451256
6379,4.434866442568623
6380,3.949892479503844
6381,4.5286209932298815
6382,3.949892479503844
6383,4.144825547893703
6384,4.529488429903655
6385,4.721177424337166
6386,2.2910271756950062
6387,4.852824682111801
6388,1.8139175406217023
6389,2.5453932457461383
6390,2.268830590818241
6391,2.030199854412294
6392,2.421059614638331
6393,1.5781157678852757
6394,4.408894840081396
6395,0.9025962141146971
6396,4.408894840081396
6397,4.210304992694117
6398,4.447862806709713
6399,3.6885840201297895
6400,4.540013814959669
6401,2.979311705082303
6402,3.046535288219823
6403,1.391850687778063
6404,1.6686060581855546
6405,0.8603565036816757
6406,1.2992746428931676
6407,0.5620623010705146
6408,1.5815280578888262
6409,0.2852517246239209
6410,2.02444971904727
6411,2.7070344631281404
6412,2.1605450675062774
6413,3.5798875235643814
6414,4.187743159635232
6415,4.297092169082182
6416,4.382187473273577
6417,4.864829940715528
6418,4.401712716457913
6419,2.7081261765779225
6420,4.53129150046458
6421,1.5813550946576709
6422,4.53129150046458
6423,4.259885286200271
6424,4.622504427299969
6425,4.130477291675584
6426,4.341006721122616
6427,4.235878033206384
6428,2.218277101502551
6429,4.231977465552686
6430,1.8883819114011253
6431,3.9336650873937486
6432,1.0791486259304675
6433,2.7076103654772528
6434,1.5584789200184959
6435,3.5340334767469592
6436,3.7648413286808395
6437,4.035366096399753
6438,4.197170116594789
6439,4.154004733461427
6440,4.234299214001353
6441,3.797469732253047
6442,4.33549348808096
6443,2.353389610840892
6444,3.821443224068314
6445,2.429163042171555
6446,3.350126289540545
6447,2.0364023807604457
6448,3.0971175592255342
6449,2.045350658092344
6450,1.2600860829181988
6451,1.3896256814669898
6452,1.4771970688421756
6453,1.7358023128112818
6454,4.044884637761023
6455,2.8360739394598102
6456,4.185850263145832
6457,2.7210483249168123
6458,3.6851981327790426
6459,3.676335167564748
6460,1.249244980059412
6461,3.7592056467556736
6462,1.4962970663161324
6463,4.399172045042908
6464,4.996221780880015
6465,4.51455971683529
6466,4.007651223267576
6467,3.952320225643955
6468,3.725471257226129
6469,2.9767132980294098
6470,3.735790489657477
6471,2.0361912693608804
6472,4.122434522547837
6473,0.298211736273698
6474,4.303236685031664
6475,0.5841203564753192
6476,1.5843789432364008
6477,4.2130093397128805
6478,4.855795084691864
6479,4.10864630265139
6480,4.411401400984501
6481,4.793723912949866
6482,4.220197297535566
6483,2.7066494568095996
6484,3.92139244351547
6485,1.537876203921691
6486,3.250303210782799
6487,1.0778719007585196
6488,1.1822416594204754
6489,0.4976206749568697
6490,2.362351662847258
6491,4.69619644036966
6492,3.5100703300392633
6493,3.4033026971988907
6494,4.3381314906967035
6495,3.901409005345661
6496,4.184873313389172
6497,3.9995010596198224
6498,4.330061447307736
6499,2.7758974453910836
6500,4.346743221133465
6501,2.118418778553147
6502,4.404984433075024
6503,1.1717971904152091
6504,3.8747594804867562
6505,4.688316550192407
6506,2.290810503172988
6507,4.273661252641025
6508,3.1452593627433543
6509,2.169474806371479
6510,4.221828067626986
6511,0.6388077794416028
6512,4.3315323714542195
6513,0.47069957881748414
6514,4.6628952925923235
6515,4.272150768810956
6516,3.9498732572964843
6517,4.844775381889074
6518,3.2510454929070134
6519,2.8480668175552255
6520,2.690148585606803
6521,1.9039137727304905
6522,1.5949517807395077
6523,1.3278403883999974
6524,1.9574496156117271
6525,0.5228025598100923
6526,2.6966218334138023
6527,0.89653052315571
6528,4.519716086490593
6529,2.0425567352166385
6530,4.582716243809577
6531,3.121539667408762
6532,4.173418433011794
6533,4.267919423328285
6534,3.7582726628762635
6535,4.689778021989692
6536,3.3947392007894326
6537,3.5046833749482205
6538,2.8220725880547177
6539,2.8112008442327414
6540,2.3795278231358923
6541,0.8995181946342583
6542,0.8414301284174878
6543,2.6003407040502102
6544,0.5186502928988602
6545,3.841078503248527
6546,3.9852608751498013
6547,4.052273135207421
6548,4.05778524514178
6549,3.815726314486247
6550,4.05778524514178
6551,2.6178621348261806
6552,4.1515763885957995
6553,2.3228293759786633
6554,1.2696849705518185
6555,1.9180497938153025
6556,0.651682335188176
6557,1.2771552278517588
6558,0.5552468887823456
6559,0.9717845424701728
6560,1.2065044297261507
6561,0.8241777409707368
6562,4.822467569258246
6563,3.140427198220955
6564,4.146814090084952
6565,3.62415646459266
6566,4.183943187491516
6567,4.464094239959132
6568,4.25238408521328
6569,2.995213110674762
6570,4.6190538019099066
6571,0.8674436520007834
6572,4.796310365978135
6573,0.9543765346889729
6574,3.020453272425734
6575,4.225059266642771
6576,0.5926458107915119
6577,4.038766673821135
6578,4.204819352602159
6579,4.189662702321823
6580,4.239648448938166
6581,4.189662702321823
6582,4.366705336556306
6583,4.681347253519797
6584,4.869927926714192
6585,2.0831027582893706
6586,3.089739120444468
6587,4.311951815254182
6588,0.6533152831348809
6589,3.9941950061126885
6590,1.0582828178638715
6591,4.257391102772483
6592,4.475667715055695
6593,4.257391102772483
6594,4.696005427547599
6595,4.257391102772483
6596,4.086298320047539
6597,4.524368614064538
6598,4.344559684208115
6599,3.5835156889591984
6600,4.4498982711216515
6601,2.818598411569635
6602,4.995153238556836
6603,2.3469774203097553
6604,1.2730450819181376
6605,4.381570344234882
6606,0.8966421717843566
6607,4.85167999957514
6608,1.176554683263397
6609,3.597567753512228
6610,3.7267365494591367
6611,0.6303516668107939
6612,4.727633121367039
6613,0.09681001193297478
6614,4.81930989706114
6615,1.589338231940458
6616,4.666812532861257
6617,2.7822669148180883
6618,4.3216481803316515
6619,4.283519264881904
6620,1.4464068847658258
6621,4.283519264881904
6622,1.1700743645455856
6623,4.341531036803916
6624,2.0546875293993976
6625,4.865747462730164
6626,4.067996959004194
6627,3.602214538838199
6628,4.419779138718606
6629,2.805735318400551
6630,4.419779138718606
6631,3.360251500889082
6632,3.6407239449878905
6633,4.204897344957671
6634,3.06707526239478
6635,4.214529702200294
6636,2.3268719750332307
6637,4.231211476026023
6638,1.333987872140753
6639,4.654954878479804
6640,1.8292170589821806
6641,4.493807050429639
6642,3.7264005022270434
6643,4.242626676797391
6644,3.7264005022270434
6645,1.9040301003105558
6646,3.7583877647930466
6647,1.3789992132490871
6648,3.847442896734622
6649,0.9110222076649711
6650,3.542261505469347
6651,1.8565911292868087
6652,2.783440574748744
6653,4.099600435828431
6654,2.0527734527196806
6655,4.358738719392394
6656,4.591005362067223
6657,4.358738719392394
6658,3.5769356926192653
6659,4.430226917388017
6660,4.469794097565067
6661,3.890639728964856
6662,4.717744940347909
6663,0.8773241804256358
6664,0.5045102315770151
6665,0.6375748880197631
6666,1.0810128049979764
6667,0.3256707824180423
6668,3.3360799400979624
6669,0.9501938421917616
6670,4.283370789703194
6671,1.5890996302119844
6672,4.389755757587624
6673,3.531483692992631
6674,4.885243032301636
6675,3.9054465679194856
6676,4.379231040497216
6677,4.47546273603008
6678,0.7110341861354148
6679,3.673089538599034
6680,0.7074181394177836
6681,2.244321754547027
6682,1.305654603672842
6683,0.6138146283245434
6684,2.4988809785053516
6685,1.8143502748027014
6686,3.1491650477576765
6687,3.018930460422993
6688,4.170928103522045
6689,3.954921031198819
6690,4.150767514853601
6691,4.084648086516407
6692,4.204714829619927
6693,4.084648086516407
6694,4.210304992694117
6695,4.084227043832553
6696,4.284107460892437
6697,3.5611727534591973
6698,4.550782654475827
6699,4.744805153445498
6700,4.779735839607837
6701,2.474774007463009
6702,2.0973299556415053
6703,2.027566863024437
6704,2.9856949929500636
6705,4.297092169082182
6706,4.297092169082182
6707,4.715655054387337
6708,4.377509635215452
6709,2.213313532726792
6710,0.8348090473184775
6711,2.085814284580931
6712,3.2474866846668373
6713,4.126398793494543
6714,1.4187526628557756
6715,1.2257664114766813
6716,1.014944991264606
6717,1.0831427442150978
6718,2.0541626399827377
6719,2.8553466516252484
6720,3.9922227086725997
6721,4.230275168111563
6722,3.7151169284197754
6723,2.546605084619889
6724,1.2299175859201192
6725,1.373304477939063
6726,1.8236478366763804
6727,3.7592056467556736
6728,4.436032951857668
6729,0.09568519287931815
6730,1.7592811472670395
6731,4.063845844297808
6732,4.10864630265139
6733,4.239795354132762
6734,4.707223310987903
6735,3.51063906584741
6736,0.9716344878652403
6737,2.119362610144848
6738,4.798086303612879
6739,3.440431794605456
6740,3.901409005345661
6741,4.5654530754375795
6742,3.4890337973828975
6743,1.6889702616933109
6744,3.174993094990539
6745,4.34483345158713
6746,4.4310556452403524
6747,4.161733591789874
6748,4.816197650798691
6749,2.805735318400551
6750,1.13468606885317
6751,0.9890491225079296
6752,2.162152100473977
6753,4.047236876035305
6754,4.199891677712793
6755,3.9758745767588497
6756,4.272150768810956
6757,4.32581989691252
6758,4.642953595284837
6759,4.311563510194033
6760,2.2802953890745834
6761,0.8565295536897763
6762,0.47897636631643303
6763,4.143110376211661
6764,4.013702381686975
6765,4.056845769414127
6766,4.284601197154014
6767,4.284601197154014
6768,4.716627067750726
6769,4.5494152779528605
6770,4.227028289612312
6771,1.9238614251189097
6772,1.4350316859202852
6773,1.8865198744559413
6774,3.258897831423381
6775,4.0091297474802685
6776,4.061680898918613
6777,4.091243028753006
6778,4.483801889292747
6779,4.225948039417495
6780,3.2240431960753853
6781,1.4892514425736745
6782,0.8294174697923237
6783,1.7987763850299536
6784,4.464094239959132
6785,4.512510473333307
6786,4.627898145125688
6787,4.549371380148067
6788,4.072769497765562
6789,1.7763226615130683
6790,1.2036067778121895
6791,0.4099823916339927
6792,0.4041938182285918
6793,2.1274795126550208
6794,3.1332982275901444
6795,4.291173659489924
6796,4.430867622531031
6797,4.075895771227699
6798,4.753542482486527
6799,3.54989081679538
6800,2.040747012550249
6801,1.5947902678233563
6802,0.9978464124223829
6803,0.5605861323945355
6804,0.909999780323323
6805,2.9866149124296046
6806,4.188324442643522
6807,4.217539418350365
6808,4.765707159924058
6809,1.3036647748202719
6810,0.4915609890653394
6811,0.9548474718766556
6812,4.362660997454933
6813,4.1184181203051375
6814,4.299137563536542
6815,1.6678957418491003
6816,0.9424474986611008
6817,-0.02715952732157065
6818,0.06202676069158694
6819,3.1980831222696833
6820,4.354355251718312
6821,4.130338150764371
6822,4.283519264881904
6823,4.632269019588206
6824,4.692848588166059
6825,2.263860809069262
6826,0.9808311561457761
6827,0.2274156261222843
6828,0.5359453065902672
6829,1.6819715186511968
6830,2.656886629888304
6831,4.052607092342675
6832,4.364216895695514
6833,4.732792295410941
6834,2.397780308684276
6835,0.939209914565713
6836,0.9851432870869594
6837,2.205451803669971
6838,3.3258267246482562
6839,3.8918617105325626
6840,4.055787018004831
6841,4.590784122123166
6842,3.2561352814650246
6843,4.47546273603008
6844,4.523704376700702
6845,4.560565283515462
6846,0.36229270432240374
6847,0.18832040863146393
6848,0.07654975327116945
6849,0.2004533128314065
6850,2.9382778028389644
6851,4.224074542070463
6852,4.084648086516407
6853,4.715856460590251
6854,4.281261505311053
6855,1.8320189357761878
6856,1.8469969449367891
6857,2.142026081548349
6858,4.222797045210881
6859,5.326503142716473
6860,5.186231212313204
6861,5.229374600040357
6862,5.341482647107937
6863,5.461415475623395
6864,4.428595591470035
6865,4.480204905763898
6866,2.456227403694681
6867,2.3957324981247883
6868,2.8549284649826965
6869,3.466235547342937
6870,5.230846914056441
6871,5.324013575705896
6872,5.324944510512191
6873,3.7483507411492463
6874,2.4956092341251215
6875,5.334458304442135
6876,5.44640836428725
6877,5.465537969626423
6878,5.077918847210225
6879,4.080551232699728
6880,1.7118326018285177
6881,2.129569012326979
6882,5.154584414655816
6883,5.308335619434574
6884,5.263478337842655
6885,5.3452879742921775
6886,5.76686273514867
6887,5.561170828871018
6888,4.996036662365825
6889,2.97662830499783
6890,2.0478614134923556
6891,1.7300080689013824
6892,5.057150765040812
6893,5.033876063007819
6894,5.626431413999707
6895,4.770152688330668
6896,4.352148975234151
6897,3.559376501939093
6898,1.7613994478813584
6899,2.979816958242411
6900,4.700172690381385
6901,4.735001786717392
6902,4.944377540132047
6903,5.105710378382468
6904,2.230836492598975
6905,4.3835684811238185
6906,5.381496579842963
6907,5.7518389909936305
6908,5.376245324664625
6909,5.426342824407022
6910,5.5167712945482865
6911,5.723230184212001
6912,5.697552033461104
6913,1.5152777187849695
6914,2.9665946747817418
6915,5.33779539796075
6916,5.4133466983870155
6917,5.691327253174109
6918,2.14503116671159
6919,2.0176299865408427
6920,3.14443279810475
6921,5.227845680916839
6922,5.506898802416502
6923,4.374185838840533
6924,3.3625108393474443
6925,4.65578643279731
6926,5.397457935908399
6927,5.402170798992179
6928,5.421300404331352
6929,4.598079336087682
6930,3.102614528679712
6931,1.36577163711811
6932,1.233211446010334
6933,1.6512639108454714
6934,5.041093974372924
6935,5.112943648231109
6936,4.979148961379402
6937,5.140630311118045
6938,2.4059546109799483
6939,4.0753083219009865
6940,5.307568138760593
6941,5.2911176585100055
6942,5.2911176585100055
6943,5.583445174601412
6944,5.744987155015183
6945,5.578933234341108
6946,4.8626521141184655
6947,4.128152946752971
6948,3.180603206734865
6949,1.3077538515654608
6950,1.713170978648017
6951,2.8506665584959947
6952,5.74494644450876
6953,5.402767682402854
6954,3.2712635710753992
6955,1.723329084340036
6956,1.436276827087676
6957,1.3180236718325646
6958,2.8816256396280053
6959,3.8774240944135627
6960,4.821959099314798
6961,5.518239846366365
6962,5.176972801114228
6963,5.119212338140719
6964,5.4219218297180225
6965,5.529159026479357
6966,5.877069351944987
6967,5.6498940744362915
6968,3.7800443442809257
6969,2.074299739284582
6970,1.4574204712498837
6971,5.2253107362642135
6972,5.708891901876101
6973,5.250782523560156
6974,5.352261749873606
6975,5.502187370603478
6976,5.775510636246957
6977,4.412329973086154
6978,2.896121164800435
6979,1.8896101646448582
6980,2.77322527209619
6981,4.139882373292281
6982,4.852178251718832
6983,5.450404919782399
6984,5.500287315808946
6985,4.842443660371375
6986,4.227867739414212
6987,4.147521074496752
6988,2.086944796952862
6989,2.9140627665698178
6990,4.332408798538728
6991,4.597346068033236
6992,4.81891255897937
6993,4.509838762449372
6994,4.723606783132184
6995,4.451005075884934
6996,2.7543011872590206
6997,1.8141391032305274
6998,1.6739770447148774
6999,2.000951490775983
7000,4.735921271046081
7001,4.628789367569664
7002,5.002846965535029
7003,4.059587829223707
7004,1.5300836685633739
7005,4.822774535282266
7006,5.341408516644225
7007,5.2637382375473
7008,5.468451348471376
7009,5.649707767949927
7010,3.711091420045815
7011,1.4039843868977337
7012,1.8066246887877038
7013,4.625386386539991
7014,5.188411497164364
7015,5.24876218552552
7016,5.194479135980467
7017,5.152655775255097
7018,5.509575540389251
7019,5.586524345456948
7020,3.2415374334562514
7021,1.5587615875230414
7022,2.6960252343379567
7023,3.5337789722530446
7024,5.414492131573625
7025,5.356731668600116
7026,5.335484404726048
7027,5.335484404726048
7028,5.748598556726009
7029,5.612028831908427
7030,1.5205391592799404
7031,5.344048729747177
7032,5.289765680202124
7033,5.107512499698579
7034,2.0667870694093655
7035,1.7938173894930638
7036,3.411836637913297
7037,4.567714413288562
7038,5.140167861616463
7039,3.5452576532502076
7040,3.2391404083877706
7041,2.8643160929574543
7042,2.843316864304424
7043,2.297575827650939
7044,3.7047045420810893
7045,4.510897586219093
7046,5.221474231053167
7047,4.730107965959443
7048,4.231069903195324
7049,3.618764123083528
7050,1.1642757039747658
7051,0.7841154258193399
7052,2.322386200656585
7053,5.130154517593804
7054,5.290324475533385
7055,5.488730998007485
7056,5.65384166581708
7057,5.609473560610319
7058,5.476864445330672
7059,1.5903989286211373
7060,5.073430777625778
7061,4.868480209551694
7062,4.867553958386944
7063,4.554097844865013
7064,2.2825743727286163
7065,1.193050831564491
7066,4.628468999771168
7067,5.2565731253412045
7068,5.166911757926217
7069,3.9143983129084052
7070,3.391224428375515
7071,1.1695052542352118
7072,3.5875386355959864
7073,5.315439482392704
7074,5.425540868069619
7075,4.767919417987201
7076,1.6646976561746083
7077,1.3122124909128727
7078,1.1963861231924138
7079,5.0869411698359785
7080,5.32534765068713
7081,3.5835281909166588
7082,4.872887694716822
7083,3.538178137405262
7084,2.9892106353957075
7085,2.230564704752477
7086,4.56178616356489
7087,5.238644934795801
7088,5.3106465742335995
7089,5.092662952825671
7090,2.360767292687435
7091,1.9692185131592195
7092,1.1642757039747658
7093,1.0450118511556914
7094,1.0998177408903307
7095,2.681604237836507
7096,4.640609343337517
7097,5.360555838414013
7098,5.192137902322205
7099,5.19542300995898
7100,5.592962052405275
7101,4.785340236528298
7102,3.836407027791147
7103,3.2236404503046128
7104,2.6791959189083907
7105,1.1319069248256501
7106,2.6203805916052487
7107,5.327841170866042
7108,5.0975121825990275
7109,4.966547563959443
7110,5.003676661366007
7111,5.31348990085997
7112,5.329104417808018
7113,5.4857683662511985
7114,5.65443546559473
7115,5.719860997432014
7116,2.3573055518065806
7117,1.4694186824772204
7118,5.382929069427256
7119,5.305465867195805
7120,5.384948262543412
7121,5.361673560510419
7122,5.423422299587016
7123,5.703658322045522
7124,2.1823892838185466
7125,5.354218321507036
7126,5.330943619474042
7127,3.9143983129084052
7128,1.1185881273091796
7129,1.0406034412950325
7130,3.418828844022604
7131,5.146678215954699
7132,5.321538606862092
7133,5.374196516319956
7134,1.6209994434060633
7135,4.212796000040456
7136,4.9589783518815205
7137,5.258289816906757
7138,5.264577244708155
7139,5.264577244708155
7140,5.134111645165068
7141,3.52834159790521
7142,2.4742543308632885
7143,2.203744707861644
7144,2.282821589660433
7145,3.446161605127825
7146,4.473000030480431
7147,4.694566521426565
7148,4.723076086098494
7149,5.267306164897394
7150,4.292928507742199
7151,3.0670796455608533
7152,2.35017584201378
7153,0.9829571611142568
7154,1.4216429906475727
7155,2.5863393059746
7156,3.6911586501538203
7157,4.651722727614668
7158,5.007285931825544
7159,5.07803045993559
7160,5.498650780953832
7161,1.829212325966158
7162,2.94425039435858
7163,5.668329715063018
7164,4.905979337331896
7165,5.424202567704657
7166,3.3730227977973497
7167,2.378045166143589
7168,3.0413517831144423
7169,4.5948683649697815
7170,5.317726147904498
7171,5.324013575705896
7172,5.403570243833326
7173,4.842443660371375
7174,2.969677935736427
7175,2.4380428621652714
7176,2.3753060636729217
7177,2.5979423844570944
7178,4.561091015302879
7179,5.236483576755874
7180,5.25600881994021
7181,5.334458304442135
7182,3.0528773359732435
7183,4.245869669102109
7184,5.226349240436091
7185,5.263478337842655
7186,5.748295603138262
7187,4.152382368948248
7188,3.4299668986207794
7189,2.110458030216114
7190,2.977049152828265
7191,4.9962656675188395
7192,5.2748549424803715
7193,4.643316866974562
7194,5.033876063007819
7195,5.370436506011681
7196,5.7634418568055175
7197,3.0901366085090505
7198,1.9615620110866778
7199,2.1020959106806374
7200,4.239110003793277
7201,5.722397738407777
7202,4.910541901847874
7203,4.981644306576936
7204,4.707898754512675
7205,5.5218716560721015
7206,5.05199430982167
7207,3.750186750443387
7208,2.2390431843352623
7209,5.421565559487517
7210,5.4219218297180225
7211,5.864681620013916
7212,4.343661509767841
7213,4.045938888264484
7214,1.9860125310353678
7215,4.117440085638304
7216,5.084030106035139
7217,5.809195097931354
7218,5.424242921679794
7219,5.390071996354022
7220,5.735617916143072
7221,5.85521122191169
7222,4.390075845694973
7223,4.1358163466199755
7224,3.8096010728790732
7225,2.0327319605506156
7226,2.8709582523996757
7227,3.6879813491838065
7228,5.418555086418399
7229,5.187513741423696
7230,4.791570066492754
7231,3.623699925259047
7232,2.345817057463348
7233,2.3108229630393424
7234,3.1836480938377325
7235,4.890553551732886
7236,5.112120042679019
7237,5.243012693920204
7238,5.302608471078135
7239,5.193072841024038
7240,4.994023011018625
7241,2.7817898124226805
7242,5.401095827172033
7243,5.140630311118045
7244,5.268494125105005
7245,5.385447556070975
7246,5.192997919808874
7247,4.66658729707608
7248,1.669756890004659
7249,5.094341609289893
7250,5.753701074978625
7251,5.22558175976211
7252,5.314392360542999
7253,5.366940705175776
7254,5.7204556174072225
7255,3.7517334224545063
7256,2.6972941091097726
7257,1.6560417842146198
7258,5.426042384435847
7259,5.402767682402854
7260,5.805800537035204
7261,3.93306787689414
7262,2.856409865559727
7263,5.084383241804712
7264,5.426342824407022
7265,5.735617916143072
7266,5.096477797605544
7267,4.295228615611951
7268,4.034744336249959
7269,1.6791386577687506
7270,1.810465734547223
7271,4.316019825046024
7272,5.3755364519066
7273,5.352261749873606
7274,5.708646260267193
7275,5.661932094318324
7276,4.158070474011156
7277,3.8318552002702537
7278,2.3494198635816885
7279,2.010939083657223
7280,2.666551835808088
7281,3.233648364089953
7282,5.001230360964149
7283,5.036059457300156
7284,3.4029174721978066
7285,4.450242985291442
7286,4.526368822599219
7287,4.560949519729919
7288,3.887296194979192
7289,3.1176291401363443
7290,2.842167757701696
7291,4.114665731636672
7292,4.6055146655366705
7293,5.431016352285248
7294,5.503618339559408
7295,3.4469197213078027
7296,2.9614330193952294
7297,2.4670043480086012
7298,1.3058706346527298
7299,1.7270452730213621
7300,3.8809137467131136
7301,5.786718210755738
7302,5.774712116996473
7303,5.591797574907877
7304,2.692512260624422
7305,1.727553180216689
7306,1.503843009274032
7307,5.153582026419847
7308,5.152655775255097
7309,5.239289216369599
7310,5.6392939287740385
7311,4.821721451606973
7312,4.107161345843893
7313,2.442986074667908
7314,1.5631809397883052
7315,1.094781039614792
7316,4.522402486688387
7317,5.459510384455152
7318,5.626478835556477
7319,4.889130044261943
7320,4.168711087137713
7321,3.3334844055916153
7322,1.611850849650239
7323,3.684662292230677
7324,5.024690314087537
7325,5.128760763889486
7326,5.032031194300271
7327,4.35711000074041
7328,3.5805354185033975
7329,2.986123512638513
7330,1.7483534568789492
7331,2.62486718160997
7332,4.9788714921849415
7333,5.140167861616463
7334,2.2321272855136964
7335,1.9229177272238136
7336,2.1344241230583623
7337,3.9131209416105204
7338,4.451301809061162
7339,4.510897586219093
7340,5.234830812063866
7341,4.976100319219634
7342,2.442387577123497
7343,1.9692185131592195
7344,1.0450118511556914
7345,3.71819578012499
7346,5.183974613907885
7347,5.1537756034011695
7348,4.706940238248666
7349,3.7539213673994634
7350,5.551793446417947
7351,4.509997577533917
7352,4.3456035644040245
7353,4.955720184304536
7354,5.375823385863619
7355,5.391503358810589
7356,5.330100858239244
7357,3.8845604398989377
7358,3.3488833227505173
7359,1.409309229638973
7360,1.1868877323938594
7361,1.5626191877471338
7362,2.688984842645488
7363,5.256896156195558
7364,5.310856174886258
7365,5.213429737614051
7366,5.167838009090967
7367,5.661926870372127
7368,5.532181220328486
7369,4.713735239619147
7370,2.0714452370645526
7371,1.3146450237863783
7372,1.546380481204123
7373,2.6836441280190386
7374,5.169839622140493
7375,5.153227774280136
7376,4.882704635298903
7377,4.99002140250411
7378,4.882704635298903
7379,5.592509319170944
7380,5.067409191546578
7381,5.733960754972858
7382,5.3478369336947615
7383,5.674780260228236
7384,4.877959587444332
7385,2.4424546695381397
7386,3.774437445855416
7387,2.6258542300459173
7388,2.7149755759706933
7389,4.989514732563772
7390,5.1984325404127345
7391,5.032658120290925
7392,5.273990301783594
7393,5.41491588463307
7394,5.453452639859873
7395,5.664604256331114
7396,5.491913959831429
7397,5.616757617781066
7398,5.539115908416696
7399,5.52595644004149
7400,4.236283086603429
7401,4.76723235248374
7402,4.031295521856652
7403,3.9154731301500174
7404,2.1075196474506823
7405,2.0738586689733696
7406,2.7363064188016675
7407,1.7886901051628168
7408,3.1140071585463778
7409,3.0668452511397817
7410,5.20391396676819
7411,4.164545759502282
7412,5.25600881994021
7413,4.975771533730209
7414,5.44169550120347
7415,5.238018624423631
7416,5.327274104024586
7417,2.588587134564307
7418,4.595417997069409
7419,1.7809928672083064
7420,3.7860832869594883
7421,1.528344189197328
7422,3.2888980722651313
7423,1.458659767951343
7424,2.958683649243129
7425,1.9834369278668609
7426,1.8519946603441677
7427,2.619686794350964
7428,1.6670628309920932
7429,4.035838341843117
7430,5.632947083447985
7431,4.783352654511024
7432,5.240203635809662
7433,5.17904915763787
7434,5.240203635809662
7435,5.238644934795801
7436,5.583184935328667
7437,5.332067568701511
7438,4.3982803678387965
7439,4.846670599565481
7440,1.814143307953801
7441,4.245683077325106
7442,4.0342836839635945
7443,5.101188708601561
7444,4.820909081617996
7445,5.19542300995898
7446,4.680445964381126
7447,5.257628726566314
7448,5.387364550154785
7449,5.622745750473874
7450,5.251747924255543
7451,1.324729317022916
7452,4.281791972266561
7453,1.08379115556497
7454,1.7613994478813584
7455,1.4831169447903332
7456,5.229199940951359
7457,3.622250013069199
7458,4.963661900010049
7459,4.638384292010913
7460,4.963661900010049
7461,5.31348990085997
7462,5.668625218286549
7463,4.8112488687781365
7464,4.549956913524178
7465,3.9039624586087323
7466,4.45595421035187
7467,3.522892275631304
7468,3.358987006428801
7469,1.137424757052081
7470,1.9123838874391568
7471,1.5522255374986837
7472,1.9040695960480107
7473,4.664784909599701
7474,3.108789473193811
7475,5.261652449372205
7476,5.333101936937472
7477,5.361673560510419
7478,5.4219218297180225
7479,5.530550229705886
7480,5.894611022484502
7481,3.2494910407083553
7482,5.144135756630355
7483,2.659432597653804
7484,3.7849545743773136
7485,1.9000674996602902
7486,2.7872494813570774
7487,1.10856858168647
7488,1.6435732104013054
7489,0.9454338533224722
7490,1.8683229820823088
7491,4.459931111466665
7492,5.3029663016247435
7493,5.394849099886489
7494,5.390071996354022
7495,5.317385897655038
7496,5.529159026479357
7497,5.724715395508879
7498,5.837669551372175
7499,5.671039030623937
7500,5.13791097634336
7501,4.853984323607059
7502,3.0695427858848143
7503,2.9535933675034562
7504,2.524034823623578
7505,2.4347795390754183
7506,4.7432099982635005
7507,4.288687884957346
7508,5.14308504012702
7509,5.266986911317213
7510,5.262674777252846
7511,5.298263904829098
7512,5.317017275146473
7513,5.514769251833254
7514,5.323304702947871
7515,5.648477543600078
7516,5.323304702947871
7517,5.51503890812056
7518,5.468437482444946
7519,5.495444345089285
7520,5.351379712519252
7521,4.820523151529424
7522,4.302627265117798
7523,3.0083019974974556
7524,2.7689708790838172
7525,5.343153211367897
7526,2.2480861645469927
7527,5.386233464475135
7528,2.459592560381543
7529,5.336589994644832
7530,2.775279477030622
7531,1.8558015695454004
7532,5.139959577254502
7533,1.2979100916545123
7534,5.302608471078135
7535,1.2282256704085273
7536,3.9036307065622373
7537,2.014937807901449
7538,3.6019736541959033
7539,5.207710387739463
7540,1.955861145495391
7541,5.347397113079297
7542,1.243088442606225
7543,5.325976118611385
7544,4.140297118371448
7545,5.152460420933017
7546,5.016278058785966
7547,3.375391783255287
7548,5.158612717684932
7549,1.5057425851303712
7550,5.5416391360885795
7551,1.0494345880019234
7552,5.706749803898174
7553,4.634982825341348
7554,3.9040111846709213
7555,5.044415029232108
7556,3.656153540132683
7557,5.609361238567739
7558,3.3132902559727975
7559,3.315813936775835
7560,1.4756458241098502
7561,2.9655684114907324
7562,1.3792103777040197
7563,1.8159978864417246
7564,3.053065519857492
7565,5.262710857168674
7566,1.4406459046631084
7567,4.062878030339679
7568,5.054900465360266
7569,5.412434963049703
7570,5.319845403740187
7571,5.354674500076194
7572,5.51559761460147
7573,5.7220565042651845
7574,5.863507940067099
7575,5.608741548011808
7576,5.055325271181059
7577,4.1935521562561355
7578,1.744361992813091
7579,5.4219218297180225
7580,5.846953063459689
7581,2.8587675259614027
7582,3.008309480814447
7583,5.317505801255827
7584,5.215953427224149
7585,5.810697895496295
7586,5.1021730477777805
7587,1.9010938810156617
7588,5.330414319806743
7589,5.355555454952135
7590,5.355555454952135
7591,5.538748635780502
7592,5.402253306397874
7593,5.238387335302317
7594,3.5518429013382344
7595,2.7543713264020275
7596,2.4280894303718097
7597,2.1301227676240124
7598,2.428617690481849
7599,2.5743075157269435
7600,4.846752093554853
7601,4.509838762449372
7602,4.569336921500376
7603,4.644319437670713
7604,3.6169882656525356
7605,1.6523829805122283
7606,5.053214253349569
7607,5.4920177488873
7608,4.558329056402647
7609,4.5954581538092105
7610,4.6055146655366705
7611,5.265905684475653
7612,5.636227454839054
7613,4.787337219336765
7614,1.3359726026685645
7615,2.8643089198362772
7616,5.362133897881711
7617,5.226609140140736
7618,5.360874174720558
7619,5.342891768153671
7620,5.342891768153671
7621,4.8813414542448434
7622,4.08751094434428
7623,3.156316898825366
7624,2.9528818075194585
7625,3.6997650455990527
7626,5.151335748253314
7627,5.355799162681998
7628,3.6585626151643598
7629,1.2761286825359448
7630,4.433113336163761
7631,5.321902572264109
7632,5.358759106759042
7633,5.800894380687576
7634,3.8678781793293506
7635,2.7169792995177566
7636,1.2593656843885037
7637,1.2406682237058708
7638,2.5919229869203133
7639,4.661910351408986
7640,5.290337507833376
7641,5.246622292474971
7642,5.1307872017315725
7643,5.107512499698579
7644,4.84805204945062
7645,5.229564068555557
7646,3.7612394910100004
7647,2.4769340619175635
7648,1.760590120142167
7649,2.9614864320626446
7650,4.782550058453
7651,4.935728104457788
7652,5.133880433815065
7653,4.5520075968530636
7654,4.527813315306645
7655,4.564085095576764
7656,4.052022786091528
7657,3.93753705605319
7658,3.371618281303573
7659,2.0238084816367263
7660,1.9389591494347236
7661,2.6203875912711587
7662,3.8496768864548914
7663,3.9409604761860035
7664,5.256251806531777
7665,3.2766599727001964
7666,1.1941946659656208
7667,4.66420898372234
7668,5.264155375709549
7669,5.0930254201872405
7670,5.130500901368176
7671,5.130500901368176
7672,3.3236300651139516
7673,2.5772111361246783
7674,2.1164117667450175
7675,1.4871385288083225
7676,1.294316136611057
7677,1.2040528940622373
7678,2.6911577947999907
7679,4.134982500930855
7680,4.382732661810588
7681,4.867553958386944
7682,5.184241087260666
7683,2.8209470192213506
7684,3.651220940592859
7685,5.166911757926217
7686,5.341182041563549
7687,5.508150492664874
7688,5.656157418353878
7689,2.916355025362092
7690,1.1143886801988845
7691,4.554555685771338
7692,5.067484604735561
7693,4.94620798468051
7694,5.338714184425697
7695,5.315439482392704
7696,5.550804062202843
7697,3.9567298120630796
7698,3.4707942696715537
7699,2.9959248666581306
7700,1.5275825373464844
7701,3.6483441631353575
7702,4.59795008673806
7703,5.2921827693699335
7704,5.348622352720123
7705,5.32534765068713
7706,5.581884335734395
7707,2.9912901958736087
7708,2.5522550957850547
7709,1.7356797774121604
7710,1.7198248565099727
7711,2.4735810688010145
7712,2.6247779121676333
7713,4.822593487725421
7714,5.0189149214573625
7715,4.866600266915424
7716,4.872887694716822
7717,5.359883366061757
7718,5.370275323525914
7719,5.389404928865087
7720,5.053605845661325
7721,4.45261832342095
7722,3.8208511423104006
7723,2.1051217239719433
7724,4.811862219182953
7725,5.297289993222901
7726,3.574382180788831
7727,3.077671096234508
7728,1.5443405910215906
7729,3.668309162709939
7730,5.138317806008125
7731,5.2186977119919735
7732,5.396194728057959
7733,5.561343249902529
7734,1.8988807821081188
7735,5.336764602892964
7736,5.587251882152367
7737,2.8775873800725105
7738,1.2576334850919217
7739,2.689489184313598
7740,3.6977678594243493
7741,5.287473462274728
7742,5.6609598905103855
7743,5.608190307193294
7744,4.8433874133433195
7745,0.8711603540776574
7746,1.212743571973448
7747,2.350007218788366
7748,3.473537962258878
7749,4.343397003193619
7750,5.273572479831438
7751,5.330943619474042
7752,5.411034567655945
7753,5.551607303169243
7754,5.618269447306846
7755,3.4284627705168793
7756,1.9706704992988282
7757,1.3814643637635446
7758,1.336507846375983
7759,4.208247031232975
7760,5.102864798131099
7761,5.298263904829098
7762,3.969723273915229
7763,3.6005399925405057
7764,2.4612172172607973
7765,2.0150885976603954
7766,1.7421189177440926
7767,1.608762780142845
7768,2.3857044513060757
7769,2.6730281527058084
7770,3.115095491677956
7771,5.108030461126837
7772,5.151843878950436
7773,5.353545168832054
7774,4.490302793835725
7775,3.0392371405456533
7776,1.5902770596113986
7777,1.7530028303240452
7778,5.267306164897394
7779,5.312619537600687
7780,4.938707923764318
7781,0.9301707351828493
7782,5.181096043596192
7783,5.101305161968583
7784,5.07803045993559
7785,5.16814319034345
7786,5.444250570758144
7787,5.332596860279756
7788,4.652036583337678
7789,1.8446825051638986
7790,4.720618380658421
7791,4.979827111876265
7792,4.301094602415394
7793,3.236727313513271
7794,4.21985378702391
7795,4.913625994426314
7796,5.030067358108764
7797,5.110656983212555
7798,5.1796015646770055
7799,3.781629878498204
7800,3.4533925087229855
7801,3.183698472117946
7802,2.072779852135324
7803,2.5236815465691222
7804,4.2146384559934225
7805,4.983995302445475
7806,5.220531934623467
7807,2.4270778355945493
7808,1.2156842446260694
7809,2.8106778418095457
7810,4.042340720615639
7811,4.828269971163447
7812,4.225848324160848
7813,4.262977421567412
7814,4.596549360916562
7815,3.896231636431366
7816,2.571659729755434
7817,1.6138322866605679
7818,5.320357138491297
7819,4.5259342792785295
7820,4.789457019032369
7821,4.066853895926986
7822,3.879650623241504
7823,1.4482564201583823
7824,1.8986846878846657
7825,4.157551960862052
7826,4.872535772084804
7827,4.984229448258084
7828,5.1521824164707555
7829,4.587522579032355
7830,2.253895658479731
7831,2.6853221757864736
7832,3.870311276920526
7833,5.318245089743577
7834,4.836952551329695
7835,4.947332948091967
7836,5.125166551622169
7837,5.37043072470528
7838,3.2693868842763294
7839,2.5295847683394976
7840,3.378964487127645
7841,4.945052938982455
7842,5.0293584853507385
7843,5.235624514965809
7844,3.9508538862011995
7845,2.8616701587808397
7846,1.9945851466849782
7847,2.2258717966397374
7848,2.562654604798077
7849,4.877992983274162
7850,5.073394898800729
7851,4.9244135456522375
7852,4.150585828134065
7853,0.7924560468032052
7854,2.5698533982916856
7855,3.9587752668316423
7856,4.957492180176222
7857,4.723003432365461
7858,4.875318862815094
7859,5.187269157218064
7860,5.393721017119706
7861,4.682736723241341
7862,4.145082539900895
7863,0.9808277204695425
7864,5.246098229066154
7865,4.803190447811205
7866,4.871532758133952
7867,4.966515125796291
7868,4.289779048212309
7869,2.04220509909816
7870,0.7751706217444517
7871,1.3432540477530035
7872,5.23335867766274
7873,4.985063471991479
7874,4.985063471991479
7875,5.116651806546399
7876,4.498712093583059
7877,2.270336723135881
7878,0.8302566102191345
7879,4.597474979874865
7880,4.623380919040198
7881,4.96537574091409
7882,5.558270019401358
7883,3.795063872426072
7884,2.273276740470452
7885,1.0535350953741212
7886,1.4949667675576042
7887,4.909923620251815
7888,4.909923620251815
7889,4.909923620251815
7890,5.347026661536076
7891,3.907118563098157
7892,3.529609258994719
7893,1.4801705953320594
7894,4.45568838192246
7895,4.701776812081344
7896,5.1570907405213635
7897,5.267474348329809
7898,4.783323600175574
7899,3.8127911008411712
7900,3.0255656959473214
7901,2.8771637554758738
7902,2.0728004967898914
7903,1.7497991161473472
7904,2.1282392708881557
7905,4.571388829234654
7906,2.22830300566947
7907,1.2555777467919458
7908,1.699595853468948
7909,5.052976196562807
7910,4.151862336541978
7911,4.911901384973819
7912,5.118353244875461
7913,4.9763306566747705
7914,2.583036420841009
7915,5.029767150969105
7916,2.5895121090810336
7917,2.10684003684084
7918,3.418257260250088
7919,2.6365665988909535
7920,0.8040659089770359
7921,0.6368437979039286
7922,4.844274681822754
7923,4.8992386974015725
7924,4.8992386974015725
7925,4.8992386974015725
7926,5.4479067052662655
7927,4.3158560597155216
7928,3.668546343951833
7929,2.766278697207019
7930,1.206242454271601
7931,4.866294116815129
7932,4.764348653871764
7933,4.807492041598917
7934,4.408177194605393
7935,4.831472203502163
7936,4.730848609153455
7937,4.499840448030538
7938,3.8136756938630225
7939,1.9435802390402188
7940,1.695610851019795
7941,2.654798572746145
7942,3.103361710323321
7943,4.171766477958375
7944,4.413340273302101
7945,4.8247408875509565
7946,4.854303017385349
7947,3.7315316921236255
7948,3.088629350021627
7949,2.8514231638350447
7950,1.6716534854065432
7951,3.4544010050611327
7952,3.577648276495358
7953,4.186107311033458
7954,4.2689777902243815
7955,4.99891379089672
7956,3.7669155882932825
7957,0.3576149017502967
7958,0.89685103749421
7959,4.405156137981051
7960,4.7366244659514125
7961,4.718567236721961
7962,4.718567236721961
7963,4.718567236721961
7964,5.341213797678876
7965,5.2330967296462
7966,1.5545567985581352
7967,0.759866059878407
7968,1.241661690850552
7969,2.4144121512044583
7970,5.127290616940259
7971,4.1311371910676105
7972,3.9425487072014547
7973,3.979677804608019
7974,4.454769978221448
7975,5.038848235775571
7976,3.999871562834948
7977,3.3466305705323585
7978,2.6564529069484313
7979,1.6278862813572714
7980,0.8887079409312928
7981,0.660467601743482
7982,2.395586361325263
7983,4.797052715983735
7984,5.326318693165212
7985,2.6987940125734284
7986,0.91480628274581
7987,4.75230535364138
7988,4.468544854967573
7989,1.8191987578664903
7990,0.7928377035801171
7991,2.3826838134948174
7992,3.4398040635294773
7993,4.35572723725143
7994,4.609151317632348
7995,4.905762750311077
7996,4.905762750311077
7997,4.905762750311077
7998,5.0144903052535845
7999,2.4194387393271595
8000,1.9521321686869444
8001,1.6328521805613343
8002,2.094442458560135
8003,2.797865993912011
8004,3.8324135634097303
8005,4.430630473328785
8006,4.548369385950731
8007,5.1185315600546595
8008,4.582282222226424
8009,2.9225099980908946
8010,1.9882099181955801
8011,1.7773437790734403
8012,1.6751232019950328
8013,2.3984120062498633
8014,3.6893764325774656
8015,4.153805287494427
8016,4.486149365728808
8017,4.917082563657531
8018,4.807342850505447
8019,3.1027177800277475
8020,1.7478530895932112
8021,3.4230301671092183
8022,4.871455643343289
8023,4.744787754365733
8024,4.64931953497393
8025,4.766828538364343
8026,4.848193575968245
8027,5.263673377318648
8028,3.333219899478703
8029,2.597203516963727
8030,0.833957848217802
8031,2.3689379125125476
8032,4.405627910029379
8033,4.859537631091873
8034,5.025221458213595
8035,2.2907240265910973
8036,1.2081535055726866
8037,2.4174087465626544
8038,3.4780564686653235
8039,4.746259432750149
8040,4.907320372102058
8041,4.907320372102058
8042,5.007815684583522
8043,5.153748898121788
8044,1.4898216115247165
8045,5.221460135192105
8046,4.978030087586094
8047,2.6636363607312146
8048,4.763761768385574
8049,1.3704049023131046
8050,4.4590132895532095
8051,0.4689561462066063
8052,4.4590132895532095
8053,3.2840808044409413
8054,4.4590132895532095
8055,4.758179463209382
8056,5.065524738845424
8057,4.975840700244152
8058,3.8862859335920303
8059,5.155218719176846
8060,1.994887006640691
8061,5.231539275305656
8062,2.026878568501974
8063,0.9816256227229758
8064,2.017591752852787
8065,2.1929533342655634
8066,2.5135549809225184
8067,3.2293716862046673
8068,2.7555972811822587
8069,4.626238532530528
8070,4.956769382153468
8071,4.965994168690016
8072,5.030067358108764
8073,5.282058185761972
8074,4.8698807753854485
8075,4.913197352991159
8076,1.762134799297377
8077,2.404798880903677
8078,2.917061789276906
8079,1.32119563206049
8080,4.859679350171532
8081,2.8378439719085846
8082,4.150585828134065
8083,3.872391541406304
8084,3.2636337329529073
8085,4.924007171687943
8086,2.7796992623609165
8087,4.662387103089904
8088,1.2604540154624944
8089,4.0073346911529075
8090,1.8153779239882302
8091,3.065824322819817
8092,4.917372716288595
8093,1.2369569051799567
8094,5.0509448715750676
8095,0.8729381309830174
8096,4.474567144462224
8097,1.4344825521103584
8098,3.9499200912957386
8099,1.7677769644954182
8100,2.9446148923942728
8101,1.9877185430933122
8102,2.4923332020414364
8103,4.065019154409967
8104,1.6117352934290683
8105,4.368853667972419
8106,1.3660352467771841
8107,4.929082986810701
8108,1.3241798438049774
8109,5.011953466001626
8110,4.786768551636264
8111,4.450693382307504
8112,4.842822483549872
8113,3.7936704056777306
8114,4.596549360916562
8115,2.492113404799037
8116,5.247104555595996
8117,1.788460345354331
8118,5.425456190493854
8119,2.344513101164745
8120,5.003175622640528
8121,4.691453914059284
8122,4.7332804052075845
8123,4.681474174924922
8124,4.2404416086750585
8125,4.681474174924922
8126,1.4016877823419198
8127,4.681474174924922
8128,1.4016877823419198
8129,4.775368846693803
8130,1.8333069861547107
8131,5.090281510527893
8132,4.110939838862066
8133,5.296733370429535
8134,5.067347026139397
8135,5.149129901917742
8136,4.505553546201211
8137,4.275115800757931
8138,4.5259342792785295
8139,4.325676806559046
8140,5.31843578987983
8141,5.011386432864189
8142,4.530265526006107
8143,3.2300920031627447
8144,2.7416631225978905
8145,1.8302877464899934
8146,1.4399421287672363
8147,2.848629262654552
8148,5.121797309700446
8149,4.972915502103906
8150,4.96537574091409
8151,4.984229448258084
8152,5.343502407168026
8153,3.8434967665819624
8154,3.1864981245856523
8155,1.2396878345255429
8156,5.475460066306821
8157,3.5393933181875075
8158,2.499330589541374
8159,2.1500580178663746
8160,1.7156823315188836
8161,1.6033831253579083
8162,2.837203004322066
8163,4.763255977279068
8164,4.999796355516346
8165,5.125240907157363
8166,5.194185488621814
8167,4.325663689398623
8168,2.061802700291199
8169,2.9867027245682607
8170,4.546318935136227
8171,4.990524419609806
8172,5.177633553376173
8173,5.201408601897857
8174,5.2115225097825695
8175,3.5071451097450606
8176,3.0509875109432194
8177,1.3832704533039601
8178,0.9369981790243098
8179,4.543940594700196
8180,4.58106969210676
8181,5.02609721142396
8182,3.450916899347921
8183,3.052783817603483
8184,1.1869207274776805
8185,3.811526675458516
8186,4.766061350404641
8187,5.221824878641322
8188,2.6133974983502686
8189,2.5527412217760337
8190,3.795111462963657
8191,4.942597243317935
8192,4.985063471991479
8193,5.361915979629509
8194,5.420726714846048
8195,5.063371931021458
8196,3.6933874130702553
8197,3.3096533286798206
8198,2.704057862690803
8199,0.9721493598069013
8200,1.3704601409845272
8201,2.5797153819744945
8202,4.7237606490593
8203,4.984229448258084
8204,5.375477391507396
8205,4.539864620007544
8206,1.671974422680311
8207,1.2214413117289729
8208,2.7648021079998806
8209,4.106656142508952
8210,4.98226430384639
8211,4.851885139872468
8212,4.7499396769291025
8213,5.323871816421101
8214,5.428901158022643
8215,4.525343302020427
8216,3.2596028250835407
8217,2.3337633638830244
8218,1.4951795850426566
8219,2.467931000697729
8220,4.666947715745336
8221,5.061208318714739
8222,5.061208318714739
8223,5.226035321985814
8224,4.599228363810137
8225,4.178215980129658
8226,2.6113766232728852
8227,1.2771718109945949
8228,3.919445378782176
8229,4.824311150614327
8230,4.121567939750479
8231,4.121567939750479
8232,3.556400700911262
8233,2.359954184477001
8234,1.874837730426781
8235,0.8616838004689003
8236,1.3737811798510415
8237,3.6901123771539317
8238,4.562377477799732
8239,4.899907091227626
8240,4.905199386693733
8241,4.905199386693733
8242,5.289968161954516
8243,5.468319796852374
8244,3.08807779047176
8245,1.2447170176897104
8246,1.0090249056337244
8247,2.7420414081678293
8248,4.726298814038017
8249,4.7694422017651705
8250,4.755307567715413
8251,4.755307567715413
8252,4.856686305183864
8253,5.207119104714958
8254,5.059378315300613
8255,4.283331860842988
8256,2.997382940769339
8257,2.4239447965870125
8258,3.3443218144351077
8259,4.174060490422472
8260,4.095183602289875
8261,4.9446544118418565
8262,4.879103778158761
8263,5.078672057483966
8264,5.399159751549997
8265,5.049998407969655
8266,3.2444636311150314
8267,2.144922094280879
8268,1.2098624893094319
8269,3.4947262283893092
8270,4.88090031339744
8271,4.705750267516276
8272,4.705750267516276
8273,4.705750267516276
8274,4.623620742661704
8275,3.2465958137601234
8276,2.390875710111029
8277,1.4106592299901632
8278,1.3916880034574493
8279,2.304968989400293
8280,4.241423567949304
8281,4.23629147184079
8282,3.4921523134322645
8283,2.801981069202583
8284,2.357371719591291
8285,1.919927142452917
8286,2.0781161806288213
8287,2.3569665578607912
8288,3.306639299414713
8289,3.6054878110708417
8290,4.2689777902243815
8291,4.277197211665057
8292,3.184864848503146
8293,2.719510893091373
8294,1.8984892416170402
8295,1.3685968319228734
8296,2.0970341663602277
8297,4.836936491311038
8298,5.134761937777234
8299,4.16840899475638
8300,2.7353591765940317
8301,2.0451490874344813
8302,3.954300870923166
8303,4.859066397737341
8304,4.454769978221448
8305,4.538598558705046
8306,1.197229112251856
8307,4.844777154362573
8308,4.855854791199947
8309,4.753909328256582
8310,5.254823707856564
8311,4.140862173712989
8312,1.222946207936369
8313,2.4322014489263375
8314,3.3884650034952037
8315,4.8777471009327655
8316,5.213182460767233
8317,2.809614595276533
8318,2.3909540320928326
8319,4.864141539169487
8320,5.172013754762027
8321,3.410662638802287
8322,1.26856581603875
8323,2.3575857232133406
8324,4.641889807151661
8325,5.066970105440985
8326,4.903797211427552
8327,3.9700511393783953
8328,1.3978428928742976
8329,1.162228794552244
8330,4.457639801056879
8331,4.999953042848454
8332,5.087049476458637
8333,1.3685968319228734
8334,0.6871139325413688
8335,1.200692972134116
8336,4.361647597856044
8337,4.766828538364343
8338,4.99629044083719
8339,4.20904386685531
8340,1.4068153120558198
8341,0.6291535149072076
8342,3.423176380968416
8343,4.926918750227285
8344,4.5898740974149765
8345,4.48824840547237
8346,4.859537631091873
8347,4.894311469036489
8348,5.299788992334644
8349,3.3841400703260383
8350,2.879820082320168
8351,4.790072850573749
8352,5.008394757073821
8353,4.232348302616197
8354,1.5762973809906409
8355,0.89892577298854
8356,2.108181013978511
8357,4.032712227068153
8358,4.887246253974019
8359,4.801992881032982
8360,4.876590431065681
8361,5.3696680036085285
8362,5.018473897187373
8363,3.376468443541826
8364,2.7672830961218584
8365,1.5075070931963315
8366,0.6383992334239812
8367,4.001926271134493
8368,4.582425114706928
8369,4.227032598823648
8370,3.4645118639272345
8371,1.24416202044321
8372,2.3975637012099145
8373,4.735982689727321
8374,4.779796107550922
8375,4.953569301522336
8376,5.077953990961145
8377,5.113619992976665
8378,5.001967663008489
8379,1.9797924786068382
8380,1.7113230344484667
8381,0.92158814466757
8382,4.397363232644349
8383,5.085718213888001
8384,0.5782166211158396
8385,3.501701492335884
8386,4.554379810783513
8387,2.862719651452835
8388,2.362198688961533
8389,1.4323505542381156
8390,2.718898412149181
8391,4.064670260537235
8392,5.236332495404101
8393,4.865409336732849
8394,4.666948372895511
8395,5.032896261640931
8396,4.782215509273477
8397,3.94144034889023
8398,2.839668974920004
8399,2.3437993575811205
8400,3.1786939771372764
8401,4.823130332964519
8402,5.000505228274371
8403,5.2210405910210005
8404,5.221154383728776
8405,4.376136364636981
8406,2.4070658455484
8407,2.2055964154073187
8408,2.0897668592269345
8409,2.332183434131319
8410,5.0035205456298115
8411,5.0035205456298115
8412,5.10524473216473
8413,5.10524473216473
8414,5.244306983145151
8415,5.254420891029864
8416,5.061276147671059
8417,4.644330238882534
8418,3.6513022482063184
8419,1.4125980150914725
8420,5.185596935491513
8421,4.877646278426525
8422,4.791140873756883
8423,4.828269971163447
8424,4.828269971163447
8425,4.828269971163447
8426,4.97210088305083
8427,5.248803127506715
8428,5.455254987408357
8429,5.407547629773237
8430,3.6108215228920164
8431,1.821031347031944
8432,2.759614063819146
8433,3.8943822560043686
8434,4.4079595644754415
8435,4.596549360916562
8436,4.952304364188575
8437,3.705648431772843
8438,3.039441801275099
8439,2.7830196278915356
8440,4.309944897093938
8441,4.520641983812423
8442,4.600960875597812
8443,5.282001271261862
8444,4.915679159811957
8445,5.098238234084916
8446,5.526295035061988
8447,5.5095372002953455
8448,3.3912735986430977
8449,1.5941090962729338
8450,1.0736272167285048
8451,1.5150588889119883
8452,4.803218547436614
8453,4.958622260296433
8454,4.871781647665702
8455,4.947332948091967
8456,4.947332948091967
8457,5.426727247200809
8458,5.125741068024405
8459,4.561081230586005
8460,3.9169026222909458
8461,1.6394892412688435
8462,4.346720128467128
8463,4.910223842646449
8464,5.0293584853507385
8465,5.033819106471595
8466,4.732850924937217
8467,3.7860947429652887
8468,3.1204181472089045
8469,2.540328551347172
8470,1.9775981395933677
8471,4.309333873487853
8472,4.85015344869868
8473,5.073394898800729
8474,4.55777306367266
8475,2.5648791295293942
8476,0.8682376932866677
8477,1.3673359025394232
8478,4.78997643490977
8479,4.682254307223062
8480,4.728295727831568
8481,4.728295727831568
8482,2.7661293732733205
8483,1.8436987241528013
8484,0.8843922740637119
8485,1.4838460817274128
8486,2.792905309318233
8487,4.796877212966674
8488,4.852566755074283
8489,4.871532758133952
8490,4.871532758133952
8491,5.40017651353918
8492,5.3436534445178685
8493,5.017303729042601
8494,3.6279882035670914
8495,3.1283188742401866
8496,1.1354404955069395
8497,0.9080626748420991
8498,4.753451148103497
8499,4.8422175132988325
8500,4.8770466096348395
8501,5.544708607523471
8502,1.3145736464947664
8503,3.686622724854381
8504,5.107937346212616
8505,4.658210015376205
8506,4.984229448258084
8507,5.130213218424286
8508,5.461879241270533
8509,5.104524457445943
8510,3.4113297880356375
8511,3.212838635896329
8512,5.2557070198690266
8513,4.784768773265109
8514,5.078607643337991
8515,5.096345909168622
8516,1.9461785013503556
8517,1.5957157803125595
8518,2.3088885174177096
8519,2.866926135066693
8520,3.7033394785853972
8521,5.012792481536353
8522,5.084291781709953
8523,4.376136364636981
8524,3.607993125003472
8525,2.4110643339334374
8526,1.7719426792570658
8527,2.3270631742264802
8528,2.682497928032427
8529,3.951336769961349
8530,4.267554315672202
8531,4.261086459320582
8532,4.261086459320582
8533,4.339452127786705
8534,4.315546214323451
8535,4.341111213999691
8536,4.469607936277852
8537,4.222729938842216
8538,4.018172016448785
8539,3.4980854225582685
8540,3.0974850046867104
8541,1.4293158106235735
8542,2.6128037145697114
8543,4.296844479450007
8544,4.114733239135414
8545,4.121567939750479
8546,4.6100373826137995
8547,5.259850623874935
8548,4.248805975844479
8549,2.7892320465598512
8550,1.051762215935906
8551,0.8456692089277685
8552,4.933570801741954
8553,4.871570796912458
8554,4.7489812496993835
8555,4.786110347105947
8556,5.069906459056569
8557,5.372977487858894
8558,4.308067469698422
8559,3.5877471197986646
8560,0.9728331088863325
8561,1.5237926952610223
8562,4.2742829132676725
8563,4.644821916359389
8564,4.8282442769813825
8565,4.755307567715413
8566,5.012001534915658
8567,5.2724436934188965
8568,3.569231476477311
8569,1.8958526076118483
8570,1.146490195664901
8571,1.2146895555970443
8572,5.284445792004687
8573,0.8020052946121916
8574,0.775035571387958
8575,2.3496178760870277
8576,4.438291537686866
8577,2.9290787761461905
8578,1.3774319606392664
8579,4.624599607124979
8580,4.667742994852131
8581,4.854303017385349
8582,4.275540958483348
8583,2.34703951835671
8584,2.008048292395943
8585,1.7443574590834678
8586,1.6419451162167131
8587,5.010288297381186
8588,4.994572907340482
8589,4.690780216899411
8590,0.6871139325413688
8591,0.5558681386089657
8592,3.5287386223070536
8593,4.64115624655961
8594,4.678285343966174
8595,4.8975501318837384
8596,4.949576762446036
8597,3.288900283907985
8598,1.004302366281344
8599,0.799498032970749
8600,4.454769978221448
8601,4.8059247450805715
8602,5.008816432189371
8603,4.787118136816832
8604,2.1847254432489875
8605,0.6543045025728503
8606,3.458603069354442
8607,4.402168378651999
8608,4.764979832143996
8609,4.764979832143996
8610,4.764979832143996
8611,4.945170486826683
8612,5.131201123365912
8613,4.970551715029979
8614,3.376468443541826
8615,2.2801334493897283
8616,1.5764487326220962
8617,0.7025679980449873
8618,0.7576845720813149
8619,4.321799303789804
8620,4.59761164573221
8621,4.512358272791173
8622,4.8777471009327655
8623,4.8777471009327655
8624,5.007408726246513
8625,5.395975088661195
8626,5.273446549730921
8627,4.989174556904336
8628,4.195046352081043
8629,3.4187999426965003
8630,1.2246072133896333
8631,0.8167500186923928
8632,1.2124205266203314
8633,4.507205854688983
8634,4.550349242416136
8635,5.220264039774305
8636,5.305961666743464
8637,4.944110366583629
8638,4.174142718418229
8639,2.9554678945404866
8640,1.3357016756374518
8641,1.3039189850572703
8642,4.685033194878815
8643,4.5779315157851235
8644,4.5779315157851235
8645,5.096424248343047
8646,3.328432808024475
8647,2.386793240183706
8648,1.1135787808676914
8649,1.9936104136883062
8650,4.999953042848454
8651,5.102764866499344
8652,5.091390360014875
8653,4.393759845271093
8654,3.7815287624230645
8655,2.4515061490379173
8656,0.5558681386089657
8657,0.6652473809893471
8658,2.409948213124085
8659,4.686448632380494
8660,4.766828538364343
8661,5.025564860879285
8662,5.208603793329053
8663,2.1089678253972277
8664,0.6694341412837067
8665,1.1596826715225792
8666,4.451119308065806
8667,4.859537631091873
8668,5.089780700899065
8669,5.318126368294435
8670,4.237974884231714
8671,1.7371009355774063
8672,0.983300868911712
8673,0.7595337304130848
8674,0.6769511832138518
8675,4.411390768959924
8676,4.865913282977728
8677,4.875326223514786
8678,4.907320372102058
8679,5.368198182553471
8680,1.9971318549961747
8681,0.6722297553717819
8682,0.4971130858944548
8683,4.08434415745233
8684,4.876590431065681
8685,4.876590431065681
8686,4.242945212879936
8687,2.3486225329381583
8688,0.7067674451552823
8689,1.022690047391075
8690,3.7533193787528987
8691,4.7469403168047295
8692,4.83886404961862
8693,4.83886404961862
8694,4.83886404961862
8695,5.145372187622709
8696,5.069894126461256
8697,2.9408280361170043
8698,1.8900982682027514
8699,1.6061472530901217
8700,1.2299059776250276
8701,2.057870952818265
8702,4.524723355904445
8703,4.953569301522336
8704,5.048499848059085
8705,2.5315245441868366
8706,1.5578534445494627
8707,3.043523779452747
8708,5.011953466001626
8709,5.101433603928707
8710,5.090059097444239
8711,4.832036531450366
8712,2.9419007042363368
8713,1.0107242899337467
8714,0.6443824725513063
8715,0.5131366786189032
8716,1.1078251916626647
8717,4.348221211518498
8718,4.196795075134596
8719,4.517250713376949
8720,4.832165129323149
8721,4.14036129177342
8722,1.4927844432370774
8723,4.769044671433435
8724,4.46429619260107
8725,5.07514429995421
8726,4.47322209713962
8727,3.4373351991504424
8728,3.0181586260968833
8729,2.4097396066974057
8730,2.0608272557569736
8731,5.001937924532446
8732,5.118379288214894
8733,5.3438332330303115
8734,3.955697518966493
8735,2.425557980144292
8736,5.197295998184972
8737,3.8310425209514256
8738,3.4699142508668968
8739,2.985979780274906
8740,1.305676478796086
8741,2.7872626881735694
8742,4.9545816357191175
8743,4.774969641460373
8744,4.812098738866937
8745,4.812098738866937
8746,5.1475733888987625
8747,2.6456020296387948
8748,1.445746897753854
8749,1.4038914947816472
8750,3.8672623590823525
8751,4.388083588892892
8752,4.205972348578299
8753,5.094518800375367
8754,4.39235253523993
8755,3.885174967997798
8756,1.4432055023894714
8757,1.4432055023894714
8758,1.806187089232694
8759,4.255239825175381
8760,5.409778967614669
8761,5.163297359429061
8762,4.682176452570979
8763,1.8971517567299518
8764,1.5151204303983408
8765,4.965754656551752
8766,4.872772008330548
8767,4.965611977159834
8768,4.984465684503828
8769,5.457192302341233
8770,4.739433505597227
8771,3.382059343420707
8772,1.1022972960393451
8773,2.6582022788644575
8774,3.84319137999851
8775,4.836722723581096
8776,4.952615851139828
8777,5.297868562748631
8778,4.733208725310231
8779,3.4699947699135008
8780,5.117670415456868
8781,5.312922050597138
8782,5.156611748480906
8783,3.321026032846076
8784,2.140639706836615
8785,2.094564623755659
8786,4.425406965786198
8787,4.6623920274345725
8788,4.970044249294404
8789,5.082575685630048
8790,5.299174817214662
8791,5.323884499787291
8792,4.737513336417767
8793,2.7477402735460053
8794,0.8912896434588397
8795,4.9909963563207045
8796,5.439166728494043
8797,4.779365240565036
8798,1.2666323784543503
8799,2.7785005424266123
8800,4.843096519141552
8801,5.2923175352410325
8802,4.834430284224765
8803,4.747924879555123
8804,4.8533962872844345
8805,4.977868652765021
8806,3.3238800930752412
8807,2.808958717185323
8808,2.265114737446882
8809,0.8548822727211215
8810,1.3288492808613823
8811,3.7807066960720364
8812,4.799670454278375
8813,4.9354363977657805
8814,4.985299708237223
8815,4.985299708237223
8816,5.475605874802715
8817,5.636051785258309
8818,5.21528285758633
8819,3.5052145475148753
8820,1.3814376567347249
8821,1.0390133700468602
8822,1.356055374092906
8823,2.5653106150828737
8824,3.6595028279323647
8825,5.141441522357098
8826,4.658446251621949
8827,4.965611977159834
8828,5.159939452488278
8829,5.553222419005372
8830,4.691775546572416
8831,3.606891006870692
8832,3.4083998547313836
8833,1.7324083116792728
8834,1.0822051746849615
8835,1.4678468706355876
8836,2.7376822110778645
8837,4.857168042920328
8838,4.915206523299676
8839,1.6857985446427592
8840,1.565953930992585
8841,3.7741138245353256
8842,5.101104411642483
8843,5.3902669903391205
8844,2.758334889889197
8845,4.2702672461499
8846,4.353137725340824
8847,4.600013356308044
8848,4.402470211587323
8849,3.6509031682664967
8850,2.7965757917746585
8851,2.4278901877435275
8852,2.5856838176476953
8853,5.08648037270729
8854,4.094857263552864
8855,4.159007840776012
8856,0.9032015205164518
8857,2.555916523918993
8858,4.864409951360304
8859,5.403658057127722
8860,5.464320665593733
8861,5.181678077533977
8862,2.329749675189562
8863,1.0887365566103941
8864,4.376078591317602
8865,4.746617594409318
8866,4.7081623431885
8867,5.280089575354535
8868,5.363786871153735
8869,4.4352427874078595
8870,3.1929441596043935
8871,2.832127817726008
8872,2.118762245960569
8873,1.2133542059048594
8874,1.200284788705423
8875,2.4095400296953917
8876,4.207564666566955
8877,4.128687778434358
8878,4.879340014404505
8879,4.881102226552055
8880,5.379762980082631
8881,5.520877175905842
8882,5.201909334534527
8883,2.367831732629601
8884,0.8354694603869202
8885,2.347656857795422
8886,3.4927652100977036
8887,4.939563368172333
8888,4.769631556919625
8889,4.687613796666758
8890,4.4429500954715015
8891,4.818988981150269
8892,3.129686661783362
8893,1.76155110013608
8894,1.4433722097555515
8895,3.191673640429453
8896,4.478232829510853
8897,4.919195573594101
8898,4.919195573594101
8899,4.331608659918735
8900,2.5630471849127585
8901,3.6026310953371516
8902,4.254739203156321
8903,4.337609682347244
8904,5.131829561219676
8905,5.117048805229916
8906,0.40283736508388823
8907,2.0736190127242513
8908,3.5016187253850375
8909,4.438660314125534
8910,4.7204532336549025
8911,4.702396004425451
8912,5.278542441020537
8913,0.8792096839474187
8914,3.928920478734182
8915,4.894310078614856
8916,3.9820264415349023
8917,4.901241933158516
8918,3.5156515441985308
8919,2.380286662084042
8920,1.8507959197059933
8921,1.1828243453602345
8922,3.4332226771654577
8923,4.8377183203504295
8924,5.122462641594851
8925,3.5454894172079983
8926,2.475694668224783
8927,1.7629984324110914
8928,0.9434763620566503
8929,0.7312380773558276
8930,1.1958263110143525
8931,2.4050815520043214
8932,3.3613451065731876
8933,4.355303479934287
8934,4.785809529785863
8935,4.512594509036917
8936,5.32687235594044
8937,5.36478972746576
8938,4.346957278645915
8939,2.3555639165728013
8940,4.6144342206802085
8941,4.887626279461559
8942,5.31558122785225
8943,5.283573500656219
8944,3.156075780177658
8945,2.151703169276039
8946,1.4257844399676514
8947,1.3922309151634022
8948,2.428360069163269
8949,4.613261942159483
8950,4.642824071993876
8951,4.642824071993876
8952,5.2413242020639705
8953,4.142178634102623
8954,2.5874011258208776
8955,1.8561807856188568
8956,1.4766798994197141
8957,1.1894157427244607
8958,3.787911940719609
8959,4.549691067077121
8960,4.57820063174905
8961,5.2169878138316195
8962,4.937748270535639
8963,3.9612690351681716
8964,0.6010906019425573
8965,2.382828316202069
8966,3.399615013473242
8967,4.9086645627738115
8968,4.728616522069223
8969,4.750657306067833
8970,5.25404950470339
8971,3.4469584639036985
8972,1.1325627746005626
8973,4.582713251862822
8974,4.859773867337617
8975,5.391132170069483
8976,5.409469546029274
8977,5.177132384778467
8978,3.534788336896949
8979,2.46791253833089
8980,1.063012519888382
8981,0.8392453813897546
8982,0.7566628341905216
8983,3.4636517017737027
8984,4.457610075134802
8985,4.868165377962631
8986,4.907556608347802
8987,4.907556608347802
8988,5.037541918647514
8989,2.832657334397387
8990,1.7718585998256953
8991,0.7390937656117406
8992,0.5639770961344135
8993,3.256960907518925
8994,4.066216403212636
8995,4.876826667311425
8996,2.962844314956913
8997,1.6940567929853267
8998,0.9955701504690585
8999,2.1658334373435473
9000,3.202251789282651
9001,3.7868235548973828
9002,4.587708017754789
9003,4.631521435578389
9004,4.844146952666481
9005,5.000767069556124
9006,5.264108749598033
9007,5.181453872355449
9008,5.085324847715385
9009,3.1414359217541756
9010,3.9431658873562325
9011,4.868108037657052
9012,5.041881231628466
9013,4.834514597814129
9014,1.892741584705953
9015,4.037550363615217
9016,3.1420592875948907
9017,4.87069223978071
9018,4.4894144986645905
9019,4.725901283706282
9020,5.104004732021868
9021,5.1444560075351236
9022,5.2229748677671965
9023,4.954343003997702
9024,3.973410678422838
9025,4.086893819229204
9026,3.121640976981444
9027,3.249468323087205
9028,1.2313928214200203
9029,5.088817158380503
9030,2.317393204242729
9031,5.228458911136934
9032,4.665302942628412
9033,5.29833812665233
9034,5.342179081803872
9035,5.343947025738087
9036,2.512235227368241
9037,5.042008270109674
9038,3.654000394360157
9039,2.588484395805886
9040,2.1897463362976186
9041,3.0104363352898793
9042,4.3307115482917675
9043,4.975752442469877
9044,5.076046568465717
9045,5.197295998184972
9046,5.3667828810345855
9047,5.191681567701251
9048,4.8240705116276414
9049,4.330326100879172
9050,2.647746367080823
9051,5.2228058549220355
9052,4.812098738866937
9053,4.95592965075432
9054,4.571195661785919
9055,4.063658655720736
9056,1.8066265801403227
9057,2.7452092969275252
9058,4.243101445984863
9059,4.596785597162306
9060,4.596785597162306
9061,5.360794450769203
9062,5.516799368228693
9063,4.035755455388572
9064,3.2189683375000544
9065,1.6553500067081195
9066,4.0838199419400505
9067,5.10085120228388
9068,5.35386131463578
9069,4.520878220058167
9070,4.5261705155242735
9071,4.5261705155242735
9072,4.335290828794744
9073,4.075211842076561
9074,2.9705396153860524
9075,1.8842799209930445
9076,5.32822057743674
9077,4.984465684503828
9078,5.127964468148908
9079,5.600880378030184
9080,3.5868348174781524
9081,1.4879389919899717
9082,5.35174926588806
9083,4.963905163344294
9084,4.842235454377556
9085,4.952615851139828
9086,5.489167286680603
9087,5.587019812201014
9088,2.68074913979886
9089,2.2401407821965735
9090,1.8057650958490834
9091,2.9255149344281977
9092,3.467276417233777
9093,4.8515679073852
9094,5.088108285622478
9095,5.117670415456868
9096,5.243042835081742
9097,4.904978419661442
9098,4.497791184122849
9099,3.9867026286024614
9100,3.043088709038326
9101,2.3192463426527103
9102,2.65602915081105
9103,5.165446164820971
9104,5.337119963599314
9105,5.05481896568243
9106,1.0358317756799438
9107,0.9097554133342192
9108,1.3402160056174066
9109,4.8234806110542525
9110,4.666083074926552
9111,4.527769362403686
9112,4.56489845981025
9113,4.706832200068951
9114,4.712124495535058
9115,5.255061586030769
9116,5.071542922798297
9117,3.560950720486877
9118,3.202820356010191
9119,1.9910006973107202
9120,1.0605393714462124
9121,0.9641039250403819
9122,3.7971219085668952
9123,4.785053976961687
9124,4.8533962872844345
9125,5.317142066719267
9126,5.434996622252707
9127,5.279577983837618
9128,4.8424537495445765
9129,4.985299708237223
9130,5.14637804061039
9131,4.650623020147931
9132,2.4932463614846028
9133,0.897120620459093
9134,4.984465684503828
9135,5.489167286680603
9136,3.9640848460922444
9137,1.2818752007279346
9138,5.015768479990872
9139,4.755222579976963
9140,4.79005167631297
9141,4.915206523299676
9142,5.113380544204099
9143,4.08118620356645
9144,2.036261265680554
9145,2.379662863367638
9146,4.790088742187474
9147,4.9554510948998
9148,3.2261735815844927
9149,2.1274949881213936
9150,1.8477796411138352
9151,1.8256360780041165
9152,2.40290013608325
9153,4.049872278103495
9154,4.460993391625195
9155,4.466708667816435
9156,1.470833530671125
9157,1.3186895310421465
9158,1.6724759565469314
9159,4.85781532675881
9160,4.159007840776012
9161,4.159007840776012
9162,5.163798956249798
9163,3.6701392653362577
9164,2.9295108561537293
9165,2.500232994070879
9166,2.0221397035847
9167,1.346661282929025
9168,4.595881653944215
9169,4.967074977886437
9170,4.90014332747337
9171,3.756768093464837
9172,2.785073327916088
9173,1.3244286686663802
9174,1.022695264724627
9175,2.716661015978845
9176,4.810107806131865
9177,4.751305730915653
9178,4.737171096865895
9179,4.737171096865895
9180,4.737171096865895
9181,3.7382524501434835
9182,0.8709299192169944
9183,0.7037078081438871
9184,3.3172019175130916
9185,4.937493566289702
9186,4.881102226552055
9187,5.090025584452696
9188,2.9618399160420736
9189,1.2042814359799952
9190,4.87157701986299
9191,4.742357304637028
9192,4.648548568857385
9193,3.96238381468987
9194,3.4206634542284124
9195,2.122069890217097
9196,1.4765994791064483
9197,4.260078408064505
9198,4.889633443759709
9199,4.3358061219763036
9200,3.603660155190146
9201,3.2001371917795085
9202,2.9154290567045273
9203,2.063465925043981
9204,1.7997750917315056
9205,1.9898823145685096
9206,3.454869389690732
9207,3.7018565404932735
9208,3.729696075068757
9209,5.124511244713464
9210,4.456937484410164
9211,3.9466558610383897
9212,3.3646051212482533
9213,2.1047697595310293
9214,0.6010906019425573
9215,0.8734358838582337
9216,4.662114111669664
9217,4.702396004425451
9218,5.202554366589939
9219,5.386659509053213
9220,5.0462052797697305
9221,4.265037512080075
9222,1.084014017258014
9223,5.162534297817774
9224,4.133485827994494
9225,3.944897344128338
9226,4.549952085673776
9227,5.1001596099242095
9228,4.151782489399822
9229,2.852014125783486
9230,0.7340161535495201
9231,4.880020835240088
9232,4.767328469070879
9233,4.767328469070879
9234,5.226518311443857
9235,5.399289163804789
9236,4.292773100277861
9237,2.894355231408483
9238,4.468781091213317
9239,4.8779833371785095
9240,3.5878209163626726
9241,2.0421083962152116
9242,1.2850411023885953
9243,0.8771839076913548
9244,0.8215077828909574
9245,1.1853006296983148
9246,3.412684166607461
9247,4.89764571531397
9248,4.5556321454639965
9249,4.887626279461559
9250,4.887626279461559
9251,5.025843832222314
9252,2.620046624964331
9253,2.182754388666267
9254,3.9031879093596586
9255,4.518942403434915
9256,4.773345124984945
9257,5.21516081031837
9258,5.026589853436863
9259,3.502500448492764
9260,3.123117883728066
9261,2.169628468453066
9262,1.2380657564090134
9263,2.0694473755450753
9264,2.4742489681066324
9265,5.092004308868696
9266,5.092004308868696
9267,5.224306130337833
9268,2.657786666951907
9269,1.5892653634091465
9270,1.1735730752120994
9271,4.398856517286567
9272,4.63314830267742
9273,4.750657306067833
9274,4.750657306067833
9275,5.0933572896919905
9276,2.737482326557605
9277,0.9136694991944717
9278,0.7088651658838774
9279,2.3418180155905315
9280,4.45135554431155
9281,4.488484641718114
9282,5.203470596072272
9283,3.057008594059961
9284,4.746495668995893
9285,4.790309086819493
9286,5.459541360288309
9287,5.312803312926944
9288,2.192693073831229
9289,1.5933145406618265
9290,4.117848333596813
9291,4.802229117278726
9292,4.876826667311425
9293,5.268908614350052
9294,5.461011181343367
9295,5.322882453040495
9296,5.1703848237522445
9297,0.7354375244661228
9298,0.6670693127348216
9299,2.6054067665408485
9300,1.6720875022064068
9301,1.387135881176775
9302,1.2958462267413127
9303,2.468338047159843
9304,5.041881231628466
9305,5.196690552936469
9306,5.236412634985976
9307,5.1247603050178
9308,3.2398919632881062
9309,2.1804003642440097
9310,1.6366904510948792
9311,1.3157939117253732
9312,2.063555504950082
9313,5.021134252830943
9314,5.208194111777435
9315,4.9624419514805584
9316,0.6896049358848979
9317,4.381725387662981
9318,5.194575613292079
9319,4.928793646646844
9320,2.972753472591791
9321,1.5184916908355568
9322,1.842721486872293
9323,2.716937393857575
9324,5.011534263730577
9325,5.269836671548584
9326,4.46429619260107
9327,4.46429619260107
9328,4.67830189986424
9329,5.153665110842238
9330,4.115507989358521
9331,2.1169613328321724
9332,2.1059036829589197
9333,2.60186691102865
9334,2.826371627132187
9335,4.290628132973837
9336,4.911442263070649
9337,5.045081312259598
9338,5.118379288214894
9339,4.548263859361207
9340,3.3843063577551176
9341,2.284433421952735
9342,1.8409718058427933
9343,2.166154398148297
9344,2.617056092582095
9345,5.0955718116500535
9346,5.0955718116500535
9347,5.342073198461956
9348,5.380018344846608
9349,1.4578204784250641
9350,1.260906707959661
9351,1.7919627703522536
9352,4.01892556697966
9353,4.861475046130015
9354,4.812098738866937
9355,5.31659555631942
9356,5.500700698782694
9357,5.452993341147574
9358,3.7511003324858945
9359,3.084893701988151
9360,1.691446944405738
9361,4.820272727780747
9362,4.876326659694355
9363,4.596785597162306
9364,4.9820305982525666
9365,4.8851913317724565
9366,2.7641762839838697
9367,2.7558997309695195
9368,4.485677570618662
9369,4.290068921511388
9370,4.694538558942725
9371,4.860687984938914
9372,4.235874869593158
9373,3.4256532219977993
9374,1.5068061390071947
9375,2.8342244957629315
9376,4.14314719397043
9377,5.168016615875324
9378,4.915915396057701
9379,5.617638212796827
9380,5.304093343035627
9381,4.0125177402481365
9382,2.4404453582687267
9383,1.6227791755837742
9384,1.2683579138363832
9385,4.877064550713563
9386,4.952615851139828
9387,5.159939452488278
9388,5.538286993095001
9389,4.090970262759239
9390,3.740001203824679
9391,1.693465889688108
9392,1.7278011713749752
9393,2.6178966984456293
9394,4.435032058573258
9395,4.998535772752579
9396,5.033364869088587
9397,5.35841715697512
9398,4.124921526669487
9399,2.6191655578925888
9400,2.0709726856063373
9401,3.080077270581233
9402,4.942204714718922
9403,5.165446164820971
9404,4.330326100879172
9405,3.6634660085927893
9406,3.2338486549598304
9407,1.6501304137846085
9408,2.5427335013696695
9409,3.931655369909626
9410,4.712124495535058
9411,4.859147630518584
9412,4.24171105722459
9413,2.9161659116800287
9414,1.4694413148357917
9415,4.8533962872844345
9416,5.473146984178757
9417,5.1692146556074725
9418,4.441689974777181
9419,3.7970091772332637
9420,1.2151521464836093
9421,0.9877743258187689
9422,2.538336454884413
9423,4.8772828458805835
9424,5.512069892580887
9425,3.8624083867364276
9426,2.8996190815258576
9427,4.630979156019348
9428,4.716599803507146
9429,4.623617155285942
9430,4.984465684503828
9431,5.649613197136197
9432,5.256435384010815
9433,2.496186378819174
9434,4.079536245586934
9435,5.289211196013509
9436,4.915206523299676
9437,5.442608378396424
9438,5.540460903916835
9439,5.458586407430269
9440,5.268473403892847
9441,4.6974707967446525
9442,3.73021714463189
9443,3.460210710720712
9444,2.53333436447212
9445,1.5461108444483445
9446,2.5387053466476575
9447,2.937700481016621
9448,4.54400031202859
9449,4.755259645851468
9450,5.149520248820869
9451,5.149520248820869
9452,5.274892668445743
9453,5.344771883961139
9454,5.207084423719264
9455,4.548263859361207
9456,3.9868587413094607
9457,3.8086010106406434
9458,3.055653406652753
9459,2.4657588252649396
9460,2.2040762327449253
9461,4.383627407970547
9462,4.663440095254896
9463,4.691279629830379
9464,4.353137725340824
9465,4.438022112212885
9466,4.1979122891938925
9467,3.2826841731884837
9468,1.2970954668394974
9469,3.89232548186016
9470,4.276968503867457
9471,4.131986360959428
9472,4.5938661503172895
9473,4.9796938137865245
9474,5.305296335249272
9475,5.072959173998465
9476,4.345434493168174
9477,1.1314738669125757
9478,0.9253808599044383
9479,3.6629924802319156
9480,4.7492174859451275
9481,4.786346583351691
9482,4.905435622939477
9483,4.905435622939477
9484,5.099632693120561
9485,5.559662974587212
9486,4.459978396263294
9487,3.2836390093068144
9488,1.4984123030720378
9489,3.4594288652335177
9490,4.8680398321525935
9491,5.107318722993603
9492,5.211289241865485
9493,4.844510918068498
9494,4.881102226552055
9495,5.490502929284836
9496,4.4677669862803935
9497,3.837567317618005
9498,3.440024849950086
9499,1.2702963783083938
9500,0.8624391836111536
9501,4.496954592461759
9502,4.812774944646778
9503,4.687613796666758
9504,4.687613796666758
9505,4.943031949396356
9506,2.5914835957482003
9507,1.4624623494073776
9508,2.3757433353502213
9509,2.743110502852277
9510,4.689492163333731
9511,4.732635551060883
9512,4.37491422659528
9513,3.803089624047268
9514,2.9914113965058715
9515,2.497359952262118
9516,1.7185052193900183
9517,1.7416086575221374
9518,2.2036477246194663
9519,2.4824981018514363
9520,4.337609682347244
9521,4.821185636929603
9522,2.9257914110053624
9523,1.5892653634091465
9524,0.7323363958749604
9525,4.8704406674555205
9526,4.6249850142631
9527,4.702396004425451
9528,4.8813788995872285
9529,3.402638848332981
9530,2.87563798618791
9531,2.1854278970283594
9532,1.7018587717160538
9533,0.8013837799259586
9534,1.2145417939285355
9535,2.387292254282442
9536,4.43663350737193
9537,4.43663350737193
9538,4.43663350737193
9539,5.111818706415148
9540,4.939029063381704
9541,0.9684195919079623
9542,0.7401792527201517
9543,2.381181594433642
9544,4.437412059529514
9545,4.735772857407064
9546,4.7789162451342175
9547,4.767328469070879
9548,4.956524013795413
9549,5.346166885591402
9550,0.7863546513921552
9551,4.590450800180055
9552,4.8779833371785095
9553,4.8779833371785095
9554,5.037134960310504
9555,5.487318266396033
9556,5.141085483469208
9557,3.0051758141115874
9558,2.5865152509278873
9559,4.389231413395913
9560,4.512488757736843
9561,5.394102038740278
9562,5.116237861307854
9563,4.346270213142454
9564,3.584730279270576
9565,1.7229349448915339
9566,1.3586485803689496
9567,2.8686403398619396
9568,4.730201737257793
9569,5.184772033365364
9570,4.75440971695065
9571,1.7509601638518022
9572,4.269878379792772
9573,5.009133829677773
9574,5.209525374348072
9575,4.5735001180162005
9576,3.2824580527728546
9577,1.9541336075072002
9578,0.7323363958749604
9579,0.7067651010368986
9580,4.670277400083984
9581,4.832022343671735
9582,5.309119088692985
9583,5.092918958160885
9584,4.3056723841790046
9585,2.2492466349911058
9586,1.5541172852137384
9587,0.7109518613312583
9588,3.3960564840464
9589,4.439132086173862
9590,4.960422926371768
9591,4.859773867337617
9592,4.859773867337617
9593,4.92403770310048
9594,4.389885810796586
9595,1.9600105739261282
9596,1.1937487386810652
9597,2.4030039796710336
9598,4.912132589152606
9599,4.907556608347802
9600,5.267438793294994
9601,5.160305683638693
9602,4.384259229181069
9603,0.49762622551744673
9604,0.8718058760665236
9605,2.0810611170564948
9606,4.880085408421865
9607,4.758415699455126
9608,4.876826667311425
9609,5.005566934308144
9610,4.394856139444808
9611,3.5454894172079983
9612,2.544183751773213
9613,1.0102957020338161
9614,4.035430447278978
9615,4.75222321985259
9616,4.844146952666481
9617,4.844146952666481
9618,5.3936179316561645
9619,4.399160093547874
9620,3.6385795043955236
9621,2.0685879193796306
9622,1.3149363663931384
9623,2.128645298768193
9624,2.908618317858513
9625,4.613035286010577
9626,4.824294619833453
9627,5.012319101794075
9628,5.166301775983462
9629,4.179462185877135
9630,2.732132429824008
9631,0.9974251065243391
9632,0.9487750928397868
9633,1.5103195139671277
9634,1.8436139263521876
9635,4.181092246708312
9636,4.460904933992661
9637,5.104004732021868
9638,5.215656551260983
9639,4.630433655052611
9640,2.6983939227130267
9641,1.9947408632683203
9642,0.5583591419524948
9643,0.6197343411633911
9644,1.080705294740648
9645,3.4745815954138677
9646,4.230299251279079
9647,4.675282681762774
9648,4.501079481080439
9649,4.538208578487003
9650,4.665302942628412
9651,4.665302942628412
9652,4.759197614397293
9653,5.158073939340598
9654,4.236989809097115
9655,1.2571185055789929
9656,1.196179272280774
9657,1.5107638620870352
9658,2.2981611707001175
9659,4.217257066459006
9660,4.275287498044449
9661,3.5223885072320926
9662,2.1969931760267003
9663,2.5715433585992447
9664,3.6636721956647986
9665,3.7541678571265935
9666,4.191927466261283
9667,3.4513490286275275
9668,1.6194354337314234
9669,1.8113107034696563
9670,2.156144432794964
9671,3.7193605546968156
9672,3.848939338703485
9673,3.963236645378874
9674,4.130624706604279
9675,0.8877040514441583
9676,1.3779488337595556
9677,3.4435866551173464
9678,4.135682540449563
9679,3.66428245118338
9680,3.7014115485899453
9681,3.827681657064664
9682,2.5388886851001833
9683,2.0547531888980575
9684,3.4693077000648374
9685,4.427341959784942
9686,4.018536803620473
9687,3.410775082033348
9688,3.4508989083915966
9689,2.6361532837453314
9690,2.1529869431127064
9691,3.5801487400581524
9692,4.629670845892786
9693,4.371411314604754
9694,3.694960856461922
9695,3.4604434772706942
9696,3.4924494470150913
9697,4.08309911299263
9698,3.488755908165608
9699,2.8231401326155416
9700,1.1275842048124523
9701,2.3213782432803143
9702,3.5629782027293997
9703,4.592625161130175
9704,3.823061104949666
9705,3.815100682031322
9706,3.910955350441698
9707,4.280089438247039
9708,3.692738196907967
9709,2.2031706534813504
9710,4.242655384816163
9711,3.8158865764297176
9712,4.32206115866278
9713,4.476288778839515
9714,3.6461052338792532
9715,2.8142493223947533
9716,1.224210761820052
9717,3.150900299315919
9718,3.7302063244715957
9719,3.8399550569976113
9720,3.916225491647747
9721,3.2467578698542554
9722,3.2900646451976607
9723,2.6942786339623805
9724,2.1961049194750197
9725,1.576948246604844
9726,1.8586750121030369
9727,2.2341766184907446
9728,3.258246598527789
9729,3.623823085911553
9730,4.089438880586935
9731,4.1247319997211065
9732,2.71465384486066
9733,2.4270488245739577
9734,1.0457849352811728
9735,2.1614838326612356
9736,4.070485075598834
9737,3.5200667382027233
9738,3.563568885883169
9739,3.563568885883169
9740,4.148812181352753
9741,2.972417928286861
9742,2.3304804790900198
9743,0.6414529461098407
9744,0.5450174997040103
9745,4.289780679988615
9746,3.701170595213925
9747,4.157178513027072
9748,3.3262626452627946
9749,2.9335986063652446
9750,2.5876701861591305
9751,2.0814390961692597
9752,1.5004981762118135
9753,0.8017014695548577
9754,0.9437740192062375
9755,2.066442594857068
9756,4.228156766864602
9757,4.218747315066226
9758,3.835848691852558
9759,4.312657736590201
9760,4.609335426873998
9761,4.482712472504402
9762,2.8036164819414524
9763,2.206711301852482
9764,0.5057992391313194
9765,3.737763840398054
9766,3.668133572967015
9767,3.815100682031322
9768,3.94352364878486
9769,4.312657736590201
9770,4.0481172814557125
9771,1.3429109569299544
9772,0.7457869287533647
9773,1.0939980952170607
9774,3.502670110847506
9775,3.6715602348377594
9776,4.314381746288693
9777,3.0060667435114237
9778,2.744750595500293
9779,1.2372741499700552
9780,1.149709666271854
9781,2.027866735948363
9782,2.420542035167501
9783,2.616872387178515
9784,1.3706300636051454
9785,1.6257093193985082
9786,2.7398898240093144
9787,3.066736330371797
9788,3.3899266397201284
9789,3.43629820330956
9790,3.2036130131361475
9791,3.0483639049122346
9792,2.738840974977208
9793,1.7057616269410996
9794,0.9916969320131466
9795,1.3482789861799718
9796,4.387805385375188
9797,3.2248920562698062
9798,4.311679699125943
9799,2.2963124963935218
9800,1.8757249202107182
9801,0.9784482559181189
9802,2.100884898535886
9803,3.8819834927238785
9804,2.574296211017926
9805,3.5782802923920958
9806,3.491727658151326
9807,4.269210299976906
9808,2.9241855221351627
9809,1.9838189295681454
9810,2.9054532799742625
9811,3.6622227242109378
9812,2.268932136368698
9813,1.7224663557712978
9814,0.9759932823536193
9815,3.9784569144901725
9816,3.61519477684816
9817,3.528994871914611
9818,3.455430906345506
9819,4.026068649076884
9820,3.0637278568772834
9821,2.693931006172955
9822,1.3825874583212732
9823,1.0644085679407447
9824,2.997336070336755
9825,3.611892619755635
9826,3.40917232334764
9827,2.7366417844152564
9828,2.47227925237393
9829,2.0203498548907572
9830,1.768674558504959
9831,1.3336182665592806
9832,2.3933602891697436
9833,3.2644922364772277
9834,3.8754364946159723
9835,2.3696017323875194
9836,1.3502544351563193
9837,0.3003048730560571
9838,0.6379086374510763
9839,3.075298916225567
9840,4.069791247796131
9841,3.4642190423447476
9842,3.5711547453711447
9843,4.398350120953201
9844,3.8595852624752793
9845,2.6313183807798093
9846,1.549998379327144
9847,0.4873912858785344
9848,4.39300293753135
9849,3.431667469255171
9850,3.8553772544466067
9851,4.150689979820559
9852,2.7246579009595138
9853,2.1882211464963772
9854,1.156754361550223
9855,0.6259448366987768
9856,4.00750371875567
9857,3.5809554412376445
9858,4.374704986499815
9859,2.2392771743147093
9860,0.688698797663894
9861,3.5559009962029795
9862,3.4227545716903958
9863,3.7178579426753062
9864,3.7178579426753062
9865,3.7178579426753062
9866,3.231529949131529
9867,1.9401274797341617
9868,1.352987936394858
9869,0.5365759013018256
9870,0.8629382186222531
9871,3.7537445524502653
9872,1.4411837990181546
9873,1.303119583395754
9874,1.0059690784718718
9875,3.4820949808930375
9876,3.525238368620192
9877,3.9155120867632403
9878,4.088579242369027
9879,3.807386140397621
9880,2.550372626225697
9881,2.37638177975298
9882,1.9105556063668965
9883,1.514398990568535
9884,1.2459410006102247
9885,1.920683291482584
9886,2.753495561341807
9887,3.8771491565360217
9888,4.00504677919904
9889,4.034566874004736
9890,3.6288008909871747
9891,3.1975797455361388
9892,3.8792511280499165
9893,3.530675149732782
9894,3.435253233352504
9895,3.5527622367429186
9896,3.5527622367429186
9897,3.8968230468923153
9898,1.6478118459002498
9899,2.996250840533223
9900,4.108908064263901
9901,3.538687553911627
9902,3.39585313081451
9903,3.4329822282210753
9904,3.6391413784293984
9905,4.2754406054034755
9906,4.3092635731839986
9907,3.9168425063176318
9908,1.791268481444932
9909,1.2093264163724637
9910,0.8664805618963051
9911,3.0643208643778395
9912,3.665665761192251
9913,3.665665761192251
9914,3.3143817186684617
9915,2.212899043951556
9916,0.9629601743831568
9917,0.26569425478536807
9918,1.719068031652115
9919,3.786623723657352
9920,3.5658684951592727
9921,3.609681912982874
9922,3.6500474625376143
9923,4.2283122286028405
9924,3.9157306936990293
9925,2.7544957739689813
9926,2.3336631770124923
9927,1.9236928997288407
9928,0.7669570974400781
9929,0.7211907590869651
9930,2.813576436513126
9931,3.692862111167982
9932,3.4794923418405763
9933,3.5233057596641775
9934,3.6144449249662767
9935,4.072531786616182
9936,3.2395307574338514
9937,2.7730039369123283
9938,1.2987596087992201
9939,1.7204938885652674
9940,2.5328982297760065
9941,2.1176263226053167
9942,1.6183485050204807
9943,0.913273080810191
9944,0.6387728440267033
9945,3.6082592791774832
9946,3.8091640836947778
9947,3.937061706357795
9948,2.325622029062797
9949,0.40100174930718613
9950,0.26975595537478286
9951,1.917755662448405
9952,3.0482617862543973
9953,3.382540844001016
9954,3.501225621855816
9955,3.501225621855816
9956,3.501225621855816
9957,4.2782864268599266
9958,3.550079211014148
9959,4.475516597747038
9960,3.7887722271218376
9961,3.6078544563999064
9962,3.6078544563999064
9963,3.663540306636677
9964,4.235184865884018
9965,3.960990293454113
9966,3.5266386484500023
9967,2.8823260394211383
9968,2.3267251977794756
9969,2.016093930517723
9970,1.6023132734039993
9971,3.841047090974652
9972,3.9173175256247874
9973,3.9173175256247874
9974,3.979369872093108
9975,4.258545703854736
9976,3.7843621373897975
9977,2.9832519139269285
9978,2.8869465076125733
9979,2.687143055528638
9980,1.8608379902923544
9981,1.7451250552476174
9982,1.3016634391376745
9983,1.734094972861756
9984,2.9062316409110722
9985,3.5917548516023245
9986,3.7600201666364934
9987,3.535741179414518
9988,3.1785599341436033
9989,2.85098010377995
9990,2.6604493136603407
9991,2.286430153208672
9992,3.7507415528414962
9993,3.7014115485899453
9994,4.520347737360029
9995,4.485238021824876
9996,3.1964050296978797
9997,1.1152669449704025
9998,1.4959753368535154
9999,2.3477394552685174
10000,3.5928400193364167
10001,3.447904179439913
10002,3.6069398832474273
10003,3.6069398832474273
10004,4.488315682610605
10005,3.5490036268207756
10006,3.293669628343028
10007,1.1722347796647383
10008,2.3838388297317126
10009,3.495272573606703
10010,3.617819892711268
10011,4.489664626793796
10012,3.655792579915042
10013,3.4640084667942537
10014,2.2249880357795697
10015,1.5096155311440633
10016,1.4582522668826268
10017,4.236267183585552
10018,3.722727677942089
10019,3.7658710656692436
10020,4.573200249867952
10021,4.1163293092578375
10022,2.6716458950024045
10023,1.2863609296521774
10024,0.9319396679047869
10025,1.119725964979065
10026,3.2719609936667053
10027,3.6888013363226477
10028,3.7236304326586565
10029,3.799204802603988
10030,3.9529270708574384
10031,4.050033769331457
10032,3.2445304094634806
10033,3.075565470405884
10034,1.9607028404407414
10035,2.0627120234817373
10036,2.7309718300967876
10037,3.7650354208076044
10038,3.916225491647747
10039,3.994354714678183
10040,4.273530546439809
10041,4.024999075708605
10042,3.4193522116119652
10043,1.6804778607855548
10044,3.000927058405504
10045,3.7063874981958755
10046,3.8334626264009035
10047,2.0108310276812364
10048,0.9238931013578129
10049,4.393010312470394
10050,3.6212050503074993
10051,4.313332631986201
10052,3.2390285329180784
10053,4.442481936878619
10054,4.3385844732653505
10055,0.48513949024444875
10056,3.6047345753681403
10057,3.639563671704149
10058,3.835848691852558
10059,3.835848691852558
10060,4.025841531894289
10061,0.9855101807444103
10062,3.200566266349652
10063,3.633304476631006
10064,2.8877872725523424
10065,0.8923778459786165
10066,4.174481566533993
10067,3.5812343931447397
10068,3.910130377396225
10069,4.433492085378302
10070,3.5898132365363606
10071,1.794105961037313
10072,1.5877368710078514
10073,1.1333918530674072
10074,1.895506520033493
10075,3.3003973415445054
10076,3.5075307386079104
10077,4.007327771179123
10078,4.056612731505149
10079,3.4513490286275275
10080,3.1261412889719464
10081,3.1294092317135616
10082,2.356619872179932
10083,1.698130447282636
10084,1.3274520929339944
10085,1.738897158005747
10086,2.045785398429217
10087,3.3735000358585916
10088,3.5560053025500302
10089,3.468129150788464
10090,2.535378282239452
10091,1.1654349958447743
10092,1.0132909962157957
10093,3.3951587502643963
10094,3.2130938129613273
10095,3.2502229103678926
10096,3.8701068918352854
10097,3.204055918649203
10098,3.6381674927297127
10099,3.5114983117686913
10100,3.729077963567544
10101,3.729077963567544
10102,2.9202246312240403
10103,2.0844208155272472
10104,0.932610270597496
10105,0.6969181585415097
10106,3.5195245201874097
10107,3.491727658151326
10108,3.491727658151326
10109,3.588614506189647
10110,3.882536936841325
10111,4.184606295594317
10112,2.1885636809123308
10113,0.9197020211361596
10114,0.37675703497704793
10115,0.8613822869503772
10116,3.8532667718581872
10117,3.6067917438920616
10118,3.6622227242109378
10119,3.6622227242109378
10120,3.8907490911512754
10121,4.477614486505738
10122,4.367223671670256
10123,3.918546171304388
10124,3.3254725481387846
10125,0.568136087656379
10126,0.5755154241267038
10127,1.905284770213344
10128,3.022814045508592
10129,3.5721382596417657
10130,3.4841695599819786
10131,1.445318496264567
10132,1.0976358372916415
10133,3.2539286082624934
10134,3.4651879420853695
10135,3.6881630544057704
10136,3.2706914067524298
10137,3.0124582322033664
10138,2.371932883661178
10139,1.3514840048672048
10140,1.5017089953293563
10141,1.6216977724653243
10142,1.9466551663558245
10143,2.5038333143451896
10144,2.7261112400717002
10145,3.1816217572863024
10146,3.845916399810274
10147,3.0810171119301026
10148,2.707681815254901
10149,0.8501266567107081
10150,0.4315506669884604
10151,1.7512731679448956
10152,4.022682260177461
10153,3.5225118613184607
10154,3.5711547453711447
10155,3.5711547453711447
10156,4.242621386460969
10157,3.1990146394062937
10158,3.3426956403515207
10159,3.0471594268170197
10160,3.084288524223585
10161,3.431667469255171
10162,3.431667469255171
10163,3.89010789583548
10164,0.39154139834033425
10165,0.39770449751096587
10166,4.014930697322413
10167,3.618792514997785
10168,3.5168933550659442
10169,3.560036742793099
10170,3.5809554412376445
10171,3.7429919785038748
10172,4.072635627746826
10173,4.230475320925395
10174,3.1773457707634747
10175,2.7544957739689813
10176,1.8293068970310578
10177,0.47646051296307135
10178,0.8953252857006703
10179,2.0177619283184383
10180,3.466567989513997
10181,4.457559927679284
10182,4.268377578478403
10183,3.884589428866291
10184,2.7968272731236556
10185,2.3500977570178136
10186,0.9679606752682794
10187,1.9463829071245413
10188,3.455298095575995
10189,3.737062778624536
10190,3.7537445524502653
10191,4.194515707996585
10192,4.329411613540937
10193,3.8000542082845685
10194,3.19043470088635
10195,2.450401237279988
10196,1.9230623679667087
10197,1.9633720743988208
10198,2.3551058317150164
10199,3.2708356470701614
10200,3.575190801132885
10201,3.6047529309672766
10202,3.6047529309672766
10203,4.135865765330098
10204,1.3892893465427403
10205,1.0097884603435976
10206,0.834263929005168
10207,0.7645795077591832
10208,3.3301609159133188
10209,3.3732171240451985
10210,3.6629126662949196
10211,3.792491450301589
10212,3.792491450301589
10213,2.722294989384683
10214,0.3912524817285645
10215,0.843788875762893
10216,1.9662255183806623
10217,2.8819859813595117
10218,3.9384318734770707
10219,3.472382330759069
10220,3.615973156930364
10221,4.254155890322366
10222,2.7096327249608865
10223,0.6199316498490194
10224,0.43891866369630195
10225,3.622521657901239
10226,3.270664657424281
10227,2.7222533301590337
10228,2.371674251273954
10229,0.6614183305317286
10230,0.4376511920331014
10231,4.063056774234821
10232,3.687094889212623
10233,3.5539484647000394
10234,3.5977618825236406
10235,4.2619409829413675
10236,1.207995554209361
10237,0.25988226797219843
10238,0.5966313890343462
10239,3.2561024523245194
10240,3.6990149196718565
10241,3.6500474625376143
10242,3.6500474625376143
10243,3.7311436142996297
10244,4.034391547954555
10245,1.112790093518652
10246,0.49209891987238424
10247,3.6323879226880327
10248,3.631126698792006
10249,3.631126698792006
10250,3.7739204489992644
10251,4.263052659368646
10252,3.8522185609232014
10253,1.9046286856853076
10254,1.0138079877695885
10255,0.9754499816960428
10256,2.033504369591769
10257,3.2836420396469603
10258,3.688275812645108
10259,4.159053077190019
10260,3.90176276812064
10261,0.5690884227807186
10262,2.9618923679326072
10263,3.2850826772809385
10264,3.7378380631841526
10265,3.7378380631841526
10266,3.255954288481987
10267,1.960068362760728
10268,0.5716383305380558
10269,0.35718085074639777
10270,4.012856321333572
10271,3.601871512242947
10272,3.460717775219231
10273,3.8618054974798084
10274,3.203344453242713
10275,2.384220680391775
10276,1.9170536425104276
10277,3.659726829057226
10278,3.7028702167843806
10279,3.6078544563999064
10280,4.100288960339666
10281,3.553346337274194
10282,1.6671815795772915
10283,1.6694665919045497
10284,2.046682236064758
10285,3.064875996365526
10286,3.797311244853748
10287,4.193475333523971
10288,1.5548743191420586
10289,3.725948279992206
10290,3.848939338703485
10291,4.16591782573845
10292,3.9703252284197244
10293,2.246405427589454
10294,1.8445819831578087
10295,1.1105589263359046
10296,0.9584149267069262
10297,4.436447112161042
10298,3.7014115485899453
10299,3.7014115485899453
10300,4.2282538162427805
10301,4.029119106841182
10302,3.5926179400276594
10303,3.381762688980811
10304,1.3609669916222866
10305,1.0820330307369905
10306,3.6069398832474273
10307,3.784342152629405
10308,4.203012258759059
10309,4.2943603361025
10310,3.9880280495728053
10311,1.384379283983386
10312,1.1722347796647383
10313,1.5209447863670875
10314,3.617819892711268
10315,3.617819892711268
10316,3.8916034307760907
10317,4.093290530314407
10318,1.1192699134213062
10319,3.815100682031322
10320,3.815100682031322
10321,4.589958084634595
10322,3.1574984197845417
10323,2.8677310831598026
10324,1.7325606309347785
10325,0.7715147985153685
10326,4.216945823866819
10327,3.798851424039041
10328,3.8158865764297176
10329,4.414636400730739
10330,1.7926460412689504
10331,1.3582703549214583
10332,1.245971148760483
10333,2.2377568606736817
10334,3.587364395863688
10335,4.206912308846356
10336,3.6661913063833778
10337,2.438622234644152
10338,1.7175790684190475
10339,1.5123871320154791
10340,3.58143690787612
10341,3.835966282202545
10342,3.835966282202545
10343,3.9220508193615298
10344,3.4491840042046444
10345,3.1785599341436033
10346,0.6760114560018228
10347,0.531469323780718
10348,0.6295959231388594
10349,3.4437343284957023
10350,3.482937640796158
10351,3.563568885883169
10352,3.7129919722275533
10353,4.474221288113665
10354,3.906355691580701
10355,3.4213237172315423
10356,2.607638771152377
10357,1.2947415479138613
10358,0.8475459531179788
10359,1.0350224103209482
10360,2.257263039539569
10361,4.249684714730477
10362,3.6155044788721225
10363,3.5290453772140062
10364,3.5661744746205715
10365,3.701170595213925
10366,3.701170595213925
10367,3.777998845459808
10368,3.9127186010045563
10369,0.5743236488900175
10370,3.2044154721623834
10371,3.7091939391351882
10372,3.94352364878486
10373,3.6022504195444163
10374,2.9989978158684085
10375,1.731708974035249
10376,0.6430858940565454
10377,0.9527822641769254
10378,2.0752189067946927
10379,4.176820130932515
10380,4.279345657874854
10381,3.815100682031322
10382,3.815100682031322
10383,4.609335426873998
10384,4.504988222065826
10385,3.6245261691058412
10386,3.1090655256286515
10387,2.697986406313081
10388,1.7346489913698204
10389,2.2770148372871377
10390,4.390355831868974
10391,3.6160634894807484
10392,3.7613945561235718
10393,3.778076329949301
10394,3.778076329949301
10395,4.2792644652015674
10396,4.000084541698358
10397,3.200928601718373
10398,2.760831057593826
10399,3.542359834943919
10400,3.8533290321388156
10401,3.929599466788951
10402,3.929599466788951
10403,4.219885365347295
10404,4.286503602940749
10405,3.697804962179924
10406,2.0363942844261804
10407,3.4323128177555615
10408,3.290629556667666
10409,3.3735000358585916
10410,3.608110002162591
10411,2.1191604853467307
10412,2.1746682489085356
10413,3.3651111521723025
10414,4.047481640409273
10415,3.2248920562698062
10416,3.2248920562698062
10417,3.6252234590974193
10418,4.050957376179673
10419,4.253143015820974
10420,3.263179355625664
10421,2.909740241624142
10422,1.3304866488503821
10423,0.716993536238746
10424,0.5109005292306079
10425,0.5492600736464183
10426,4.141968983383212
10427,4.156928318957988
10428,3.5486274091752565
10429,3.729077963567544
10430,4.225915110344058
10431,4.498027578091846
10432,4.362994070261467
10433,3.9202675765861534
10434,3.339636620403999
10435,1.5863644741740968
10436,0.6453148220987295
10437,1.0822986560269199
10438,2.2137287705615276
10439,2.9693654891798085
10440,3.9434659580939564
10441,3.7537354782748094
10442,3.476381132460255
10443,3.956628765073094
10444,3.321651035704
10445,2.540689736890669
10446,1.4930385362622465
10447,0.5772777344482947
10448,3.322745500525355
10449,3.7112511076591095
10450,3.6416208402280703
10451,4.220392740394229
10452,2.974156746749986
10453,2.738426784376663
10454,0.8487279467701149
10455,3.9429003500324793
10456,3.4841695599819786
10457,3.4297054468826866
10458,3.7690189096612317
10459,3.9442440518053155
10460,3.6767988215856495
10461,2.4273182426393123
10462,1.8978054625041991
10463,1.0473378078438835
10464,1.9090245283777605
10465,2.103986808375771
10466,2.5040034325704736
10467,3.508331329812524
10468,3.6881630544057704
10469,3.473601021239656
10470,2.406212610463766
10471,2.0306820561253387
10472,1.5049837251924845
10473,2.683725062036267
10474,3.2644922364772277
10475,3.7180187771472575
10476,3.5122382573811386
10477,2.101385502109548
10478,0.2198158534017264
10479,3.4270899449381824
10480,3.731983523116466
10481,4.093065243732194
10482,2.2315181825866466
10483,1.0440218213378365
10484,0.6921956191891288
10485,0.47471036032341213
10486,0.8690699387853805
10487,1.9550018007670893
10488,4.092238365819873
10489,3.235701607671651
10490,3.464181153348848
10491,4.148243260304769
10492,3.243930046942129
10493,1.7251839686969823
10494,0.8204902555728409
10495,1.9320289062740512
10496,2.9985367998957333
10497,3.5809554412376445
10498,3.8466871713132824
10499,1.1702927731453987
10500,0.5232841555654025
10501,2.967075106755172
10502,3.965811016612147
10503,3.9698545773234266
10504,3.818047632048777
10505,4.147691281291729
10506,0.5601034805710394
10507,2.9768208897940522
10508,3.9048216232000255
10509,3.978054127974249
10510,3.5414980005095438
10511,3.4984414833031496
10512,3.8648720587536314
10513,4.091574048685849
10514,2.7229485356452994
10515,0.9835707670703273
10516,0.9610574332374814
10517,1.6999866413313793
10518,2.895961413306178
10519,3.428031563405647
10520,2.9765317825438196
10521,1.5644282123034974
10522,3.0069706065649875
10523,2.332603564273636
10524,1.8785296584176088
10525,1.2447671834940057
10526,0.8501266567107081
10527,0.4315506669884604
10528,0.3003048730560571
10529,3.5527622367429186
10530,3.917214356563636
10531,4.208652556169704
10532,3.2301736175311047
10533,2.127357251566701
10534,1.0167450983372157
10535,0.4151273165384253
10536,0.8462579968247331
10537,1.968694639442502
10538,4.0140797132062875
10539,3.622521657901239
10540,3.622521657901239
10541,3.9584805250142066
10542,0.4181874366479115
10543,1.9889172045140733
10544,4.091116799112327
10545,3.665665761192251
10546,3.763711912642792
10547,4.033515040903292
10548,4.361849387724806
10549,3.949359448037556
10550,1.6193338759470908
10551,0.4408109242626953
10552,2.8682855547494
10553,4.375916850879831
10554,3.281270734480122
10555,0.4301204508396574
10556,1.8046354475892525
10557,2.9653658778377343
10558,4.0771683826541905
10559,2.431967554998587
10560,1.3974722738347198
10561,0.958379221599181
10562,2.4252381269079657
10563,3.0012958264173637
10564,3.4907754367103654
10565,3.5345888545339665
10566,3.7645462472952436
10567,3.7645462472952436
10568,3.925140708319254
10569,4.09820786392504
10570,3.504342620411209
10571,3.0100215104604118
10572,1.3354211015117732
10573,1.234169620179697
10574,1.05044991563176
10575,1.3845394236669035
10576,1.65058801892333
10577,2.30624813341437
10578,3.328138885412818
10579,3.966581801163492
10580,3.654935577841532
10581,2.7358776385487857
10582,1.3263058878371246
10583,0.7678863513185259
10584,3.4235886778126656
10585,3.60980223792653
10586,4.048584816482853
10587,4.35386969370386
10588,1.1494555625212828
10589,3.4196759370361973
10590,4.345113323769086
10591,3.539205245885935
10592,3.4859352307016627
10593,3.4859352307016627
10594,3.968243310304287
10595,4.049192972501563
10596,2.7644401165679464
10597,3.615958529354569
10598,3.6591019170817236
10599,4.123361447175539
10600,3.6664762145366057
10601,2.7690605847593814
10602,1.7412859378027743
10603,1.4873037042507922
10604,1.43172621401322
10605,3.459953935097421
10606,3.7093323684045076
10607,3.8256211296350053
10608,4.029335926532301
10609,3.835140971740529
10610,3.419252899088279
10611,2.733094180926758
10612,1.7724411726313107
10613,1.0306779020304078
10614,0.8942835912758254
10615,1.2843582547676227
10616,4.316810797627136
10617,3.6311052383075935
10618,3.5916569248627024
10619,3.7179270333374212
10620,4.10498367109634
10621,4.343131348866512
10622,1.2177975562498706
10623,3.327382596268622
10624,3.4864183000761364
10625,3.6658120240132233
10626,4.070966608723681
10627,4.30232378922815
10628,4.106970800193093
10629,2.0736252674829734
10630,1.24120984861097
10631,2.2423056308041396
10632,3.563159939957018
10633,3.373353347908459
10634,3.495900667013024
10635,3.9072986369319556
10636,2.7066518522893026
10637,1.0235221585739596
10638,1.3538947284466458
10639,4.105863909607599
10640,3.6453494824979527
10641,3.693181456333078
10642,4.385810713958544
10643,1.0686422264887439
10644,0.8242767248470766
10645,1.0034532383327208
10646,3.1304277947391324
10647,3.566882110624404
10648,3.6017112069604127
10649,3.6786832194326973
10650,3.6953649932584267
10651,3.8329992997143036
10652,2.6963633995415615
10653,1.5348246902721252
10654,3.625428450508627
10655,3.7780161638757224
10656,3.8581368414612656
10657,3.5497030260571387
10658,3.302863931285726
10659,1.4437037221634252
10660,3.127843324549838
10661,3.485613758139529
10662,3.568178170423851
10663,3.6977569544305204
10664,3.7858329461446134
10665,3.989547743041909
10666,2.598165564534421
10667,1.8943427473549985
10668,0.8517522908313137
10669,0.5961304316963257
10670,0.46733798834961743
10671,3.3129680890121773
10672,4.262244072986867
10673,3.5015687357735965
10674,3.4103121144754804
10675,4.136116243492684
10676,3.798642916143401
10677,2.864705152849561
10678,0.4492697448566633
10679,2.115729840611996
10680,4.14824748106104
10681,4.152592579882895
10682,3.2097743649365555
10683,2.4697842633059386
10684,0.3893917353971017
10685,0.8394164807702565
10686,3.0628822732348104
10687,4.086623567937027
10688,4.07721411613865
10689,3.5773930226302846
10690,3.715327108681267
10691,3.823595877641725
10692,4.42194589096459
10693,4.296720579121947
10694,1.9336857078671217
10695,4.13781245894728
10696,3.693181456333078
10697,4.1792144440278705
10698,4.317598686156418
10699,1.6150969388802399
10700,2.1354816383595647
10701,4.126992210379285
10702,3.882198618845167
10703,1.3299155200110262
10704,1.0708023561777398
10705,2.279008836239928
10706,3.1685964250396017
10707,3.7137220618398383
10708,3.789992496489974
10709,3.8697122554352528
10710,4.086442072784964
10711,3.579919039326732
10712,3.3334631057743356
10713,3.0096530086457074
10714,1.778572933429356
10715,1.4841761204709338
10716,2.6094865500313635
10717,3.251717311948104
10718,3.235290708086567
10719,3.423959652514654
10720,2.9318756245859956
10721,2.41749235938626
10722,1.2546884071880389
10723,2.055031934374633
10724,3.2454748376383997
10725,3.9278453258753654
10726,3.1151374325425634
10727,3.1151374325425634
10728,3.5154688353701764
10729,3.9276872310332323
10730,4.074528984800505
10731,3.7609964738710326
10732,3.1540689376614113
10733,3.06252271972163
10734,3.506366576224809
10735,3.426708183477013
10736,3.6071587378693004
10737,3.6071587378693004
10738,3.7634533641076966
10739,4.093869460308679
10740,3.8023816537329616
10741,3.221750697550807
10742,2.8037363508978013
10743,1.507002798544363
10744,0.7894408352250794
10745,0.9942274107009148
10746,3.813062684116005
10747,3.3874923680900104
10748,3.3874923680900104
10749,3.3874923680900104
10750,4.014900695321837
10751,4.08321840659445
10752,3.205162755377761
10753,2.422803814037477
10754,0.48152997960094757
10755,0.2810092801297009
10756,3.541701141039647
10757,4.088347090358851
10758,4.179834135760848
10759,3.2075866252855927
10760,0.4604731445986688
10761,0.7324552201237707
10762,2.577442725846716
10763,2.3108299623130732
10764,1.3257664437749868
10765,1.9735835343978216
10766,3.1235253342845426
10767,3.549953726633746
10768,3.1344735335355143
10769,3.2771266733122637
10770,2.6477431119898225
10771,2.383380579948496
10772,1.587531614333391
10773,1.2345257735357618
10774,1.2267564545404177
10775,1.4912944984873722
10776,0.15568451797062585
10777,2.944532676742042
10778,3.402875546784558
10779,3.461400121643902
10780,3.6222288993892233
10781,4.064007355440499
10782,2.5236056053425093
10783,0.7647124003493996
10784,3.2285786594835453
10785,3.3274321791938557
10786,3.3274321791938557
10787,3.960853724395363
10788,3.772221972982288
10789,2.606771978106322
10790,0.4804184684547087
10791,0.2957936434929871
10792,3.8771004447777146
10793,3.439515159621808
10794,3.4880234659671587
10795,3.9568762708214225
10796,3.7301988909870434
10797,2.6366098511157894
10798,2.1213912514615174
10799,1.7114209741778657
10800,1.876228729390865
10801,3.828321378395854
10802,3.5959387169770625
10803,3.5959387169770625
10804,4.0823856850959475
10805,3.768101148540052
10806,3.616541195453245
10807,3.6332229692789744
10808,3.7463419301374494
10809,4.062470057961207
10810,4.143419720158481
10811,3.6835659279583295
10812,2.333912956953749
10813,3.3870290408481676
10814,3.4369814733608606
10815,3.466543603195252
10816,3.9565335923336473
10817,3.311543283079408
10818,0.7010194045637493
10819,0.6414314026303445
10820,1.4228950133759233
10821,2.611962362414234
10822,2.875169690060084
10823,3.233610153746221
10824,3.6542821225295645
10825,3.873001129163662
10826,3.0810914652098997
10827,2.605806709058444
10828,2.214717641420444
10829,0.7779858461842085
10830,3.325498609625261
10831,3.793944211417199
10832,4.030038525149235
10833,1.5387014279359965
10834,0.9461589275964211
10835,0.4744052816049515
10836,0.34317090884895474
10837,2.85471764160565
10838,3.9673748653363234
10839,3.5020000747299482
10840,3.5206112498132165
10841,4.089448712021021
10842,3.79895658346444
10843,3.9215235753072415
10844,3.4320292390017957
10845,3.831473525184364
10846,0.2952845560186272
10847,0.16994649993802094
10848,0.4922738505983654
10849,3.1145692533969465
10850,3.5281282368393705
10851,2.2157772541593004
10852,0.384435976814674
10853,3.551328912240409
10854,3.492525699268033
10855,3.6539926778561296
10856,3.885142250706773
10857,1.2779202213451395
10858,1.0712152877705459
10859,0.8473361939772737
10860,1.5789606896376933
10861,1.8919711706641968
10862,2.2837049279803927
10863,2.8597626274897907
10864,3.6249392769962663
10865,3.7651808689144914
10866,3.386456697558017
10867,2.89213558760722
10868,1.2158690490221928
10869,0.7468012870178764
10870,1.2430062247393294
10871,2.164714934486797
10872,3.188531915113841
10873,3.599628735412128
10874,3.599628735412128
10875,2.617991715695594
10876,1.2084199649839324
10877,0.20562461994368234
10878,3.882090081850047
10879,3.4808375551820916
10880,3.31243641155847
10881,3.391470998128573
10882,2.276507904954475
10883,1.8093408670731277
10884,1.3944911354406908
10885,2.1677578967221667
10886,4.086853792481053
10887,3.6583689531438868
10888,3.4859352307016627
10889,3.5450101780204952
10890,3.843104370600921
10891,3.435460414421002
10892,3.4045025843789007
10893,2.2071731452898957
10894,1.536222067463131
10895,1.9051490371371862
10896,2.0554599770991273
10897,2.4300101596716717
10898,2.923342797437953
10899,3.7028377632026275
10900,3.3334631057743356
10901,1.4861909092900047
10902,1.669777504542082
10903,2.014611233867391
10904,3.586341309693229
10905,2.5425633908071488
10906,2.128519504736262
10907,2.155663913725147
10908,3.3239503405834436
10909,3.5916569248627024
10910,3.5916569248627024
10911,3.92140633140388
10912,3.274049913543511
10913,3.3389044260868865
10914,4.296938685806989
10915,3.888133529642519
10916,3.462436745358466
10917,3.4864183000761364
10918,3.4311177039675838
10919,2.5182673608921395
10920,1.0764870248173917
10921,1.0764870248173917
10922,3.4386155411305794
10923,4.488137646965211
10924,3.3385242515724505
10925,3.495900667013024
10926,3.495900667013024
10927,3.372267627839369
10928,2.10543598328999
10929,1.3338121329318453
10930,1.0318364499651056
10931,3.432574928751449
10932,3.692657830971715
10933,4.1466461456847075
10934,3.5748522740547752
10935,2.7498451603066107
10936,1.613008578445198
10937,2.0616374545537774
10938,4.075412624939244
10939,4.101122185888587
10940,3.6953649932584267
10941,4.288899242930108
10942,4.227246864821332
10943,3.932147846478264
10944,3.5282193110260613
10945,1.1917985611291428
10946,1.9211788245541663
10947,2.0962236617461087
10948,2.5894386311692146
10949,3.009367100388346
10950,3.4555634793587844
10951,3.701745729225587
10952,4.0748666588109765
10953,4.138346289760611
10954,3.1288719470010635
10955,3.172178722344469
10956,2.5763927111091887
10957,2.3190701821545723
10958,1.5500745868076027
10959,2.859393859477931
10960,3.9573932305515562
10961,3.3326957238784054
10962,0.9521943562892409
10963,4.024144393679361
10964,4.295607257093197
10965,3.3136109417942423
10966,2.4999259957150772
10967,2.22276770365272
10968,1.2241553771730667
10969,0.5457051912624936
10970,0.9306648718849674
10971,3.0974953339905054
10972,3.4248100871526908
10973,3.461939184559256
10974,3.580649012042634
10975,2.8157126835120527
10976,1.9635531733160685
10977,1.4211365005820797
10978,0.658532034182441
10979,1.9249093959294963
10980,3.5176444460059053
10981,1.6121569215456684
10982,0.8097067825321916
10983,0.4100514842839724
10984,0.8484247257409444
10985,3.6059629238931503
10986,3.546214347268771
10987,3.823595877641725
10988,3.9302313586025197
10989,1.1251922537665209
10990,0.7847149029209062
10991,3.361136911919933
10992,3.5397593183328557
10993,3.4941442637825046
10994,3.7902026062530902
10995,3.4719273136831688
10996,3.0830426788651812
10997,2.888180820658232
10998,1.6745539085477328
10999,1.7539733211059192
11000,4.149921703734599
11001,3.9200308322989996
11002,3.0129209513873225
11003,1.2373855391637267
11004,1.2043039878051558
11005,2.9363330563938463
11006,3.1524202288956418
11007,3.235290708086567
11008,3.0871247328099085
11009,2.620955052124016
11010,2.0012745624935393
11011,1.6336208164146009
11012,4.2681690708412825
11013,3.1404682866406497
11014,2.800629823659889
11015,1.2599004781095875
11016,0.5738241008663293
11017,0.4535123187990713
11018,1.959351699608314
11019,4.000435784455633
11020,3.3895790860704476
11021,0.6011704036941626
11022,2.099611789693552
11023,3.6233322042968585
11024,3.3721458423989397
11025,3.766777579915926
11026,3.840140484746855
11027,1.373486483772666
11028,0.757024748514396
11029,2.7639200810466895
11030,3.7117335729306147
11031,3.5197016145298265
11032,3.541701141039647
11033,3.541701141039647
11034,3.7722189625350935
11035,2.856270823896794
11036,2.151046213515506
11037,1.6029143032817172
11038,0.7885516091583358
11039,0.4678524810689935
11040,1.7748814962353923
11041,3.4084732887433202
11042,3.3636479768106877
11043,3.3111753182665047
11044,2.9472395765510444
11045,0.9241897027150449
11046,1.7674913294501864
11047,2.373600158592523
11048,3.3701220020404996
11049,3.4736832919836105
11050,3.549953726633746
11051,2.3173139380383323
11052,1.8162518923778737
11053,3.043412429514278
11054,3.1262829087052033
11055,3.581800903930342
11056,2.9645288316038636
11057,2.2531134520612803
11058,1.9848972217833103
11059,1.2337661548300798
11060,0.7779858461842085
11061,0.5443180584591434
11062,1.6316368534109915
11063,3.9390250083126026
11064,3.461400121643902
11065,1.4422856038898433
11066,0.39164353103118754
11067,0.37896260547606514
11068,1.8245985267891374
11069,2.991356548953099
11070,3.345651024732666
11071,2.0703352236431853
11072,1.6072980458437902
11073,0.71613271713686
11074,1.8016256322960995
11075,2.8681335259177825
11076,3.6407481429976682
11077,0.380712758115724
11078,0.427536400718055
11079,2.825541907827599
11080,3.424100079698076
11081,3.300835345992152
11082,3.5959387169770625
11083,3.699517503432595
11084,2.2322118341646218
11085,1.2334358839052777
11086,0.7805190020729962
11087,0.45244053751332913
11088,0.42891295824411546
11089,1.804849708196967
11090,2.8352876908664792
11091,3.7632884242724525
11092,3.334776512404704
11093,3.6332229692789744
11094,2.6064602553190603
11095,1.8065740876404692
11096,1.3216317465285743
11097,0.8394972846795565
11098,0.8379093281086428
11099,1.5584534424038052
11100,1.8218388754712482
11101,3.7792942135463248
11102,3.672201883718425
11103,2.8600435022175805
11104,2.432486703372505
11105,2.258495856899788
11106,1.7926696835137044
11107,1.3948469380789548
11108,1.1044078016826506
11109,1.7791500925550099
11110,3.1905539456143415
11111,3.6542821225295645
11112,3.740931283319106
11113,3.8993826173255384
11114,1.7606437355644173
11115,0.34931270981131196
11116,3.818795558943166
11117,3.4430076130156757
11118,3.4430076130156757
11119,4.076939501828849
11120,3.121063199566852
11121,2.6005223069966337
11122,2.0182468336024484
11123,0.7419004583887522
11124,3.4068866374067235
11125,3.3110630025228316
11126,3.5020000747299482
11127,3.5020000747299482
11128,3.82643487497883
11129,4.121874037274591
11130,3.152778734571089
11131,2.6057650498327947
11132,0.5158919622876607
11133,0.3419034371857542
11134,0.3224396818005643
11135,0.7621230234603241
11136,1.8473840055865007
11137,2.9227876654502665
11138,3.94958360018475
11139,4.07455144703196
11140,1.090109631356169
11141,0.843408121893577
11142,0.1641345131248513
11143,2.726752355821827
11144,3.6450905247297793
11145,3.567214003166953
11146,3.5281282368393705
11147,2.6366098511157894
11148,0.579515424244795
11149,2.8238326789101613
11150,3.3575731161423326
11151,3.4013865339659337
11152,3.5092074730937624
11153,3.5092074730937624
11154,2.6551180140591364
11155,1.7867427628321155
11156,0.8422054572546241
11157,3.1518411231420567
11158,3.3949818842349893
11159,3.6249392769962663
11160,1.9997403997521257
11161,0.5055283195852845
11162,0.4459403176518797
11163,0.9089167167041855
11164,2.8300914514277036
11165,3.145475706981961
11166,3.470049951405459
11167,3.8313975444842963
11168,3.1380683656287953
11169,1.8421824399075357
11170,0.49949752001155673
11171,0.3187637921300377
11172,0.29304951531529727
11173,0.6742957723265931
11174,2.9174955467708723
11175,3.251774604517491
11176,3.349565508965035
11177,3.391470998128573
11178,3.9253146713364115
11179,4.176653305210343
11180,3.7526950795155556
11181,1.088516329223064
11182,3.5823486336130896
11183,4.087897962135042
11184,3.4087527255968104
11185,1.7582725795208984
11186,1.500709785784976
11187,1.4791651682751608
11188,3.533268921686848
11189,3.779108197852763
11190,3.779108197852763
11191,3.8431519988761926
11192,4.0598818162259045
11193,4.056893434317822
11194,2.8653659910737366
11195,2.569257132675446
11196,1.135191645345359
11197,1.5925617739341822
11198,2.7646984419834992
11199,3.620413196337516
11200,3.5797535843978383
11201,3.7093323684045076
11202,3.9971814140419477
11203,3.0620716538173642
11204,0.823572716013058
11205,4.016046225915659
11206,3.554527827456137
11207,3.5916569248627024
11208,4.308021633331359
11209,3.4849051645903595
11210,3.0886922542605797
11211,2.4311759096628833
11212,1.9841670181572642
11213,1.0195191901230554
11214,0.9862852758896434
11215,1.3916177984175344
11216,2.2173361812905665
11217,3.290253498862057
11218,3.4864183000761364
11219,3.8701421267196134
11220,3.3330129855384047
11221,3.175783705489836
11222,1.416587247931107
11223,4.229878115677178
11224,3.3739193183989094
11225,3.7595577807407143
11226,4.303672733411341
11227,3.9666108326663903
11228,3.539304299588803
11229,3.3475201864680146
11230,2.1798450443527413
11231,4.4622218871522215
11232,3.602206094770798
11233,3.693181456333078
11234,3.693181456333078
11235,3.791027579298563
11236,4.402568548725187
11237,3.998443386404645
11238,3.03961249693135
11239,2.5537599721492126
11240,0.6638518554576582
11241,3.6670505075341375
11242,4.188617866100449
11243,3.1266444866102887
11244,2.9576795475526922
11245,1.8411507879511613
11246,1.1127266243190643
11247,1.1010626566912134
11248,3.5905993541726184
11249,3.7780161638757224
11250,3.889814819029406
11251,1.9382835684781956
11252,1.551107274626732
11253,1.3892390268866406
11254,1.717141813175463
11255,2.0926434195631716
11256,3.4432275801040957
11257,3.6977569544305204
11258,3.6982783697217076
11259,3.0620716538173642
11260,2.3105605442477186
11261,0.5654645877077589
11262,2.0307175931777106
11263,3.9397188361153055
11264,3.373183017068915
11265,3.4524166196289734
11266,3.4524166196289734
11267,3.4524166196289734
11268,3.6018397059733576
11269,0.7043765177455621
11270,4.108151515802901
11271,3.501387498004147
11272,3.580649012042634
11273,3.580649012042634
11274,3.659468716843626
11275,4.025132862991694
11276,4.2564900434961634
11277,3.7962303206783172
11278,0.47857589404267065
11279,3.4828153496698966
11280,3.715327108681267
11281,3.715327108681267
11282,4.1792144440278705
11283,3.909353251568048
11284,3.4857621392181772
11285,2.8811118930152166
11286,2.6857305590882605
11287,2.08882537899929
11288,0.5473381392091983
11289,3.059033067422079
11290,4.035286932004941
11291,3.5113852509327623
11292,3.693181456333078
11293,3.693181456333078
11294,4.42194589096459
11295,3.5066402462526494
11296,2.9911796027754596
11297,2.7699013496991505
11298,2.5801004834598893
11299,0.6381239856956544
11300,0.9777253685707163
11301,4.248822632941399
11302,4.0329483676064175
11303,3.459315167446496
11304,3.640872972952281
11305,3.6575547467780103
11306,3.6575547467780103
11307,4.145821172639236
11308,4.246102549468895
11309,2.626864672647101
11310,1.0164651418304353
11311,1.0102437479385686
11312,1.8863335370207903
11313,2.619297858666253
11314,3.367923768308933
11315,3.402752864644942
11316,3.789992496489974
11317,2.500384106852276
11318,2.237067819690352
11319,1.5316586534903205
11320,1.608493884027795
11321,1.9153821244512677
11322,3.294103489983537
11323,3.3000803300926447
11324,3.472925745483395
11325,3.3329448941092683
11326,1.0855539715392775
11327,0.9491596607846953
11328,0.9275655965820461
11329,3.2755224357304935
11330,3.1033391892340845
11331,3.1151374325425634
11332,4.134463310632427
11333,2.187202078429269
11334,1.7666145022464652
11335,0.415152774383261
11336,0.8740907174821378
11337,4.01539512003041
11338,3.6071587378693004
11339,4.31203568470939
11340,4.175604534352059
11341,2.457807930691687
11342,1.9679325352010095
11343,0.5658533603613581
11344,2.8389622152018577
11345,3.4641633115241204
11346,3.415289230126094
11347,3.4863706706834403
11348,2.806299599281971
11349,2.070677758059139
11350,0.7438986229239409
11351,1.8422857306405729
11352,3.181212301597782
11353,3.579450191154206
11354,3.484872518193818
11355,4.291622593123283
11356,3.800660248451196
11357,2.6205408615234713
11358,2.892410771530641
11359,3.8480536405122194
11360,3.8124970760545285
11361,3.484791502870209
11362,3.4516166764704748
11363,3.334909323174215
11364,3.3636479768106877
11365,3.6369732596258553
11366,3.840076755694431
11367,3.758252158422862
11368,3.5603105412594105
11369,1.7813171821779596
11370,1.1550431372925987
11371,0.9311640434993262
11372,0.9311640434993262
11373,2.866932796358804
11374,3.326978614313345
11375,3.3384167645604603
11376,2.9048635834249756
11377,2.2830342112357442
11378,1.941783383699906
11379,1.9170840955111537
11380,1.3547982245101446
11381,1.3875920144613798
11382,2.373430040367239
11383,2.2792433083017682
11384,2.561802027374218
11385,2.6041882054096512
11386,3.1262829087052033
11387,3.7138707497748977
11388,3.7402522379367764
11389,3.3770540007019427
11390,2.591193534928662
11391,0.34931270981131196
11392,0.23617353762495652
11393,3.891916020693934
11394,3.3173353212109395
11395,3.3544644186175048
11396,3.461400121643902
11397,3.9697950985857506
11398,4.221133732459685
11399,3.7504748445110265
11400,3.089904221442041
11401,2.1238054071493466
11402,0.9734356505970418
11403,0.5466692509450607
11404,4.278885956663372
11405,3.9781213849518933
11406,3.1328879415945052
11407,2.954227451546534
11408,3.3274321791938557
11409,3.7233316044112303
11410,3.964698086438105
11411,3.126044124088937
11412,1.0773926859204894
11413,0.3019567426636187
11414,3.884527423344457
11415,3.488389241019834
11416,3.3963717718946533
11417,3.4880234659671587
11418,3.4880234659671587
11419,4.204999386227335
11420,4.04448342754294
11421,3.0608574904372357
11422,1.0507407206558184
11423,0.5431724294198258
11424,0.7909677472646893
11425,3.824277817684574
11426,3.344648763815753
11427,4.0156456312563495
11428,4.271568034296829
11429,3.11504166880529
11430,2.6789413502704638
11431,1.8222415568809696
11432,0.7466654919759089
11433,3.836520929046676
11434,3.411094726531593
11435,3.3779199001318587
11436,3.905582155303392
11437,3.073946420560111
11438,1.0755752623670802
11439,0.8503262426289089
11440,2.2135726327874434
11441,2.754428214378605
11442,3.1404323730922106
11443,3.343885653121013
11444,3.466543603195252
11445,4.000681508650901
11446,1.1617450255140662
11447,0.8433166665512826
11448,3.524703338522895
11449,3.493616634307979
11450,1.1268812606408136
11451,0.23617353762495652
11452,0.327121146297464
11453,0.7501982967709602
11454,1.8354592788971358
11455,2.762349666825609
11456,3.7596148135160137
11457,3.4110388351988794
11458,3.3626277070318262
11459,3.4430076130156757
11460,3.5062185332031213
11461,3.7877126289280625
11462,0.31937956169107795
11463,1.8271614405149283
11464,3.8725465142787128
11465,3.2739339051162664
11466,2.255185970947715
11467,1.6747802011186925
11468,1.1299647407427302
11469,3.5552939727077195
11470,3.475842656825397
11471,3.5437465354940074
11472,3.5437465354940074
11473,3.5437465354940074
11474,3.643784141499657
11475,3.9000717483409595
11476,4.174459851815398
11477,3.1964957958152698
11478,2.095013121098364
11479,1.5014479530938987
11480,1.5775348327245409
11481,3.443949269461029
11482,3.48776268728463
11483,3.5281282368393705
11484,3.611215843156495
11485,3.9009482553922243
11486,4.188527314970423
11487,4.040922692693433
11488,3.7978447708458374
11489,3.1633848116269303
11490,1.8058069768756486
11491,0.9932380410290716
11492,0.3224575077819472
11493,0.6049180324406208
11494,1.6631022486616784
11495,2.672043237585553
11496,3.500587006183129
11497,3.943725090091858
11498,4.075663123459238
11499,3.7343326380700095
11500,3.1216448345806596
11501,2.314081632145395
11502,0.8352311164703424
11503,3.351168466411388
11504,3.548668842346131
11505,3.787525192575386
11506,3.96476457136271
11507,4.02247117798387
11508,2.4150123069228147
11509,1.5004625821672883
11510,1.0066252991510232
11511,1.5090548199957563
11512,3.6729462104778623
11513,3.805016056322418
11514,3.5183536786353833
11515,2.2077361062096053
11516,1.7869894229648788
11517,3.391470998128573
11518,3.5000476141992873
11519,4.099672395839458
11520,3.0942340352784603
11521,3.580017221217758
11522,4.413860538905133
11523,4.451059799433426
11524,4.068475481943425
11525,3.0943391162282667
11526,2.7161774432734123
11527,3.974175216937202
11528,4.050445651587341
11529,4.19792701433712
11530,4.371881344981015
11531,2.3502282465472026
11532,1.5479630145856365
11533,1.9278438458622604
11534,2.0447715719176993
11535,2.410396222838916
11536,3.7540648954050706
11537,3.978962769510494
11538,4.273926951279925
11539,4.388795280446106
11540,3.1756294177201254
11541,2.684331903924896
11542,1.0408166617498185
11543,0.8972142574181359
11544,1.3724592213197164
11545,4.026723507580762
11546,4.878442728257866
11547,4.857916936667522
11548,4.31339253480643
11549,2.7072564627652267
11550,0.9635792464359648
11551,3.2072057930867075
11552,3.328147908419372
11553,3.6385232991435252
11554,4.398826900727062
11555,4.112694685894064
11556,3.0924382015272225
11557,1.7439748276817892
11558,1.0634321378475857
11559,1.0634321378475857
11560,3.456299043885916
11561,3.9391593909997784
11562,4.74461867910566
11563,1.0449198471740133
11564,3.840005826891579
11565,3.575412991067733
11566,3.9598878272799776
11567,4.520533994890882
11568,4.926386167579131
11569,3.671032680920705
11570,1.3533395321956876
11571,3.831618607675744
11572,3.7648060539780506
11573,3.943968878333577
11574,3.9606506521593063
11575,4.187413015786739
11576,4.334932574142971
11577,3.0732267281469845
11578,2.4772764907728235
11579,1.119777438180606
11580,3.6842577294152448
11581,3.7706274541175686
11582,4.049353617610301
11583,4.049353617610301
11584,4.358365795086332
11585,4.096462002185482
11586,3.445953961602903
11587,2.933627261569072
11588,1.4680362592248009
11589,2.0837446301466542
11590,3.453230937055447
11591,3.965966643490487
11592,2.4784704176112013
11593,0.49307020096708254
11594,0.591196800325224
11595,2.146841856085226
11596,3.3230467118868714
11597,3.4877863550112638
11598,3.8806878799484834
11599,3.356897939023001
11600,2.712503536739169
11601,0.9578421987251188
11602,2.3347587196663904
11603,3.8707684949023693
11604,4.817021613352519
11605,2.8249288944065953
11606,2.5413359983038735
11607,1.9046320505792003
11608,0.4832480170835549
11609,2.13444182200877
11610,3.9447031951408986
11611,3.662068519965677
11612,3.9598878272799776
11613,3.978741534623971
11614,4.553102293234044
11615,4.858174139777004
11616,4.333016086267224
11617,2.9380368048801135
11618,0.8526627511814232
11619,2.328144979678056
11620,3.5890076367971098
11621,3.7553520165704137
11622,3.4754495882798646
11623,3.843358309736593
11624,3.8600400835623225
11625,4.604767341883303
11626,3.5681077205490985
11627,2.991514149286177
11628,4.390215628450332
11629,2.8656255860879614
11630,1.9425632157326915
11631,1.8152529166641767
11632,1.3191526659267672
11633,1.7727147268967778
11634,1.893841921795215
11635,3.030395837242362
11636,3.4675747617191925
11637,3.550445240910118
11638,3.639611125473497
11639,3.414397499313488
11640,3.0187484814336707
11641,1.7205906310525692
11642,1.0502547404411802
11643,0.9099534024100644
11644,1.2034018740241015
11645,3.2189162777200093
11646,3.7958930725438202
11647,3.30760459461696
11648,0.9769716950300302
11649,0.6335725518368936
11650,0.5006342985796743
11651,0.9328241115139618
11652,3.241257210697009
11653,3.865876545120318
11654,3.577978928108729
11655,3.400711836641762
11656,3.596773954339848
11657,3.8986989327750554
11658,4.494301210035187
11659,1.0731085510796952
11660,2.2617936486214805
11661,0.2971866700478303
11662,2.9332952999613435
11663,3.7045050585207364
11664,3.8663669353303014
11665,3.8663669353303014
11666,4.106358259217515
11667,3.4088622789145258
11668,2.800087825288173
11669,2.4761463007390843
11670,0.7860726219074099
11671,0.469139366264874
11672,0.8044806835244396
11673,1.9410020269307156
11674,3.092462481314416
11675,3.8217098894505597
11676,3.6726709468318677
11677,3.5516278160369086
11678,0.9236604644876932
11679,1.9745870231280322
11680,3.5528257213072094
11681,3.6763815757851805
11682,3.2047175983905256
11683,2.4173637697242714
11684,2.1089939703858973
11685,1.7440464604582968
11686,1.139378656024949
11687,1.2341133939009934
11688,1.6028643002279952
11689,2.0577156768509823
11690,2.7212935285394555
11691,2.589981620886482
11692,3.500817576918529
11693,4.1115891465522045
11694,3.4079230254660375
11695,0.2847940450044041
11696,3.778819261284642
11697,3.4768892004239342
11698,3.465506486724492
11699,3.6633764599479877
11700,3.6633764599479877
11701,2.4300317986924873
11702,1.9420200383235606
11703,0.5981222121513995
11704,3.5178799630393267
11705,3.295087858284323
11706,0.7990203234927062
11707,1.9905234941569607
11708,3.526197685385056
11709,3.3768638814552
11710,3.5698857598472875
11711,3.6566827914676305
11712,3.7523822670356886
11713,3.7523822670356886
11714,2.0148580574169634
11715,1.670448453179574
11716,0.9610257587660481
11717,0.463175249016789
11718,2.9718438419729494
11719,3.273762080849236
11720,3.455260940683954
11721,3.5427280024007435
11722,3.8765389424801944
11723,3.8765389424801944
11724,4.791869068527402
11725,4.599266532599728
11726,3.2876516526397834
11727,0.4343945859381786
11728,0.7963459979384389
11729,3.5894050345890225
11730,3.8818268543541246
11731,3.898508628179854
11732,4.095065150764681
11733,4.430667411722175
11734,4.663720754389054
11735,4.422463002807174
11736,2.56192350091538
11737,1.2252914727618256
11738,0.8400864784910823
11739,0.9345362291090661
11740,2.4524129373732695
11741,3.0645292632701033
11742,3.6588667884630808
11743,3.7235836151500616
11744,4.254616652553811
11745,4.29539499992408
11746,3.0723795986101696
11747,1.7206624290981143
11748,1.1886010968469956
11749,1.7076069557785345
11750,2.9887259707184235
11751,3.2496105956639108
11752,4.23362039247185
11753,4.269560239620322
11754,2.7912718780548906
11755,2.1351299190912707
11756,0.6242544210260507
11757,0.3895293219636624
11758,0.7681097123712133
11759,3.888979066781043
11760,4.686214940554787
11761,1.8331066970460392
11762,0.8250914560534448
11763,0.35901046995264635
11764,0.35409564908977237
11765,2.9816726797909747
11766,3.716232088103619
11767,3.4838240832837126
11768,3.5646068245834663
11769,3.826665869020603
11770,4.607901579907649
11771,4.155826317395872
11772,3.3396140206849734
11773,3.5260727719975473
11774,3.874004714809798
11775,4.027784316215252
11776,3.3580825600432895
11777,2.1094656251446064
11778,1.5887209957024717
11779,1.2429433470110038
11780,0.27998476594035543
11781,1.6981985192154359
11782,3.4764007697846164
11783,3.6103266763227597
11784,3.843274773773422
11785,4.744105303289359
11786,1.0506646520758618
11787,4.4882246882393035
11788,3.65431758230851
11789,4.107356040435826
11790,3.6201290040702094
11791,2.5810498771056354
11792,3.780552738814233
11793,2.0720057179733815
11794,3.513849269368433
11795,0.5760798338485088
11796,3.1912886144630153
11797,0.3556757927928251
11798,1.931173310062937
11799,2.371881135557852
11800,1.7272397608766106
11801,3.4073737254741596
11802,1.4625328980867913
11803,3.521042368348209
11804,1.5701256156250676
11805,3.79096698491754
11806,2.1865660929754243
11807,4.625734059914945
11808,3.297035451138946
11809,4.306907102432985
11810,3.8970523457060247
11811,4.01830676384034
11812,4.087639106951582
11813,2.2241640427324505
11814,2.8189530107710836
11815,1.0486715206678174
11816,1.5165717915093178
11817,0.8479253877887994
11818,1.224869566993455
11819,0.882540986368903
11820,1.4927816066469193
11821,2.5225452325662188
11822,3.9428776765913116
11823,3.711786474109228
11824,4.127395260861159
11825,3.9461376087640128
11826,4.110035202638115
11827,4.143030850693756
11828,3.790609105698823
11829,4.317915311914492
11830,2.405589551629521
11831,1.9353136264092312
11832,1.8652821993379796
11833,1.1021587979177958
11834,0.900515323718702
11835,1.031464615077088
11836,2.36090506073188
11837,0.7397711763836066
11838,3.5144458285403326
11839,0.4652709396001183
11840,3.6850233744797345
11841,2.362895892819718
11842,3.8315997613245
11843,3.1759373410611915
11844,3.8315997613245
11845,4.006659412258925
11846,3.8315997613245
11847,4.185597707116717
11848,4.480072598383767
11849,1.0439019571354335
11850,3.5234687272837846
11851,0.20467650209666544
11852,2.127466772677524
11853,0.7074759368344308
11854,1.6207363872767233
11855,3.068571599732619
11856,3.464794034709031
11857,3.6990814829051932
11858,4.13341236633227
11859,3.567091470242846
11860,3.487089975919439
11861,3.7198164884581724
11862,3.9517349225238845
11863,4.168923190645875
11864,4.42318196027843
11865,4.580484276623732
11866,3.479869686836614
11867,4.627581018529107
11868,2.262719874374112
11869,4.122694602271592
11870,1.1987767803471467
11871,3.3275728579379575
11872,1.3956709149827096
11873,1.6599337193475165
11874,2.3838848213618107
11875,3.840484791126906
11876,3.3778163036567186
11877,3.651810518936685
11878,3.651810518936685
11879,4.269766052404829
11880,3.695477262932166
11881,2.451979767550285
11882,1.3584656030776834
11883,2.4153652126578966
11884,4.401228114069351
11885,2.986469699036004
11886,2.645729142376864
11887,0.715184099086566
11888,4.065256415770773
11889,3.5298091777437413
11890,4.5625057153066235
11891,2.8160502269136223
11892,1.600559805981912
11893,2.2025958803924035
11894,2.4128481011430334
11895,3.849110194346766
11896,3.0298273212880997
11897,2.3667620267527965
11898,1.4128548512860837
11899,3.2700582042140467
11900,3.7451979914794444
11901,4.095545427497159
11902,4.095545427497159
11903,4.213864348399521
11904,3.8877676315204606
11905,3.1782907567383987
11906,1.6392700367475552
11907,0.9511784387421158
11908,3.504565387718117
11909,4.123910275976664
11910,3.635389559820232
11911,3.635389559820232
11912,4.369285020698574
11913,4.531112916960477
11914,1.9661056075701577
11915,0.7807405733477363
11916,1.0325535704847224
11917,3.3351159919719757
11918,4.092298654755194
11919,3.792855320452684
11920,3.4485637830744524
11921,3.8707684949023693
11922,3.8707684949023693
11923,4.633027737490818
11924,3.5616681266940935
11925,0.888106846133886
11926,0.932040659427956
11927,3.262650098052645
11928,3.978741534623971
11929,1.0651637176449318
11930,3.6319637242849767
11931,4.534292945790219
11932,4.786678003089481
11933,4.222183024393302
11934,3.029899880969835
11935,2.4224539167339887
11936,1.4436361535302098
11937,1.9922350723762283
11938,2.563699756760599
11939,4.081604369614566
11940,4.081604369614566
11941,4.230177766341384
11942,4.450325690452984
11943,4.146952434845088
11944,3.9130156236246028
11945,3.496827555481526
11946,1.5428816042277933
11947,3.34911028560616
11948,3.596677955719829
11949,3.550445240910118
11950,3.8207815887265406
11951,2.517507806938101
11952,1.2813530529331707
11953,2.155110999767141
11954,4.093248670099709
11955,3.187710663697428
11956,3.268493404997182
11957,3.2189162777200093
11958,4.274403921250963
11959,4.641402452954083
11960,4.084566578644127
11961,2.0181750162685757
11962,1.5577886724500685
11963,3.6775566956396015
11964,4.097592660790119
11965,4.306436342074155
11966,2.7275205997489955
11967,2.2933806173671156
11968,1.7637064542407344
11969,2.28450318557735
11970,3.010557911210915
11971,3.2591874217942665
11972,3.335902519866382
11973,3.5289243982584693
11974,3.69153609177199
11975,3.69153609177199
11976,4.702615121259461
11977,4.321746473455984
11978,3.4802886063734837
11979,0.7829057507284843
11980,0.5319491812349892
11981,0.7836215393199544
11982,3.5661171027547556
11983,3.5230061986860184
11984,3.7829877987499336
11985,3.8663669353303014
11986,4.4419605201750105
11987,1.3019195303639899
11988,3.5105413301549215
11989,3.4252338424469415
11990,3.5858739152115247
11991,3.5803664696733812
11992,3.5988540822954636
11993,3.9392680187370264
11994,4.242344308992577
11995,3.0652846949410293
11996,2.186275832921525
11997,1.7223237258326738
11998,0.8904331951367963
11999,2.6213694899771545
12000,3.641959749655413
12001,3.734302098086396
12002,2.1166409820818104
12003,1.7844901789753362
12004,2.777177475276694
12005,2.8215768595870223
12006,3.4179470977276036
12007,4.000271408799939
12008,3.723986218851155
12009,2.7727720654095385
12010,1.8281211568848463
12011,0.3895293219636624
12012,0.0418032599485774
12013,3.1184115816206828
12014,3.5462892280242455
12015,3.9456092975773696
12016,4.359467949817988
12017,4.771029035795846
12018,4.529254295278481
12019,4.057812684415392
12020,1.3260609081103192
12021,0.437176102404992
12022,3.372546821879751
12023,3.0773625102577014
12024,3.5178799630393267
12025,3.6405737209161786
12026,4.042093945645316
12027,4.320073902023346
12028,4.082138609250749
12029,2.559844921350423
12030,1.9724349468528877
12031,1.574958442099754
12032,0.49694286158598633
12033,0.35400714042191356
12034,0.3601702395925452
12035,3.059892304267561
12036,3.7523822670356886
12037,3.233467474271729
12038,2.5810498771056354
12039,0.5288292424869147
12040,0.8370259964508522
12041,4.383842985017319
12042,4.147191270087951
12043,2.6233813762603098
12044,1.744030693741313
12045,1.137095610138529
12046,0.8008173459876111
12047,1.9597552064037724
12048,3.717436709288277
12049,3.5150572192245564
12050,3.3419679302040963
12051,3.2465564043946045
12052,2.201164640374304
12053,1.0530314952643518
12054,0.8176881670895377
12055,1.8001816088411324
12056,2.039888258461166
12057,3.481574095380943
12058,3.753145744984453
12059,3.938229202264274
12060,3.68374558337704
12061,2.4044782858942426
12062,2.14227587724576
12063,0.7032967677284915
12064,0.7268151690742672
12065,3.5422476801843548
12066,3.8971877039387683
12067,4.158242501868059
12068,1.6300827932008437
12069,0.2847940450044041
12070,0.3717806920623065
12071,1.9705108749520295
12072,3.647814374834293
12073,3.3773221397070996
12074,3.2699712773989282
12075,3.558339154954137
12076,3.7423305848672483
12077,3.7423305848672483
12078,4.242997198039208
12079,4.5184898801921145
12080,4.118254884037325
12081,1.4191219644258486
12082,0.49066004951232217
12083,1.9284782310457984
12084,3.4975318733217455
12085,3.2877619655856267
12086,3.826665869020603
12087,1.6243182476629245
12088,1.0397000411734212
12089,3.0690895995956162
12090,3.5984066458635264
12091,3.685873707580316
12092,3.874004714809798
12093,3.874004714809798
12094,4.730037840134335
12095,0.8108855431715234
12096,0.1630506050868463
12097,0.49579735663461943
12098,2.873054289967177
12099,2.6145366494188407
12100,3.843274773773422
12101,3.9952160178720866
12102,4.304422563241555
12103,1.7829708395024892
12104,3.7742852110918106
12105,3.79096698491754
12106,3.2959605649247186
12107,2.616173644680592
12108,1.7713718249731578
12109,2.1100205536541154
12110,3.169863676381289
12111,3.8698671741138773
12112,4.263578274240315
12113,3.110064069024945
12114,2.3156815660191254
12115,0.48878934094589416
12116,1.4843883283419477
12117,3.4235050111748606
12118,4.1102198165129264
12119,2.0776477993942035
12120,0.3461057905963681
12121,0.30941177905592365
12122,3.301504225351763
12123,3.542900673016438
12124,3.567091470242846
12125,1.1304806622371413
12126,1.3801746257174836
12127,2.292891797345042
12128,4.2790591471052135
12129,3.7584485576099596
12130,3.53652300267499
12131,3.741114613928853
12132,3.6201290040702094
12133,3.6201290040702094
12134,4.180807196238253
12135,2.532003302927306
12136,1.4979175382732444
12137,2.320836339104962
12138,3.7197596526238867
12139,3.8102553140856816
12140,4.050445651587341
12141,4.357964876446068
12142,4.4180749384487195
12143,3.496827555481526
12144,2.6344360422809627
12145,1.5841256949527855
12146,3.248008801054277
12147,3.978962769510494
12148,4.127395260861159
12149,4.430508151923053
12150,1.455271512558332
12151,4.197099435891258
12152,3.543231883769291
12153,3.7508170200247464
12154,3.8315997613245
12155,3.0321209571105907
12156,1.2183858288842666
12157,1.0311726806080186
12158,1.3361677833300771
12159,2.3132517647595554
12160,3.408930649719126
12161,3.6385232991435252
12162,3.6385232991435252
12163,4.806642821252503
12164,2.842509564461815
12165,3.6110663377482366
12166,4.366387676088266
12167,3.317412644524018
12168,3.6465182234705784
12169,3.538904933575762
12170,4.13355847397221
12171,3.1793757236527904
12172,3.0151214472190033
12173,1.8693344048719003
12174,1.0532341385651594
12175,1.4269193732457335
12176,3.673295778802607
12177,4.4284662157321515
12178,3.761037787661922
12179,3.847834819282265
12180,3.978741534623971
12181,3.978741534623971
12182,4.145441295371
12183,4.928560078400965
12184,2.386587558377465
12185,1.1525110757611037
12186,0.8675161956528248
12187,1.0989843602300948
12188,2.262393568695428
12189,3.3663912924394683
12190,3.6863233137488534
12191,3.9606506521593063
12192,4.814890772605885
12193,4.767822318441918
12194,3.624399717891991
12195,1.6349414103884066
12196,1.2320766443415814
12197,1.2373784470925495
12198,2.9268539921620453
12199,3.4343078314804294
12200,3.9730831829601616
12201,4.198327932977384
12202,4.418475857088984
12203,3.862525190964996
12204,2.0248257830860146
12205,1.8552441145527365
12206,1.4983099950620753
12207,1.8367871655518027
12208,2.4800371581302705
12209,3.700798607169116
12210,4.328732677565702
12211,4.370445549042649
12212,3.6186469613901204
12213,2.1398921772900983
12214,0.4731089485328252
12215,0.6111018162150426
12216,3.56282859165664
12217,3.5685690963110175
12218,3.6300972643541254
12219,4.800970336216337
12220,4.03573048967758
12221,2.3063202954745137
12222,0.647802320090517
12223,0.5513668736846866
12224,3.6561489193299077
12225,3.7369316606296614
12226,3.9748049123605806
12227,4.4067615115527365
12228,4.79022237252681
12229,4.147507669584612
12230,3.391017266025304
12231,2.7642759636421164
12232,2.3301359812602365
12233,4.2918635598427395
12234,1.3687092018415492
12235,0.6371502766403908
12236,3.783388739959952
12237,3.480569660130959
12238,3.740551260194874
12239,4.178009593714162
12240,4.947937420640368
12241,3.602820653118579
12242,2.6285469896280387
12243,2.375689727546777
12244,1.4088875613174856
12245,1.2337694804936494
12246,0.6813634565014032
12247,4.23057365094977
12248,3.710446464514174
12249,3.8600400835623225
12250,4.159200246270335
12251,2.74682646058712
12252,1.3709422582660442
12253,1.0863720619354096
12254,1.0069003510603673
12255,1.103404233771973
12256,2.1502335359455547
12257,3.511158859374354
12258,3.5975285840766777
12259,3.676011324305875
12260,3.986480227620433
12261,2.7666250359085085
12262,2.2830089677924663
12263,1.2691278140061577
12264,2.2215210838145922
12265,3.6410773400301575
12266,3.6574750996479723
12267,3.762257136771203
12268,2.263071894165944
12269,0.8883593382074149
12270,3.3807612865895935
12271,3.541613435433746
12272,3.0667685483647635
12273,3.2189162777200093
12274,4.5560081895072155
12275,2.682575981533596
12276,0.5389938429954847
12277,2.1352252740947764
12278,3.903991228241162
12279,3.903991228241162
12280,4.864571114905502
12281,4.808817031394881
12282,3.409706606151682
12283,1.22618476831231
12284,0.824110538631885
12285,0.6798861437702687
12286,0.6200603913132188
12287,3.6893909370579245
12288,3.6157214298788123
12289,3.69153609177199
12290,3.8738519560917695
12291,4.2805846431179235
12292,4.680811438993439
12293,2.73350099604174
12294,1.8698688250074393
12295,1.186038104687268
12296,1.9860227019007697
12297,2.67700802464056
12298,4.797339703409047
12299,4.773597051230828
12300,4.271216361910103
12301,1.966852885095416
12302,0.4659547722927322
12303,3.5803664696733812
12304,4.014730585108424
12305,3.7588525093311933
12306,2.4942926805853385
12307,1.1925821059530919
12308,1.1244065973667117
12309,0.9861841309559867
12310,2.200561944186546
12311,3.229472455591108
12312,3.464667056573275
12313,3.55516271803507
12314,3.69624359718282
12315,3.7725140318329555
12316,3.7725140318329555
12317,2.9491653769015573
12318,1.5152615207648197
12319,1.2990867515718196
12320,1.7327582829604817
12321,3.500817576918529
12322,4.075649299403733
12323,2.1845489493385806
12324,1.1212028151700537
12325,0.6242544210260507
12326,0.4036886702725054
12327,1.5970177207293723
12328,3.2579213504690365
12329,3.6633764599479877
12330,3.22720761352886
12331,0.8178573476871066
12332,0.4664726325917239
12333,0.7961777671137368
12334,1.9620741490584912
12335,4.108493713176356
12336,3.5964176517648334
12337,2.890200911488651
12338,2.9965797689579476
12339,3.5178799630393267
12340,4.435564108141795
12341,0.9667553863951114
12342,3.7943827016562617
12343,3.983434970528967
12344,4.319037231486464
12345,4.719264027361979
12346,4.56136427504672
12347,4.109289012534942
12348,0.4080586749804615
12349,2.0394271590316673
12350,3.6763789843353183
12351,3.366893979207115
12352,3.8765389424801944
12353,4.048240724059827
12354,2.088440297978703
12355,0.48069949637293347
12356,3.0158314367277415
12357,3.5026080029686795
12358,3.898508628179854
12359,4.062656049506228
12360,1.739386444107287
12361,3.5720697568427378
12362,3.753145744984453
12363,4.134069229007252
12364,1.2800018955815042
12365,0.8933056987984656
12366,1.3634814964308053
12367,2.084652956553526
12368,3.49717826577758
12369,4.026766487945442
12370,4.026766487945442
12371,3.742486031496507
12372,3.4264228381113897
12373,1.0405330435156783
12374,2.9057288885999624
12375,3.4775564136543835
12376,3.7423305848672483
12377,3.2815710068585693
12378,2.503593732615988
12379,0.7260770684649807
12380,3.826665869020603
12381,3.8953275807199463
12382,4.267443658929646
12383,4.682561176441442
12384,2.5779539855065288
12385,2.139163344445685
12386,0.5527889553750078
12387,0.4204895340707503
12388,0.36207059006213277
12389,0.7998883412124906
12390,2.0022895037933055
12391,3.773624741957985
12392,3.4169077860288084
12393,4.30354605619029
12394,4.580409074929266
12395,4.19954042712579
12396,0.15723861827367655
12397,3.4288278164880417
12398,3.6977937380395494
12399,3.843274773773422
12400,3.349679953309719
12401,1.727596113735992
12402,0.931964171075031
12403,0.29290222811001393
12404,0.6195616310371542
12405,2.818345171730903
12406,3.4307202179210416
12407,3.6085094300649985
12408,4.032485800708496
12409,4.341692346077962
12410,1.7623858464654336
12411,1.1528286563464034
12412,0.7867900505497123
12413,3.5379496876901144
12414,3.6243194123924383
12415,3.9461376087640128
12416,4.091479855492308
12417,3.8189306658876134
12418,1.4802485340628304
12419,1.1254556683024317
12420,1.7504369235983743
12421,3.4685744255816355
12422,3.8770806282522514
12423,4.006659412258925
12424,4.221537554265189
12425,3.8172367808285794
12426,3.533413443534953
12427,2.8144807035220625
12428,1.633451706820599
12429,0.2921013974682803
12430,1.9373097679273577
12431,2.7374231565396943
12432,3.4621179317166844
12433,3.567091470242846
12434,2.168504841359034
12435,1.6409620796865527
12436,4.790807085419936
12437,3.514080964542175
12438,3.514080964542175
12439,3.480308965912216
12440,3.813152213780922
12441,3.720066826060493
12442,2.2335641799433077
12443,1.6737369128947204
12444,1.49702445751279
12445,2.330415621319032
12446,2.8314396276188987
12447,3.4122976354844323
12448,3.793792024784735
12449,4.021451680436909
12450,0.8641806467437689
12451,1.6250687154776795
12452,2.0049495467543026
12453,2.139076996685523
12454,3.819782976174773
12455,3.966576824200502
12456,4.189919312747762
12457,4.13923901202407
12458,0.9178071592689209
12459,4.104275525306633
12460,3.7255517217964655
12461,3.7255517217964655
12462,4.244919408970979
12463,2.2107362572850064
12464,0.9808710819861832
12465,1.753572247799185
12466,4.741270864463639
12467,3.5324752596154907
12468,4.0087086579107565
12469,3.7008698747858877
12470,3.249342672443221
12471,2.6109364740259715
12472,2.391772662212992
12473,1.3175007916735486
12474,1.0979236972735844
12475,1.697688181136417
12476,2.685902087515518
12477,4.554692859614473
12478,3.8806194137773065
12479,3.540470183942544
12480,3.571504408542451
12481,3.62670774193777
12482,3.8018178357921877
12483,3.152633267214724
12484,1.1858014736581828
12485,3.853839787751943
12486,3.8726934950959366
12487,3.8451975224689794
12488,4.152879012433556
12489,4.279646709061227
12490,4.195393194206204
12491,2.028745264516296
12492,1.3838019025080217
12493,2.547211110973355
12494,3.651208834717395
12495,4.620758688417728
12496,3.8379208388055424
12497,3.854602612631272
12498,3.854602612631272
12499,3.88716924288472
12500,4.03682934506899
12501,3.429607658893406
12502,2.6666752833722835
12503,1.6190101007402389
12504,3.867035143432127
12505,3.943305578082263
12506,3.943305578082263
12507,3.9273611189159885
12508,1.4301568670819473
12509,1.54111584587922
12510,1.57065597538377
12511,4.0475799756000415
12512,4.129856709867357
12513,1.0357760067267752
12514,0.5591549721921253
12515,2.5052029128209297
12516,4.801037123707191
12517,4.23995543938717
12518,3.462521056782983
12519,3.524049224826091
12520,3.5293415202921974
12521,3.954811718330898
12522,3.815509993640396
12523,3.199455408743936
12524,2.535513239197417
12525,0.41064900220552447
12526,0.568658709234905
12527,2.7521631841354983
12528,3.630883621101627
12529,3.7647204553743348
12530,3.7647204553743348
12531,3.7647204553743348
12532,3.9922882091850624
12533,3.8552164442075405
12534,2.603943692174386
12535,1.8672044598868893
12536,1.6830696082712884
12537,1.046365660546613
12538,0.6851762706278317
12539,2.495502495895882
12540,3.8726934950959366
12541,4.185447310776719
12542,3.4276911710176607
12543,1.9803123703604075
12544,1.7702805995954534
12545,0.7253546301037687
12546,0.8699545867316417
12547,4.803275647472504
12548,3.7373102702085585
12549,4.166637963332893
12550,4.137764633749744
12551,3.8737743685103703
12552,1.185449477980205
12553,1.2300540382398004
12554,2.678961941106085
12555,3.1067763336316636
12556,3.6264210437198403
12557,3.5699632847778404
12558,3.9592109522799888
12559,3.5737580926389003
12560,1.9188110979467246
12561,1.4134580906945904
12562,1.867020151664601
12563,1.9964616379541829
12564,2.2955534559754405
12565,3.1044282094032103
12566,3.6286913947201653
12567,3.419609309822076
12568,3.5024797890130013
12569,3.5633811690728563
12570,2.4152544514128897
12571,2.0850793268699714
12572,0.9441033910040163
12573,0.998307896418263
12574,0.9272452379602829
12575,2.463927952927061
12576,4.1494719335651205
12577,3.112868238191975
12578,3.495649299641803
12579,4.0078791336671955
12580,3.840405266187135
12581,3.2482914977104835
12582,0.5185697202195003
12583,3.5944270008379573
12584,3.571508656111567
12585,3.7979431887131274
12586,3.7973488878880994
12587,2.4519821716319745
12588,0.9054400642081475
12589,0.7721636946089678
12590,0.6628662421303633
12591,3.3303887729133885
12592,3.8780598284681904
12593,3.857879476935032
12594,3.5854880522439556
12595,3.573608183189752
12596,3.8822985696763577
12597,1.4035272585888963
12598,0.597547628328443
12599,4.1645091694327565
12600,4.136293560950552
12601,3.7125192658090236
12602,3.760318895802267
12603,3.8061144863154963
12604,1.8423633907684671
12605,1.0600768708987536
12606,3.8991297388897954
12607,3.2986103093934465
12608,3.6556393096160313
12609,3.425800249040792
12610,1.0150569274723482
12611,3.303504827751956
12612,3.339868379776021
12613,1.4053845327236554
12614,2.1317480490118306
12615,2.6640139930473303
12616,3.369981645830487
12617,0.517708785149273
12618,3.4715813717616313
12619,4.148824781559709
12620,3.645365524675353
12621,3.944994647450312
12622,2.405822913703276
12623,0.6041342527718553
12624,4.809777222646758
12625,4.2977011612352385
12626,3.411831923511292
12627,3.3403299480141615
12628,3.62211687608217
12629,1.6021204868307175
12630,1.1141685568203017
12631,0.40297609040968974
12632,1.1188511851951792
12633,2.310354355859434
12634,3.315488491641875
12635,3.89884083852385
12636,3.646334227507654
12637,2.553679251314111
12638,3.646334227507654
12639,4.2701964959246865
12640,3.8925796716369856
12641,4.010418899117844
12642,0.8121820631469866
12643,2.5561248348487253
12644,0.4716911318692422
12645,2.2360727261956796
12646,0.5007898332391786
12647,1.5046992740546958
12648,1.14216628740095
12649,1.5417469805907713
12650,2.3445674499817653
12651,2.4646858674485697
12652,3.9247208253468946
12653,3.8265838127651146
12654,3.8682735592267963
12655,3.9443976120593036
12656,1.2301739079461174
12657,3.9443976120593036
12658,0.4535626789248114
12659,3.798687002774827
12660,2.2648954973538697
12661,2.6697029518971065
12662,3.5189365016481124
12663,1.9918284071866648
12664,3.753678399397438
12665,1.5231036429627858
12666,3.219539504219863
12667,1.3986329146669463
12668,1.6664074363588706
12669,1.2593611264194537
12670,0.9433284240378962
12671,1.5100734421971378
12672,0.6305497632571729
12673,2.4761143036086186
12674,0.9891564532782053
12675,3.3137268818239796
12676,1.9530154586723325
12677,3.9309973176133775
12678,2.1875308416976114
12679,3.9309973176133775
12680,2.571468176611593
12681,4.079429808964042
12682,3.183584502508427
12683,3.736686458705938
12684,3.5883982555221707
12685,0.9469563006765264
12686,3.365034860058089
12687,0.9888698177269013
12688,2.2452549950257503
12689,2.7192661174675834
12690,1.3151512736613429
12691,3.8232627817002522
12692,1.4615799760914658
12693,4.292881872611109
12694,2.127980046852693
12695,3.741631503437253
12696,3.8492222520416517
12697,3.7255517217964655
12698,3.9956359572768525
12699,3.726479734678742
12700,1.0265887631800636
12701,2.7020840274582003
12702,0.3890725276125249
12703,1.0735431907571285
12704,1.126470769106917
12705,1.048464516158237
12706,2.3288719316877327
12707,3.7736109878689508
12708,3.300718464080667
12709,3.777212249346208
12710,4.341845495286453
12711,3.318962391831879
12712,3.636282545339214
12713,3.5324752596154907
12714,3.588735293879026
12715,3.5324752596154907
12716,4.0526916212679
12717,3.6514911496218674
12718,2.281648021186745
12719,2.241302069634705
12720,3.4746385666962194
12721,3.913083603901944
12722,3.458558785055432
12723,3.3502510043578813
12724,3.7206178294925683
12725,3.5457624794086504
12726,3.7206178294925683
12727,3.5457624794086504
12728,3.5950838078179292
12729,2.5259449584719182
12730,4.049037857154555
12731,2.2190634271496132
12732,3.2036830822359628
12733,1.1849010207550734
12734,2.381889586165266
12735,1.087725697991158
12736,0.8282602275935338
12737,1.796294338523991
12738,0.4183754799229001
12739,4.128843366401652
12740,4.2958649140931096
12741,4.594594959462075
12742,3.615405174639406
12743,3.777366286341355
12744,3.5798256680522815
12745,3.7417867797542304
12746,4.081124470794598
12747,2.7133082464009974
12748,0.22284665532268302
12749,1.7874627523442783
12750,0.17515117404230968
12751,0.9268654961874468
12752,0.7754236323177915
12753,0.7324759346367844
12754,1.9778247948986092
12755,4.387120880322703
12756,3.2129287160968367
12757,4.064659132394609
12758,3.7372267342453873
12759,3.6943375210371405
12760,3.9367675807842253
12761,3.658758014450016
12762,2.3919555187900112
12763,4.194850732849297
12764,0.5189417232308365
12765,4.165977403266148
12766,0.30500279706547734
12767,2.115502293627277
12768,3.097971447414075
12769,1.957783836881037
12770,3.5380408971240884
12771,0.95140847917469
12772,3.6849189453895055
12773,1.4150670256960727
12774,3.7322420278064747
12775,1.1370692737308246
12776,3.9740373636206323
12777,2.329245684860231
12778,3.9768206905752046
12779,2.5566976294866413
12780,1.3658976526998647
12781,3.0421161765075317
12782,0.984796478681671
12783,3.549570015825916
12784,1.9190144082096028
12785,3.778641661405856
12786,3.288918915619613
12787,4.0218525990771745
12788,3.7638191345858427
12789,2.6810377279816806
12790,3.840089569235978
12791,2.0932221616172493
12792,3.840089569235978
12793,1.997022101898222
12794,3.8268005737414943
12795,1.4346430082836628
12796,3.5182855132861195
12797,3.5272633092162953
12798,1.1974671474314773
12799,3.7328120461694523
12800,0.75187174533907
12801,4.051257803808318
12802,0.47737150855558186
12803,3.514418887588285
12804,3.420608973684519
12805,3.0437674753498594
12806,3.958693960361804
12807,1.8749763875904215
12808,3.9476132719217194
12809,1.5363981472693198
12810,3.443888036896404
12811,0.10724474262315038
12812,0.021624255278519498
12813,0.510362036517301
12814,0.21677707105212887
12815,0.6084886358754424
12816,0.3042019664237437
12817,3.8629264444538207
12818,3.409358737675467
12819,3.5293415202921974
12820,3.9210547851870476
12821,2.0118379974249385
12822,3.452932415129191
12823,1.7051128006474061
12824,3.4610434307148115
12825,0.6650941556407354
12826,3.7544498882781983
12827,3.838693078761869
12828,3.7001702252684856
12829,4.156699053239922
12830,1.0587262245204063
12831,2.4332928315055966
12832,3.386538644593175
12833,0.7145422638112758
12834,0.6716418360663894
12835,4.543095261818898
12836,4.381780806637952
12837,3.8777658208121415
12838,2.6450962185988716
12839,1.3671809837986388
12840,2.6301622458317633
12841,3.891024902950817
12842,3.9905752969073567
12843,3.639977931573264
12844,3.6043984249861394
12845,2.0721754464501276
12846,0.8488944440255574
12847,2.1188848768440542
12848,3.605542791364965
12849,3.975556330086528
12850,3.929933993439365
12851,3.138290539310332
12852,2.017811648126176
12853,1.4351950298306826
12854,1.5472309661726185
12855,1.5601734397780118
12856,3.4231426577670083
12857,3.5024797890130013
12858,3.494868555056768
12859,3.2662623815413214
12860,1.28816215098444
12861,1.5122188271840211
12862,3.689578239749513
12863,3.178525147109935
12864,3.112868238191975
12865,2.486219894791376
12866,0.8358620171116043
12867,0.5179261341298927
12868,2.49358633083048
12869,4.249914509244506
12870,3.792650893247021
12871,3.7979431887131274
12872,3.354293106914247
12873,1.4351142273345316
12874,0.7226919945874132
12875,1.3338960050487638
12876,4.308263343731849
12877,3.5452528969379022
12878,3.5854880522439556
12879,3.5854880522439556
12880,3.7011217907200553
12881,2.3107563019132358
12882,1.13949094661231
12883,3.676939759221899
12884,3.760318895802267
12885,4.0743055377176844
12886,2.451137844394818
12887,1.6178799107064996
12888,1.108586495062829
12889,0.5042393866115682
12890,0.5067539504872636
12891,3.34805866868873
12892,3.566622907303833
12893,3.4743184301453467
12894,3.4743184301453467
12895,3.571613036279699
12896,2.2585598520935837
12897,1.6875678377378938
12898,1.479009034561201
12899,1.0605315553805652
12900,0.9339090760503874
12901,2.127420872959231
12902,3.538699428734123
12903,3.5714912167145028
12904,3.5901955576547855
12905,3.666465992304921
12906,2.6937316261475375
12907,2.379099668522615
12908,1.7948985420751822
12909,1.3977375210277423
12910,1.1821845068420938
12911,1.3367331100599626
12912,1.835377999119451
12913,2.7736114076899057
12914,3.4528521250214124
12915,3.4528521250214124
12916,3.837664864208734
12917,3.8767733317053827
12918,3.8203200066532172
12919,2.1692780353887575
12920,1.5810549193178016
12921,1.224627126864066
12922,0.33758247794074514
12923,0.30208588055462243
12924,0.0539038289040407
12925,3.440241188496211
12926,3.557328420419953
12927,3.557328420419953
12928,3.557328420419953
12929,4.137505716508959
12930,3.8136513719583984
12931,3.221537603481748
12932,1.6086470988669042
12933,1.220093382985097
12934,0.2706641511675119
12935,0.5461753681284822
12936,0.45446793795521034
12937,1.1049947202736567
12938,2.27089110221841
12939,3.681363775039671
12940,3.386663853290375
12941,2.9873942523704544
12942,3.411831923511292
12943,3.411831923511292
12944,3.129995374090841
12945,2.3373634237646153
12946,0.44499601756306906
12947,4.349020434002029
12948,4.080835417730825
12949,3.5862142585267205
12950,3.550634751939596
12951,4.132559027985439
12952,3.266172467248577
12953,2.3379514097152185
12954,0.4463432892992975
12955,3.277654163019494
12956,4.300955096376691
12957,3.4722594694598334
12958,3.77049090295216
12959,4.016188002559994
12960,4.142955699187665
12961,3.2418663548383884
12962,2.329927218120076
12963,0.7488705019646938
12964,0.4720091701605682
12965,1.1014862888885368
12966,4.2735374845840335
12967,3.7924605886518195
12968,4.063012429264849
12969,0.8835623594046734
12970,1.0873700789402658
12971,3.5528187489350462
12972,3.617535575622027
12973,3.6470977054564186
12974,3.6470977054564186
12975,3.833825456105232
12976,1.577353682309825
12977,0.6276107508159546
12978,1.124726054860849
12979,0.7415813820473275
12980,1.7795213900758224
12981,3.0320530610175904
12982,3.494282228287238
12983,3.978801036048321
12984,3.3691372875643317
12985,0.4370390134948976
12986,4.07135326015926
12987,3.4683708970668903
12988,3.4522911154261027
12989,3.636282545339214
12990,3.802886956872034
12991,2.460186307032985
12992,0.6971953090873839
12993,0.3729407143887429
12994,0.3661962180452357
12995,3.3348424699319232
12996,3.8529703565619693
12997,3.8300902866243702
12998,1.1640720398959927
12999,2.366473202476808
13000,4.543416884053547
13001,3.7679566752817633
13002,3.2942155118762266
13003,3.152680565650349
13004,4.074792836462614
13005,3.591745698511515
13006,3.7372267342453873
13007,3.7372267342453873
13008,4.095191933949622
13009,3.757231714866372
13010,3.2020311251862643
13011,1.6233254425859298
13012,1.2137393279407964
13013,0.8693297237034044
13014,0.3677763617482885
13015,0.8991879067203263
13016,2.0625971151856612
13017,3.9810312239732406
13018,2.922192141610052
13019,3.951208001612618
13020,3.502461390536964
13021,3.5759141290600516
13022,3.1129818485907785
13023,2.338236130405011
13024,1.6584492101608852
13025,0.904119456432846
13026,0.8914012687023906
13027,1.030183569605348
13028,2.2576631368905606
13029,2.6416004718045425
13030,3.6621961935231933
13031,3.6057384345811934
13032,3.8427870777917366
13033,3.0442055815733426
13034,1.5778350870413727
13035,0.7424020550850767
13036,0.9623983064961865
13037,1.1973701025997197
13038,1.7937640138975408
13039,3.4561884802716434
13040,3.8291151763551348
13041,2.958533957494692
13042,2.2109866735012815
13043,1.56343189398009
13044,1.1192358014064843
13045,0.5296860517213186
13046,0.2522736684382513
13047,0.9871022125176029
13048,3.4368526334884035
13049,3.4610434307148115
13050,3.4610434307148115
13051,3.4195727155561553
13052,3.074611651397406
13053,2.294380288171833
13054,1.16497222166314
13055,1.0934705028930065
13056,3.840804675186827
13057,3.670646080987943
13058,3.6350665744008186
13059,3.514080964542175
13060,3.8271555395285883
13061,3.163150566693864
13062,1.532409097699243
13063,1.7139751439686752
13064,3.79100430617799
13065,3.8681271774091677
13066,3.8976832414351006
13067,3.9269602002757242
13068,3.3129140226373077
13069,1.8073114386965454
13070,4.079429808964042
13071,4.111320406688723
13072,3.215729619658562
13073,2.5721353876993445
13074,2.080837873904115
13075,1.8020955216087422
13076,1.2617881693171993
13077,0.9145060929683547
13078,1.73082027805542
13079,4.804957934022627
13080,3.7255517217964655
13081,4.065599296016094
13082,4.142314013347445
13083,3.4771174538727827
13084,1.9853298074267642
13085,1.4055401173390618
13086,1.1664389848613494
13087,2.7306562292286634
13088,4.094948474050813
13089,3.3028826101910913
13090,4.1731195019656155
13091,1.6615123795470044
13092,1.1468299363242296
13093,1.0979236972735844
13094,5.080595744575828
13095,3.3858305109450058
13096,3.238661160673745
13097,2.28385965909628
13098,1.655921747480897
13099,1.087725697991158
13100,2.784740177936154
13101,5.183055348302644
13102,4.147470541147628
13103,3.8726934950959366
13104,3.4959031988197866
13105,1.5283211683448805
13106,0.9789464934384937
13107,0.8848080312030433
13108,1.2493684798917999
13109,1.364028251560377
13110,3.799519913760731
13111,3.7430621548187313
13112,3.898084160075365
13113,3.5854760299424906
13114,3.1500084766139222
13115,1.6697513342668973
13116,1.4556607021032284
13117,1.939406881710772
13118,2.186364346305624
13119,2.5540695302911187
13120,3.344090576374895
13121,3.697232539582328
13122,3.9180011915933703
13123,4.0475799756000415
13124,4.079176409143665
13125,2.5747967267176177
13126,1.30953949547782
13127,3.893053168146372
13128,3.4786008384237705
13129,3.5804441070464663
13130,4.167447016929449
13131,1.3648981127430475
13132,0.728793729324819
13133,1.4499580349538304
13134,4.894917286516537
13135,4.595473952214033
13136,4.009607424611791
13137,3.6469634027424145
13138,3.674561139458564
13139,3.1953644344247043
13140,1.8065515291224112
13141,1.471869591227653
13142,4.086028639979593
13143,0.5177395765095535
13144,1.2931013333150665
13145,3.5422763737358167
13146,4.093857022395492
13147,3.670082727253964
13148,3.6345032206668395
13149,3.853839787751943
13150,3.8726934950959366
13151,4.299024051300631
13152,4.1271811664040765
13153,1.5174233375141926
13154,1.0602048981710395
13155,0.7158550159274017
13156,4.328054013093153
13157,3.753992044034288
13158,3.753992044034288
13159,3.8589564733683153
13160,3.31685810914374
13161,2.610383286029391
13162,1.8885600705545347
13163,1.5641875267014038
13164,1.103663897485628
13165,1.0241921866105859
13166,2.2940830642891625
13167,3.8804321880923984
13168,3.975556330086528
13169,4.053702432441175
13170,2.6697029518971065
13171,1.6297601363783374
13172,1.3036193734321564
13173,3.593111888133041
13174,3.5295124488275547
13175,2.839518013273227
13176,1.8306434140978165
13177,0.9056511737576338
13178,4.701107168231078
13179,3.636775004624264
13180,3.1624453654691473
13181,3.112868238191975
13182,3.8599306188832863
13183,1.8611912817080123
13184,1.296248360930113
13185,0.5816257078139764
13186,0.5562856785457031
13187,1.2911851682496647
13188,4.537812126256095
13189,4.099030050233827
13190,3.5875884377523546
13191,4.0798279076675135
13192,4.231047795618615
13193,4.031005738111607
13194,1.76979616522929
13195,0.6048602070617898
13196,2.545290639546419
13197,3.5096733903507777
13198,3.7598142779459884
13199,3.2046136882658804
13200,1.7757765615220344
13201,1.0116024349748525
13202,0.6041499018111192
13203,0.5612494740662328
13204,0.3264869628790738
13205,2.341892109193126
13206,3.2129215756445153
13207,3.275400091318556
13208,3.760318895802267
13209,4.210634704032507
13210,4.0426040778579
13211,3.3658914466605396
13212,0.713429054005165
13213,0.7289345112897377
13214,2.1965982143050273
13215,4.3282665611705315
13216,4.017098001874889
13217,3.6022024138909576
13218,3.445579776508874
13219,3.004527185753896
13220,0.7661080699448511
13221,0.9671363454012845
13222,1.1390179807871865
13223,2.3031816603455155
13224,2.6954018621380027
13225,3.5359117101273783
13226,3.666465992304921
13227,3.2525819484051923
13228,3.3053957298765972
13229,1.073233729617181
13230,1.1538636856559443
13231,1.4513864787786732
13232,1.3418926023889644
13233,1.7054840163869645
13234,2.7953259007003037
13235,2.80919091427703
13236,3.3506374749189796
13237,2.8330435394257765
13238,0.11593920914424452
13239,0.7073143568376701
13240,1.900643407294536
13241,4.450754842420417
13242,3.827927806728537
13243,3.4563209701369986
13244,0.4837644681419422
13245,2.971314470729667
13246,3.6276206432776403
13247,3.802040788854905
13248,0.7166920520671668
13249,0.3454308251445905
13250,0.3968129912390581
13251,3.646334227507654
13252,3.683191197626951
13253,3.9513822490291366
13254,1.6233254425859298
13255,1.1565916673843781
13256,0.6295941776126998
13257,3.991470091248484
13258,3.436679962872709
13259,3.77049090295216
13260,3.77049090295216
13261,3.7479969511578064
13262,1.665656941740604
13263,0.8857643037087254
13264,0.5241753772865243
13265,3.3209717276778394
13266,4.07115799452031
13267,3.8158638266469502
13268,3.483356995060988
13269,3.77577881482609
13270,3.7924605886518195
13271,3.7948213778626605
13272,4.077015755012513
13273,2.351040339838094
13274,1.4051066203049156
13275,0.8611640480031286
13276,3.555606467541791
13277,3.918103456544649
13278,3.866488631714281
13279,2.9090204990627693
13280,0.8935378255136949
13281,0.9367815797120564
13282,0.8249136487349279
13283,3.3243129979212056
13284,3.5298617348743626
13285,3.978801036048321
13286,4.034744424773505
13287,3.9782910997213365
13288,2.8515433520711286
13289,2.1877778480341097
13290,1.5316358890704915
13291,0.11593920914424452
13292,0.33758247794074514
13293,0.30208588055462243
13294,3.839977733658429
13295,3.636282545339214
13296,3.82852389567153
13297,3.281979803103682
13298,1.6822090327904053
13299,1.111180041707575
13300,0.4335219388946498
13301,0.37111103890810976
13302,1.0792468586059294
13303,4.388167669239395
13304,4.169467454457522
13305,3.9663559331543157
13306,3.7206178294925683
13307,1.68243792095002
13308,1.3431053243762965
13309,0.5008421113520906
13310,0.463295384887895
13311,0.3996851742845223
13312,3.5201159506963506
13313,4.067866530526469
13314,3.7679566752817633
13315,3.7679566752817633
13316,3.7275405433132316
13317,3.935891073732959
13318,3.8494161015563324
13319,2.400358125523582
13320,1.374749624605832
13321,0.9534630396508155
13322,0.6076853909593476
13323,0.37339465848496006
13324,0.1693391872291399
13325,4.079786560985703
13326,3.6273252050986393
13327,3.6949722449700695
13328,0.6005325899216823
13329,3.668237171563776
13330,3.6849189453895055
13331,0.7263546203381627
13332,0.8250746648685483
13333,3.641317941168318
13334,3.9270650782311516
13335,2.2829394654405255
13336,0.6070184779703364
13337,0.5607037752431822
13338,1.5563027626392356
13339,2.406222983118885
13340,3.2506397433184864
13341,3.958693960361804
13342,3.9867217394183676
13343,3.930268414366203
13344,2.2169360436105294
13345,3.4217413898735676
13346,4.37101706404097
13347,3.946960957336843
13348,1.4678393020448053
13349,1.0712268208597802
13350,2.3506242075178756
13351,4.637969160453073
13352,3.82771117568534
13353,4.518141243627518
13354,4.6841603411369555
13355,2.8919939955990457
13356,1.499484272160171
13357,1.558332637842105
13358,2.7903954370512722
13359,4.049454623959893
13360,4.29086942957197
13361,4.437358898241271
13362,4.73169367490092
13363,4.437243672056626
13364,1.8635288344129524
13365,1.6662752335035558
13366,3.31858041759207
13367,4.171865040763316
13368,4.207950133682497
13369,4.3563826250331585
13370,3.479306875391788
13371,3.0685632619330674
13372,4.408820816093822
13373,4.062981074266995
13374,4.066615196330859
13375,5.024079663876559
13376,4.680664598285726
13377,2.3650963068433613
13378,3.5298023859769807
13379,4.5068944425601645
13380,4.212177332140591
13381,3.563589358144131
13382,3.8744790005138317
13383,3.8744790005138317
13384,4.46406690728105
13385,3.7515522717806036
13386,2.10146720418207
13387,3.7095836867619476
13388,4.618805391117191
13389,3.6132577533814776
13390,3.692964961721097
13391,5.015980266939896
13392,3.5772011503930963
13393,2.814417038801392
13394,2.265099099967184
13395,1.4105640363592231
13396,1.4526320325914286
13397,3.7427293815962677
13398,4.000543920690635
13399,4.820190134055458
13400,5.135646114472505
13401,4.030226426100389
13402,3.460567519109405
13403,4.449840800079774
13404,4.046347856929878
13405,5.024150719499259
13406,3.9835934630716725
13407,2.8397137620239308
13408,2.0004855959472754
13409,1.2395935031662764
13410,1.127294297005301
13411,1.2315355942473551
13412,2.196753027547209
13413,4.009826763991778
13414,4.213506960944794
13415,3.4332579332046387
13416,3.37629162009398
13417,2.7165622802864373
13418,1.9373936531035068
13419,1.4562432814418382
13420,4.194954007662491
13421,4.324532791669158
13422,4.619337809330007
13423,4.2316320699015435
13424,0.6114662674911892
13425,0.5797185900035082
13426,2.199988278182335
13427,3.8641963891642517
13428,4.605318148588468
13429,4.946607271835029
13430,4.700590447389326
13431,4.426843147967034
13432,3.6887925413373166
13433,0.6493690539774435
13434,4.470205982508799
13435,4.522367928199545
13436,2.828884505749983
13437,1.5642857347233479
13438,4.540886081897385
13439,3.9419540230255237
13440,4.22134336872128
13441,4.22134336872128
13442,4.404186888894927
13443,4.839197020520732
13444,5.026281560245894
13445,3.2891899510266582
13446,3.044830801532305
13447,2.2631826833147355
13448,0.9897730696007884
13449,3.325402591141682
13450,3.8680656552486234
13451,4.219472135763103
13452,5.157197367533742
13453,5.067434086670379
13454,3.4061845000157467
13455,3.1359284313720406
13456,0.6923846896205227
13457,3.883907529371203
13458,3.9636147377108224
13459,3.92730146572878
13460,3.4980475761054683
13461,3.254207902331122
13462,2.784891187985096
13463,1.0238717091172551
13464,1.1266451271468292
13465,2.0154759657510835
13466,2.1777362500848465
13467,3.0678724600004625
13468,3.815249629106834
13469,4.322028147599193
13470,4.322028147599193
13471,4.499561057471938
13472,3.7854642221093275
13473,1.9128070793849081
13474,1.3364434343638552
13475,3.419681902143953
13476,3.7315410407131195
13477,3.7484524185461274
13478,3.8755572178332933
13479,3.812766728559232
13480,3.6993943716256745
13481,3.3295220038598523
13482,2.8736566031766113
13483,2.023109068908179
13484,1.6030554362526077
13485,0.904363060177377
13486,0.8827689959747275
13487,3.4835165202236955
13488,4.297430627874973
13489,3.4203729518965007
13490,3.452803034029504
13491,3.452803034029504
13492,4.753530390827016
13493,4.784909134932114
13494,4.5351026519296305
13495,3.171074121807579
13496,0.9876205170797073
13497,3.2980595788482776
13498,3.96730092607529
13499,3.848717759426074
13500,3.93072496883625
13501,4.139429533914187
13502,4.3373313678487735
13503,4.747139029289416
13504,3.1831487391148032
13505,1.0988212104253903
13506,3.911140893031712
13507,4.113590663150426
13508,2.2284194577429752
13509,0.5526138748846363
13510,3.349222622446913
13511,4.048470555316498
13512,3.944011191549445
13513,4.107097536469436
13514,2.979641103967516
13515,0.4866194659423794
13516,0.8219873597534549
13517,1.9585087031597297
13518,3.1201811032456344
13519,4.126114838382128
13520,3.9523911549864756
13521,3.866191250052927
13522,3.954212749783692
13523,3.833169618988733
13524,3.8619082726252056
13525,3.8054443598301186
13526,4.165675967882786
13527,2.698523488362102
13528,4.051927695992235
13529,3.652547224451132
13530,3.7984258410930383
13531,2.483751638653217
13532,2.1516008355467418
13533,1.3017826635157963
13534,1.7511782294546197
13535,2.6440508820628077
13536,3.507224081139376
13537,3.5900945603303014
13538,4.416463698758637
13539,3.969787836271552
13540,3.1781163602752636
13541,2.670447144540814
13542,3.1794518343923426
13543,3.7439952939486902
13544,3.826002503358866
13545,3.8983918949543437
13546,2.908693175513132
13547,1.699011861046437
13548,0.4680393664786503
13549,0.8509741726794832
13550,3.310779802349767
13551,3.713024462596939
13552,3.019359699231801
13553,1.318123508536421
13554,0.36173697347947165
13555,0.8247329828384017
13556,3.087610926198779
13557,4.13057504854743
13558,3.9559888931361007
13559,3.942111232935025
13560,3.986928237824616
13561,3.6629834878467378
13562,2.0328857244306797
13563,0.6094801347633677
13564,0.4381778678623017
13565,0.4932944418986292
13566,4.061379323469912
13567,3.8391023408077487
13568,3.705955916295165
13569,4.117269543619327
13570,5.001129015420776
13571,2.106467964992419
13572,1.4966896707596298
13573,3.0726338048790103
13574,3.7494163400643203
13575,3.8374378397950855
13576,4.12255745549326
13577,4.139239229318989
13578,4.334803857823335
13579,4.730323550886751
13580,4.631722949700548
13581,2.7085460821183047
13582,1.6195654200576568
13583,3.678534570231469
13584,0.9227432513261032
13585,4.035306785459352
13586,2.484915950288687
13587,3.9942828871255047
13588,3.6350036719556016
13589,3.82771117568534
13590,3.96006052522332
13591,3.82771117568534
13592,4.072340034656732
13593,4.015516546104067
13594,2.9056890964892736
13595,4.660798394023195
13596,2.0704626826317543
13597,3.8313435514821665
13598,1.2707506353977658
13599,3.4727774961850932
13600,1.3725662817512132
13601,3.406902759598993
13602,2.1128941487045076
13603,4.137476123690658
13604,3.4197873798093004
13605,4.214598994921835
13606,3.731646518378467
13607,4.29086942957197
13608,4.255753852117442
13609,4.657314192456141
13610,3.8062731051453116
13611,4.685500081433216
13612,0.9779260046307193
13613,1.4964118269560445
13614,0.3767862064318452
13615,2.4453185246945215
13616,0.2602082678747245
13617,4.207950133682497
13618,0.8271440025573503
13619,4.3563826250331585
13620,2.029545165138166
13621,4.679400412210412
13622,3.008484122234064
13623,4.735382704129486
13624,4.052026287282267
13625,2.8290546562460612
13626,4.1331393321483265
13627,1.0241869077024313
13628,3.977346019873606
13629,0.872628480288457
13630,4.83185187617348
13631,1.3994737606787147
13632,0.5618564425565823
13633,3.5851813113472963
13634,4.1012324272382115
13635,4.569291597512089
13636,4.17956877721679
13637,4.066615196330859
13638,4.067396470159737
13639,4.249657523275081
13640,4.853607216696882
13641,4.716105726273661
13642,3.760497117005727
13643,5.003553872286214
13644,3.0374687633879067
13645,3.154829317798913
13646,0.849414768268644
13647,2.009446226227444
13648,3.13584501850005
13649,1.2704842621658063
13650,4.1147353159489315
13651,1.0327394144949453
13652,4.267523023273904
13653,0.9782535471308553
13654,3.2927013721629614
13655,1.3880123254138832
13656,4.023790435676746
13657,3.7375682811353945
13658,3.890644011164162
13659,3.8744790005138317
13660,3.9793355409913738
13661,4.191473629582543
13662,4.084005374912555
13663,4.676019779532658
13664,4.084005374912555
13665,4.6839588247593404
13666,4.234954724930742
13667,3.4374909096925417
13668,4.604078702406132
13669,2.605893424795994
13670,2.5793871597173825
13671,1.260329712860879
13672,3.7637673152789164
13673,1.0744533709667055
13674,3.0019647976761763
13675,1.4504673205484557
13676,3.9258817542818916
13677,4.793102996085294
13678,3.772986173434435
13679,3.847775132572705
13680,4.015015812230946
13681,3.8661774989214654
13682,4.272224507767149
13683,3.871469794387572
13684,4.834994006808319
13685,3.871469794387572
13686,4.5855937457180325
13687,3.7745789573304678
13688,0.8169092434315527
13689,4.462572713307746
13690,1.7804566102935657
13691,3.452180620567678
13692,3.8420404574225944
13693,1.054800872452086
13694,4.11029095209851
13695,2.441077872003592
13696,4.382462734597908
13697,4.100877347698213
13698,4.562927590250389
13699,4.0885654204214
13700,4.631534048366693
13701,4.200618428419109
13702,1.4650141000589763
13703,4.219472135763103
13704,1.1386622383283473
13705,4.219472135763103
13706,0.5048911724123795
13707,3.159060709058634
13708,1.7688558096606706
13709,2.7549749545663405
13710,3.706929316698093
13711,3.9666406485902557
13712,4.235646776430925
13713,4.20138125329844
13714,0.7346710683355738
13715,4.20138125329844
13716,0.34071218312158685
13717,4.427151722845394
13718,0.22413424456446626
13719,3.253109400262297
13720,0.7642543688416555
13721,1.6886594694704504
13722,1.994088199934582
13723,2.971988239719854
13724,4.071480354425415
13725,3.515091393720426
13726,3.8429181070618963
13727,4.289777395594928
13728,4.809385222048631
13729,4.289777395594928
13730,3.6977285063829797
13731,4.4377598168815355
13732,2.5138369163499528
13733,4.6577151110964055
13734,2.0780085386925635
13735,2.3717828259896483
13736,1.499876728949002
13737,1.4144215851730104
13738,2.1054606501094533
13739,3.9687758575157646
13740,4.0131752418260955
13741,4.324532791669158
13742,3.9984972284240436
13743,1.9737576748883965
13744,4.502260332866489
13745,4.292783928539722
13746,3.734014993964716
13747,3.8828426668841063
13748,4.103621895642804
13749,3.0578356117300878
13750,2.7243951148195626
13751,2.2954104712347907
13752,1.3322435583212657
13753,1.0582662298304175
13754,3.4045495947656366
13755,3.9740281397049264
13756,3.9776622617687902
13757,4.111499096041504
13758,4.659599330806965
13759,4.595482085883139
13760,3.2237907415234943
13761,0.7767743324458628
13762,0.5903325295807794
13763,0.9752847737392839
13764,2.1779178693531622
13765,3.400299124555945
13766,4.046413386792576
13767,5.143635955655855
13768,1.7501654175822587
13769,0.9402052794154255
13770,3.9725250190156713
13771,4.200618428419109
13772,4.219472135763103
13773,4.417748300772814
13774,4.85275843239862
13775,4.753177729924146
13776,1.1199601232106775
13777,2.382941385243802
13778,3.6875249858108208
13779,4.609207910321003
13780,3.974233371064223
13781,4.084088910875728
13782,4.100770684701457
13783,4.100770684701457
13784,4.398938953328989
13785,4.833949084954795
13786,1.8438602257638093
13787,2.604408752792697
13788,3.6645884359490126
13789,3.894956837446453
13790,4.226904005605064
13791,4.469609650245536
13792,4.689564944460406
13793,4.3016100749042945
13794,1.7900054953338662
13795,2.285527131890248
13796,3.775940425023448
13797,3.6397222243218903
13798,3.9483510902307577
13799,2.658454437012823
13800,1.2624361642102384
13801,3.594351874887764
13802,3.452803034029504
13803,3.98531809049238
13804,4.476928051395097
13805,2.545906903150927
13806,1.9405763888395244
13807,1.3703684895231683
13808,0.5211964673635924
13809,2.1900216796605223
13810,4.290441489205154
13811,4.144721829380294
13812,4.671146748566477
13813,3.8305897024724356
13814,2.1136241697220144
13815,0.8723223333978545
13816,0.6775662391416253
13817,3.0766954405359144
13818,4.0507959094500645
13819,3.8092417330998716
13820,3.8972632328306367
13821,3.9322666929111207
13822,3.9322666929111207
13823,4.572915726831689
13824,4.904550012702025
13825,4.7345830616620965
13826,3.197762052661803
13827,0.840165012522185
13828,2.042566175103
13829,2.99711471425869
13830,3.9412951358006594
13831,4.023718399889068
13832,4.107097536469436
13833,4.982856998124203
13834,4.691378005567026
13835,3.8383782924895344
13836,1.6714617252848678
13837,0.8873201202209007
13838,4.109821175715933
13839,3.8619082726252056
13840,4.21063386642913
13841,1.216010635149675
13842,0.9346816976068125
13843,0.9014544282559162
13844,1.9918777915651193
13845,3.3422757686582427
13846,3.6180966331479336
13847,3.975657261342094
13848,3.8706157838363806
13849,3.353842088687299
13850,2.0761356233451203
13851,2.775362789715781
13852,2.895538204908517
13853,2.9399375892188453
13854,4.366254431168038
13855,0.2602082678747245
13856,0.055310877478609945
13857,1.6478460277988283
13858,4.161040438893547
13859,4.186572599994671
13860,3.831331196017163
13861,3.8983918949543437
13862,4.168543313271692
13863,4.916665971414539
13864,4.758155240703379
13865,4.508348757700896
13866,3.6711239473044506
13867,2.4599151617525723
13868,2.0168705546242363
13869,4.344686776959992
13870,4.432239347670844
13871,3.618097276726648
13872,1.9287627960966047
13873,0.5490412948675258
13874,0.35557387430884
13875,3.85408973320426
13876,3.986928237824616
13877,4.61869337065104
13878,4.7706242219400945
13879,3.0491975722412685
13880,1.3442458838109328
13881,3.0356632562702957
13882,4.117269543619327
13883,4.287979431118479
13884,4.683499124181895
13885,4.808526479493103
13886,2.595821739722704
13887,0.48226623025986
13888,0.8429364203875048
13889,4.139239229318989
13890,3.676072417969613
13891,3.030071196051013
13892,2.1018237153583925
13893,1.1541764687121137
13894,0.8606486472750006
13895,1.7883886310581698
13896,2.0591849894837773
13897,3.789790801872894
13898,3.9304983953889283
13899,3.96006052522332
13900,4.553965968563885
13901,3.4587964639164634
13902,2.6827204344491595
13903,1.6269589384851388
13904,0.8948724326853925
13905,3.028473419520173
13906,3.7767159327852418
13907,4.388930201526442
13908,4.524225524236156
13909,4.574434791826755
13910,3.1927295344050455
13911,2.6210281142935044
13912,2.155214735011444
13913,3.8394944844314844
13914,3.7521585823630117
13915,3.8341657917731875
13916,3.977346019873606
13917,4.747390825617011
13918,2.9861417479522028
13919,2.3548884589906205
13920,1.7959595558775365
13921,1.209440949949369
13922,0.37967516360229353
13923,1.9820856996409395
13924,3.045492094088321
13925,3.7842661000343534
13926,4.067396470159737
13927,4.520281478183876
13928,4.603800733694398
13929,0.6048873886565473
13930,4.161561085699666
13931,4.241471337701059
13932,3.8787239807049287
13933,3.9674155105321405
13934,4.1147353159489315
13935,4.9392977870277095
13936,4.795619146760409
13937,4.62565219572048
13938,3.7935486985560662
13939,2.4047696811687542
13940,1.9871934532821287
13941,1.552645848910247
13942,1.1586024244573607
13943,0.37017659388160723
13944,0.20972777977956258
13945,1.7518059878105792
13946,2.9428238292022915
13947,4.084005374912555
13948,4.953365250182734
13949,3.7791959668847275
13950,3.0491975722412685
13951,1.2522738140641723
13952,0.33598859207569987
13953,0.6791192245700659
13954,3.861677703261647
13955,4.641348485242538
13956,4.507895103888937
13957,2.7315454844764515
13958,2.1248231177165398
13959,1.5199229437496404
13960,1.1402755584507807
13961,0.8589466209079192
13962,2.555048245481636
13963,3.930731987249806
13964,4.405098591944511
13965,4.168535230992659
13966,1.8420604083184466
13967,0.7734030411170996
13968,0.5024071786280362
13969,2.3623953783314016
13970,3.3500007637221514
13971,4.106067992424258
13972,4.235646776430925
13973,4.340907516171309
13974,4.526412106471622
13975,4.122111333035016
13976,3.2159383598722173
13977,1.3883377295760535
13978,0.3115591399360811
13979,3.129611852504279
13980,3.7083465706701366
13981,3.8429181070618963
13982,3.9835617059651875
13983,1.141501895356261
13984,1.4379070358903174
13985,4.468963850951076
13986,3.9062613873947365
13987,4.512477720410504
13988,3.4969842500657116
13989,2.298267597466172
13990,1.8188437986595738
13991,1.473554131205911
13992,2.174773115192462
13993,2.381848050990015
13994,3.9589589624980928
13995,3.7854642221093275
13996,3.3162771828505444
13997,3.1709939609687923
13998,2.6961418615652732
13999,1.2264363008803818
14000,1.5382335232248723
14001,1.9181143545014963
14002,2.0664875918804984
14003,3.983052259577071
14004,4.504614650938309
14005,4.4149097548445475
14006,4.1314694865581005
14007,2.1958831989632506
14008,1.8089430961630004
14009,0.872042908073453
14010,2.3879196000908784
14011,3.9846079869206807
14012,4.066615196330859
14013,4.066615196330859
14014,3.8970627926640478
14015,3.440460065535908
14016,2.5004177256136426
14017,3.645596567554307
14018,4.96908444823553
14019,3.260305016981264
14020,1.0744533709667055
14021,2.4386812269275566
14022,4.2396089849119285
14023,4.752029337002612
14024,4.051232591176607
14025,1.04648658106094
14026,4.806373543485757
14027,4.5695184346384385
14028,4.385180002429652
14029,5.137820025294339
14030,4.821389757726272
14031,1.7263839445366926
14032,1.2500652384818352
14033,0.8844875537097128
14034,0.7321554571434538
14035,1.1597308907336088
14036,2.323140099198942
14037,3.4708587663909474
14038,4.567808271978003
14039,4.076690736306652
14040,4.184699479472711
14041,4.862161854471199
14042,4.977082265335292
14043,4.755094217799892
14044,3.4710521548872904
14045,2.444776066808036
14046,3.9234570392894508
14047,4.089533972331397
14048,4.732094593541184
14049,4.449070624812332
14050,4.251119642244689
14051,3.7345906282307046
14052,1.82499418776884
14053,2.514959459985876
14054,3.413275835086502
14055,3.656916718946598
14056,4.444552048057904
14057,4.675320101249081
14058,3.4819682144100614
14059,2.964368612813435
14060,2.6650241191007007
14061,0.8622063107787098
14062,0.48159199064536684
14063,1.0043248608392252
14064,3.56792375551743
14065,3.816022203374892
14066,3.8775503714179997
14067,3.8828426668841063
14068,0.8328390066292758
14069,0.5529336075716131
14070,2.3604713790120857
14071,3.8956550523586158
14072,4.111499096041504
14073,4.111499096041504
14074,4.2145436194192385
14075,4.952663999509837
14076,4.878733374280051
14077,3.8119003623460577
14078,2.1379104776315137
14079,0.47643999348044175
14080,4.458037622746876
14081,4.0216612313651465
14082,4.22134336872128
14083,4.712025203499661
14084,3.920861871873775
14085,0.6387170105273173
14086,0.503810185867473
14087,2.192174232181604
14088,4.335653659213259
14089,4.501801425994145
14090,3.9477728635882428
14091,3.9620143982982605
14092,2.7381269987978842
14093,1.7744317468763546
14094,1.321869143982188
14095,0.8601796100061181
14096,4.4855915559349055
14097,4.995937949982855
14098,4.8140272887766775
14099,4.642344668050225
14100,1.4780373566515743
14101,1.1128843556570962
14102,4.7639444269051845
14103,3.288051632901492
14104,3.228284829330408
14105,2.651804656223099
14106,2.302970610356229
14107,1.5598529622846813
14108,1.2801490471252774
14109,1.9446416879780637
14110,3.1300512000002056
14111,3.556851745130965
14112,3.6397222243218903
14113,1.0565070598063548
14114,2.214145289953278
14115,4.497460582547678
14116,3.5023801613066765
14117,3.7515209283925506
14118,0.7046664200154247
14119,0.5500150761146042
14120,4.250876884254912
14121,4.144721829380294
14122,5.027012741888529
14123,4.971258658377908
14124,2.788242503341292
14125,1.5775528904536198
14126,0.6216271252001453
14127,2.310215844923045
14128,3.972197674179656
14129,3.9322666929111207
14130,4.882746330436003
14131,3.902479564497681
14132,2.765288451849912
14133,1.5774424547277555
14134,0.8541021437727446
14135,0.34386384474054643
14136,4.107097536469436
14137,4.34609696627617
14138,4.741616659339587
14139,5.006599650302421
14140,3.264348881908236
14141,2.3254035178309516
14142,0.4898040599145213
14143,4.475444850696108
14144,4.3466808290510475
14145,3.415922465534601
14146,2.9454802342928343
14147,2.71020613098315
14148,2.101309853401404
14149,1.559676393356329
14150,1.0034748993930749
14151,2.2645096606786868
14152,3.772883763065226
14153,3.860905262795991
14154,4.051927695992235
14155,3.155081067069914
14156,2.7230513333954867
14157,2.4033618826031735
14158,2.091003503361931
14159,1.5915231912265622
14160,1.1420745679689257
14161,1.2234495941750807
14162,1.5922005005020825
14163,3.5900945603303014
14164,4.230959108458324
14165,3.6897104715392754
14166,2.353253098695446
14167,1.455690453310896
14168,0.9779260046307193
14169,0.3767862064318452
14170,0.4545169773419621
14171,3.8983918949543437
14172,4.595501077707883
14173,1.1922587072832533
14174,0.650220645432939
14175,0.44819733552411156
14176,3.47400017550055
14177,4.518420791757099
14178,4.357950010338832
14179,3.4173147737942227
14180,3.2287725929395914
14181,3.713024462596939
14182,3.713024462596939
14183,3.887614632041766
14184,4.647760747185268
14185,4.603934343088731
14186,2.4711834713426324
14187,2.016236153502656
14188,4.189852254238057
14189,3.986928237824616
14190,4.223173677587623
14191,4.928523974255354
14192,4.529450656191866
14193,2.5222394991609645
14194,0.8836164188999179
14195,2.0860175814807325
14196,4.04893088310216
14197,3.7946474461223767
14198,4.117269543619327
14199,4.567352913744874
14200,3.717167666214792
14201,3.091529071395943
14202,0.8829668845383811
14203,0.464513778820019
14204,2.006345628852837
14205,4.0346317417737
14206,4.159714473671813
14207,3.835616244997869
14208,4.872980701282428
14209,4.4828176931631525
14210,0.8192549009764645
14211,3.1085385328362887
14212,3.877812301603659
14213,4.373501112911404
14214,4.609013736376281
14215,4.290837824891127
14216,0.7334159606103319
14217,0.7358999543946751
14218,1.7226418660367107
14219,4.126175068110775
14220,4.255753852117442
14221,4.086350469877591
14222,1.375020681656521
14223,0.3661903498296184
14224,3.977346019873606
14225,4.1119130824753665
14226,4.479030325929103
14227,4.568790957322829
14228,3.7254873406341598
14229,0.39123188811769005
14230,0.7796845370601239
14231,3.8011178112500197
14232,3.7022588906241776
14233,4.067396470159737
14234,4.135066287778604
14235,4.845002803424469
14236,2.63791186893543
14237,1.9781226016597753
14238,1.3910681633147304
14239,0.42205626795767687
14240,0.4017307186087714
14241,2.0518159308494583
14242,4.011870405217513
14243,4.1147353159489315
14244,4.603202195354866
14245,0.19437485730159418
14246,0.5494048252297629
14247,3.857528927768288
14248,4.780748644938882
14249,4.6107816938989545
14250,2.0900333849870982
14251,0.6927319563319606
14252,0.398762156758511
14253,1.8425284330354006
14254,2.8881147109660175
14255,4.031697586056673
14256,4.031697586056673
14257,3.7293632170152975
14258,3.084321339816225
14259,0.8916257716893109
14260,2.1293172846767265
14261,3.2138729459474744
14262,3.691379264264773
14263,4.186561386748645
14264,4.186561386748645
14265,3.4964809343312386
14266,2.7209785818841903
14267,2.413353386628424
14268,1.1415574997689173
14269,1.5064402847462015
14270,3.661859902291318
14271,4.476202838881023
14272,3.874273824394229
14273,2.5399851311504533
14274,2.1685317829309767
14275,3.40685859282036
14276,3.8426539026291433
14277,3.7903537800803124
14278,3.8429181070618963
14279,4.488220328341975
14280,4.835319595088662
14281,4.55206830669175
14282,1.5546913039750263
14283,2.467408475602584
14284,3.7953188383161773
14285,3.9049672524972374
14286,3.931827397163162
14287,3.7652556857230004
14288,4.233610236875166
14289,3.2565349576972986
14290,2.8445166002562967
14291,2.717141444820168
14292,1.498190137262672
14293,2.173478980294963
14294,2.380553916092516
14295,4.156030143475065
14296,4.2323005781252
14297,4.192479635933647
14298,2.2908267359003993
14299,2.025580414525865
14300,1.540826026842943
14301,1.920706858119567
14302,2.4440243897970224
14303,3.9856447631951424
14304,4.326132035855155
14305,1.2169746468326017
14306,0.8746354116915238
14307,2.580205272764231
14308,3.777466984020649
14309,4.008046344884089
14310,1.819295732458716
14311,1.6355516929397724
14312,4.781339891740913
14313,3.562295223246632
14314,3.8159101490670624
14315,3.9465943672749177
14316,3.997675449199734
14317,2.78109196596172
14318,2.500737671694932
14319,1.25903557796338
14320,1.0731592360692064
14321,2.555465495012265
14322,4.972322794654025
14323,4.798025189685922
14324,3.6119636184839785
14325,3.6305094717587574
14326,3.8090143044252325
14327,3.8090143044252325
14328,3.5258130565072747
14329,4.012022609045957
14330,2.868559285771201
14331,1.6133673106785207
14332,1.409269901461724
14333,2.613115834940836
14334,3.914767344533512
14335,5.060571282930397
14336,4.3026803421790465
14337,4.1609032843163325
14338,2.681603386092182
14339,0.8831934188122137
14340,0.7308613222459547
14341,3.5876430344756556
14342,4.578433952185822
14343,4.696401424084051
14344,3.987779005483106
14345,4.142812401851669
14346,4.182272460537769
14347,4.530418799589072
14348,1.2382993682687773
14349,1.126000162107802
14350,3.513797258822927
14351,4.231208544148158
14352,3.749344291884141
14353,1.9486114100219252
14354,1.9360995182060077
14355,1.4549491465443392
14356,4.294282202491154
14357,4.294282202491154
14358,3.8894104359703405
14359,1.8182070996275335
14360,1.3365464334442143
14361,0.2702378614483108
14362,4.756981536023864
14363,4.545000727352529
14364,3.147202205602564
14365,0.8315448717317767
14366,0.6480749190799444
14367,0.5516394726741141
14368,4.333114581506652
14369,4.4320699085338315
14370,2.3499558322904064
14371,3.9630923799183737
14372,4.16277451727451
14373,4.16277451727451
14374,4.16277451727451
14375,4.159307626587302
14376,4.696972489909635
14377,4.579618094499675
14378,4.184713251867182
14379,3.349939916604477
14380,2.5141124565250057
14381,1.1127421076481692
14382,0.9389111445179265
14383,0.5025160509699739
14384,3.44218685922639
14385,4.17432801349651
14386,3.8706581588666946
14387,3.8892040121414735
14388,4.710533901787523
14389,2.627220366998524
14390,1.1588705920618743
14391,1.3205750090846888
14392,3.804309253895529
14393,4.614184708040954
14394,4.025520059428958
14395,4.042201833254687
14396,2.066664298264483
14397,1.2126146191715896
14398,1.1115902207595971
14399,1.022577574219756
14400,2.0141818308535844
14401,2.603114617895198
14402,3.8325013474841136
14403,4.263459296152423
14404,4.39422198160826
14405,4.106030610179134
14406,3.799834724543748
14407,2.511443584841997
14408,1.5585588273871822
14409,1.9433475530805646
14410,3.418387767246454
14411,3.741803197329874
14412,3.5227145174373913
14413,3.6055849966283167
14414,3.4666584561124605
14415,3.254754202149983
14416,2.2951831628638923
14417,1.9768125951445945
14418,1.4547218368835917
14419,3.675802192897048
14420,4.7719060317284265
14421,3.8687973240685127
14422,3.4190788169990016
14423,3.439924671344337
14424,3.3903475440671644
14425,3.3903475440671644
14426,3.7854957494484758
14427,1.696992626628309
14428,1.255567757169027
14429,0.7876186139843385
14430,0.5199023324660933
14431,0.5487209412171051
14432,1.17990618975306
14433,4.505598087412287
14434,4.080860682467417
14435,4.524595192631689
14436,2.416704161867406
14437,0.6203329903026462
14438,2.4270001130077534
14439,3.2487334034731585
14440,4.304993648894705
14441,3.873697841464352
14442,4.247577821576951
14443,4.018766066916784
14444,1.88704255579275
14445,1.0122029754594293
14446,4.120514934369394
14447,4.048528685022666
14448,2.101395207910353
14449,3.2369653713303426
14450,4.258138573845354
14451,3.868783753670998
14452,3.8033394211784364
14453,3.5566784590069256
14454,3.690651592547214
14455,2.8269658181668866
14456,2.1665161012756116
14457,0.972040790400928
14458,1.9905836566676205
14459,2.2632155257811877
14460,3.771589628167727
14461,3.4731986980280074
14462,2.956425002878926
14463,1.590229056329063
14464,1.1407804330714266
14465,1.2221554592775816
14466,2.6427567471653086
14467,3.4730868534458024
14468,3.5559573326367278
14469,1.9267985266231569
14470,1.5064360792222797
14471,4.617281249080498
14472,0.8184792118667128
14473,4.1836241835887735
14474,3.371737507065695
14475,3.7652556857230004
14476,4.4157616420509225
14477,3.7706372837964413
14478,4.441293803152046
14479,4.214134928276976
14480,3.839823043507575
14481,3.9812791302624526
14482,3.839823043507575
14483,2.173767105878433
14484,2.1668339390615947
14485,1.7106319945107726
14486,0.6489265105354399
14487,1.8175496637620747
14488,1.0432598453528363
14489,1.472259996308412
14490,4.63239545951958
14491,1.5570385029446059
14492,0.5477471599700268
14493,2.789101302153773
14494,2.1882741164399
14495,3.405608624701494
14496,3.2043951942834874
14497,4.052047127577964
14498,4.388796298830162
14499,4.2323005781252
14500,3.852795598306761
14501,4.338163227608116
14502,3.928359386377846
14503,3.935468321696079
14504,3.928359386377846
14505,3.2400788681119645
14506,3.9782944152799984
14507,2.5392783593376618
14508,4.292208621350727
14509,1.2251421659828827
14510,2.2702334392240457
14511,1.4990043305741152
14512,1.3146588347100676
14513,2.0651934569829993
14514,0.7504325775136621
14515,3.317286282694571
14516,0.6081859998658686
14517,4.1744575443813865
14518,2.2028018495654407
14519,4.1776995445044935
14520,3.152447524355004
14521,4.448294190653447
14522,4.073575834229019
14523,4.072688120913346
14524,4.554465549674557
14525,2.083904473966955
14526,4.361863013746883
14527,1.5625585960346386
14528,2.31256493837872
14529,0.8713343453909579
14530,1.3882410752718066
14531,4.008046344884089
14532,0.8811285159451494
14533,4.008046344884089
14534,0.9597206884722135
14535,4.601947327803714
14536,3.1894180729637185
14537,3.3593590954448653
14538,4.182949139903123
14539,1.4123878713340405
14540,3.987820281642861
14541,3.8159101490670624
14542,4.063988604046489
14543,4.349535030232345
14544,4.080670377872218
14545,4.522420982489311
14546,4.080670377872218
14547,1.9399094559664567
14548,4.403838801586438
14549,1.5234335121296254
14550,4.185059483954329
14551,4.046719177164811
14552,3.9555057415306707
14553,3.803722008959126
14554,2.2511070630337904
14555,3.9092375970960447
14556,1.8264135475455727
14557,3.2879189542789065
14558,1.3835968256377806
14559,2.640370354390272
14560,0.9883198134654372
14561,1.053506737554587
14562,1.1528823338146146
14563,1.045192446163441
14564,3.1072443979387896
14565,4.823716174083079
14566,3.8153568116413195
14567,4.003136424308706
14568,3.871929543942159
14569,4.1609032843163325
14570,3.9014916737765506
14571,4.688982648726285
14572,4.25862300571174
14573,4.294077806093792
14574,3.8973073775983202
14575,3.4593044708310887
14576,3.570564684296185
14577,1.248771103584336
14578,2.1248036344608208
14579,4.12613062802594
14580,1.0551765878362926
14581,4.142812401851669
14582,0.7321218257128328
14583,2.441299134084891
14584,1.3712721468537141
14585,2.121486872303318
14586,4.095924478932771
14587,1.3849244411327952
14588,4.232213157895554
14589,2.19545889264971
14590,3.7441288359463885
14591,2.443481931910537
14592,2.586800825839985
14593,4.030965120884627
14594,0.2589141329772255
14595,4.231208544148158
14596,0.3648962149321194
14597,4.192880554573911
14598,1.0194296752307035
14599,4.36237214824426
14600,4.407584781329075
14601,4.33856414624838
14602,4.345784281134511
14603,2.4965151704789745
14604,2.2403958729850952
14605,1.823700052871341
14606,3.2377777667616736
14607,2.5136653250883767
14608,4.008827618712967
14609,3.9713683611338357
14610,4.008827618712967
14611,3.9829246526480895
14612,3.127885810595357
14613,4.26390952704546
14614,2.267137547624939
14615,4.388231587773042
14616,1.764412251616954
14617,2.973819704523493
14618,0.42076213306017785
14619,0.6101721325936901
14620,4.396034579120933
14621,0.4802978557478678
14622,4.056166464502161
14623,0.5784244551060091
14624,4.348955681014189
14625,1.1966105335125783
14626,0.8192759930301812
14627,4.547505131697097
14628,4.262150567613586
14629,4.138641838345005
14630,4.0254365234657845
14631,3.732720859067217
14632,4.0254365234657845
14633,3.7535667134125523
14634,4.0254365234657845
14635,4.323890320551874
14636,3.9900754626231154
14637,1.9957366372141037
14638,4.277593953105819
14639,1.6744834236689732
14640,4.083469742266475
14641,3.652088962291525
14642,2.2702334392240457
14643,4.799905126542083
14644,0.7959034926547746
14645,4.196078843921871
14646,3.1305579497822245
14647,4.052930244594734
14648,3.7992222132993074
14649,4.052930244594734
14650,3.973128734609899
14651,4.5060005337636175
14652,3.976696513740885
14653,4.076803051504915
14654,3.0842323548351023
14655,3.179289055935688
14656,0.8576524860104201
14657,1.9553848884315062
14658,0.8156151085340536
14659,1.4283165051651572
14660,3.8682764972874666
14661,0.5890383946832803
14662,4.267584627398244
14663,4.775359575318652
14664,4.238003601073889
14665,3.944546526643595
14666,0.7721089062196005
14667,4.512712271220419
14668,1.7675616747631715
14669,2.1665849054751423
14670,3.3487066288246523
14671,2.364212195118848
14672,4.245096617324058
14673,4.51487345778199
14674,3.433520293434108
14675,4.1609032843163325
14676,1.7963365132327962
14677,4.17286903846519
14678,0.8810386369263644
14679,4.526273683098307
14680,2.11087246801929
14681,3.391092443028963
14682,4.32620155758279
14683,0.6910905547230236
14684,3.7070524357726375
14685,4.122550769193649
14686,3.784349255615127
14687,3.882613394473704
14688,3.7837393649212836
14689,4.042201833254687
14690,4.407778677566131
14691,4.507464335654482
14692,2.967633127535395
14693,4.549274484236635
14694,1.888346840300005
14695,4.367363823030458
14696,3.3563795104594822
14697,2.7190834430882456
14698,2.372075367758389
14699,2.1764421151873474
14700,3.6632943010515135
14701,3.8139554942093348
14702,4.168335154158294
14703,3.2400788681119645
14704,2.3485083797154025
14705,1.911512944487409
14706,3.5639232590181136
14707,3.6022428177839863
14708,0.9030689252798779
14709,0.8814748610772284
14710,2.4064309626266307
14711,3.3903475440671644
14712,4.195500223358503
14713,4.383302590449614
14714,3.143494962778041
14715,0.7033722851179256
14716,3.49034525152163
14717,4.086152977933524
14718,4.58034927614231
14719,4.152467714188252
14720,3.197978396062066
14721,0.9702176741189305
14722,0.8749148370159253
14723,4.226395413624298
14724,3.8118342367179427
14725,4.057925934418543
14726,4.269381503842973
14727,3.072730297720224
14728,1.5140792065379332
14729,0.9400191447936651
14730,0.8528080088752455
14731,2.214604138040244
14732,3.113898982343398
14733,4.250273549797332
14734,3.946603695167516
14735,3.965149548442295
14736,4.048528685022666
14737,4.101217703968546
14738,4.415131910039274
14739,4.164066053934547
14740,1.0559005704703874
14741,0.8860259853234016
14742,2.075292971244436
14743,4.274432236511549
14744,4.104595191631472
14745,3.7746007675419637
14746,3.8033394211784364
14747,3.8802624786132447
14748,4.0248947464343185
14749,1.2147165002521758
14750,0.9001602933584171
14751,2.697229353464603
14752,3.3409816337607436
14753,3.6168024982504345
14754,3.7984497728336515
14755,3.917088409895325
14756,3.499196239725324
14757,1.4771527499917636
14758,2.894244070011018
14759,2.9058003615252717
14760,4.050316587445879
14761,4.1351482096110725
14762,4.074242064827436
14763,3.6236795638247807
14764,3.245070302063584
14765,2.568301013194633
14766,3.742701159051191
14767,3.7635470133965265
14768,3.839823043507575
14769,3.968720972227783
14770,4.3140732496712895
14771,4.0347266445863905
14772,0.44690320062661254
14773,4.7928662409378475
14774,3.616258818386327
14775,3.2483243123874277
14776,3.6544556111501696
14777,4.018202027659679
14778,3.965847889589529
14779,2.2490284834688334
14780,1.5976838540241567
14781,0.7107882922017318
14782,0.354279739411341
14783,0.3604428385819726
14784,0.9967709457756463
14785,4.329519093139535
14786,4.002138704559386
14787,1.0004006869846265
14788,4.240599122038643
14789,3.704661781397666
14790,3.732191956160037
14791,4.357014374881582
14792,3.075923442550167
14793,0.881672749640882
14794,4.3080318718012345
14795,3.7520088436823915
14796,4.426317235536208
14797,0.8593545123775015
14798,0.9214491164286042
14799,1.7870944961606707
14800,3.6337095370581025
14801,4.215483289083477
14802,1.3960145970767759
14803,1.2694565005002667
14804,0.8935782977878934
14805,0.7346058194971761
14806,2.1116000138070086
14807,3.0271792846226737
14808,3.4223798834273715
14809,3.734239021996538
14810,4.293119302679191
14811,1.308397715538277
14812,0.7378094402123375
14813,0.38595755530032017
14814,3.2007697949074165
14815,3.754751085981083
14816,3.9187771684268355
14817,3.9120907414314585
14818,3.11746137501965
14819,0.6266910744105392
14820,2.1743713723142917
14821,4.355953630395587
14822,4.130816955283308
14823,3.721810610072014
14824,4.008827618712967
14825,3.890187025470979
14826,4.39833933767825
14827,4.085121699316174
14828,0.6035932537590483
14829,0.4004365837112724
14830,1.0214527312058879
14831,2.2238538937867025
14832,3.3078829814372943
14833,4.475944831122326
14834,3.881316484323
14835,4.056166464502161
14836,4.056166464502161
14837,4.022643760966281
14838,4.276717446054553
14839,4.098340244088001
14840,1.6668367968045599
14841,0.3688824589841082
14842,0.20843364488206353
14843,3.9207666895446045
14844,4.5067017844365145
14845,4.3340851791926625
14846,3.1379517432201025
14847,1.3718064952664857
14848,0.397468021861012
14849,0.33469445717820084
14850,3.0048989790507257
14851,4.054474906387944
14852,3.771692038536936
14853,3.973128734609899
14854,4.3883305410621
14855,4.135043641456243
14856,1.4065962279959272
14857,0.9322873407942395
14858,1.7791624753960666
14859,2.1280231497792275
14860,3.2125788110499753
14861,3.690085129367274
14862,3.8407463225250953
14863,4.127992535301875
14864,4.137583472290284
14865,1.1714989612790379
14866,0.8932317494101304
14867,1.1373681034308483
14868,0.5035970375148804
14869,1.1402633648714182
14870,1.5051461498487024
14871,3.660565767393819
14872,4.205396187252921
14873,4.205396187252921
14874,2.610009651307157
14875,0.22284010966696724
14876,4.117099351809896
14877,4.206792500305381
14878,1.3493500610871059
14879,1.140207760458762
14880,1.069932685962281
14881,4.7862865585824945
14882,3.7652556857230004
14883,4.191656494327205
14884,3.961551466116164
14885,4.078907272243888
14886,4.361971229603996
14887,4.291969634140412
14888,1.2917464837641062
14889,1.6649810986060567
14890,4.1776995445044935
14891,4.326132035855155
14892,4.323972129925864
14893,4.393161070198285
14894,3.6907159555979785
14895,2.97115836550522
14896,2.4265814812094715
14897,1.026779411320502
14898,1.591759433352068
14899,4.843737046692838
14900,4.683266265274571
14901,4.285031778483937
14902,3.987200490538752
14903,4.008046344884089
14904,4.049835182231176
14905,4.434677898237068
14906,4.6224731193940585
14907,4.207042485171221
14908,2.768923097479698
14909,2.3801239481871925
14910,1.2691901272683073
14911,1.0314452795974463
14912,0.9769594122333563
14913,2.61263567436925
14914,3.7220880586503333
14915,4.48662278132134
14916,4.012013730316143
14917,3.5831410775919674
14918,3.8159101490670624
14919,4.233408720497551
14920,3.2415508100624715
14921,1.0731592360692064
14922,1.5672515886331646
14923,3.826367954846656
14924,4.376925119565274
14925,4.03232570374173
14926,2.0961901490807793
14927,1.6246699955286734
14928,4.02999656897463
14929,4.142049576972338
14930,4.1403007401220275
14931,4.4937053847551445
14932,4.691156559548119
14933,2.2769281744859007
14934,2.0367480648457277
14935,1.1387483415812916
14936,1.2765151588183177
14937,2.43992436728365
14938,4.20917052692827
14939,3.969233152208327
14940,4.535677105170886
14941,4.5774872537530396
14942,4.227782266167412
14943,3.412671507802375
14944,2.762410290265395
14945,1.6873653345729513
14946,1.230241459349856
14947,2.9706941048223547
14948,3.926049542907522
14949,4.0124192676098485
14950,4.154938109498024
14951,4.0555401775195286
14952,3.1892052742333417
14953,2.6566498851451437
14954,1.800000475340803
14955,1.498582594051503
14956,1.4131274502755113
14957,2.104166515211954
14958,3.4119817001890027
14959,3.6595092225646693
14960,4.164703418484487
14961,4.33309846731788
14962,3.557743697463921
14963,2.2207199948957768
14964,2.392273950855688
14965,3.7602094281907825
14966,3.8150948814556602
14967,3.8203871769217668
14968,3.8203871769217668
14969,3.903799554598896
14970,4.295097264391256
14971,3.9493343963369583
14972,2.432345535680139
14973,0.749493682782436
14974,1.3058055973563067
14975,2.6080107465379743
14976,4.852067072232829
14977,3.898247555976687
14978,3.9190934103220214
14979,4.052930244594734
14980,3.969664357111612
14981,2.4534595257605267
14982,0.9569505183886587
14983,0.7754801975483637
14984,0.47514585858294267
14985,1.1473227366765288
14986,3.5723370874931892
14987,4.692511116168143
14988,4.24821638127341
14989,1.5488424321096936
14990,0.6374228756298183
14991,1.1618110325380333
14992,4.681021224562876
14993,4.142049576972338
14994,4.1609032843163325
14995,4.6207706209241595
14996,4.225865778291666
14997,2.2537958967993075
14998,2.0199001090772715
14999,0.858885475108619
15000,1.2367443912953864
15001,2.49972565332851
15002,4.737801062427051
15003,3.901159247748483
15004,4.154059691021365
15005,4.115032716417746
15006,1.4767432217540752
15007,1.12535099224933
15008,3.0665783251029635
15009,4.263459296152423
15010,4.224730387937911
15011,4.370413979612381
15012,1.883853785958587
15013,1.7591138115664635
15014,1.2788549122277784
15015,1.335149299466356
15016,1.7887113604363671
15017,2.284232996992749
15018,3.1287570651027066
15019,3.7302469058156205
15020,3.6055849966283167
15021,3.6405643577607583
15022,2.8174868554577137
15023,1.453292806390444
15024,1.0784819658486562
15025,1.0552129249088558
15026,4.571876077055721
15027,4.351923846344516
15028,4.061480538815125
15029,2.4253282468404715
15030,2.382307352333875
15031,4.5451626923625295
15032,4.277275824085205
15033,3.847423624528575
15034,3.8682694788739105
15035,4.086152977933524
15036,4.092452105541149
15037,4.420654279989103
15038,1.918629524538386
15039,1.4079168357712282
15040,0.6801587427596961
15041,1.2156054785100991
15042,4.113971576139387
15043,3.8386943813838674
15044,3.873697841464352
15045,3.873697841464352
15046,3.868711400842801
15047,2.4226845581601504
15048,0.5513197399871372
15049,0.3425697098430474
15050,3.5284424210156433
15051,4.048528685022666
15052,4.559936184556202
15053,4.536193532377983
15054,3.1971340688249095
15055,2.4892713874065833
15056,1.6110632666259097
15057,0.48532533104488035
15058,0.48850992501702223
15059,0.9387716278381636
15060,3.895643898336923
15061,3.8961307247892556
15062,1.828073596410419
15063,1.383082963680792
15064,0.9333875627093134
15065,1.0021807644955758
15066,3.9933588445454644
15067,3.9933588445454644
15068,3.403781323627939
15069,2.7238354958999795
15070,2.1504155599102415
15071,1.8320821986037061
15072,1.809303553098239
15073,1.519221152713085
15074,1.3004885286182972
15075,1.5909063656045834
15076,1.7498840945571206
15077,2.074841488447621
15078,2.774068654818282
15079,3.5559573326367278
15080,0.38595755530032017
15081,0.37549207153434616
15082,0.2589141329772255
15083,0.054016742581110895
15084,0.6468026500153155
15085,1.8401317004721807
15086,4.105776645197918
15087,4.515059426932039
15088,4.356548696220879
15089,3.063097981689941
15090,1.614887523745525
15091,1.0178898678915094
15092,0.6095088317444237
15093,0.4667452315811513
15094,2.209156227297589
15095,3.6662858481739025
15096,3.2274784580420923
15097,3.6544556111501696
15098,3.6544556111501696
15099,3.6427353697341434
15100,4.201097281439049
15101,4.153384238826942
15102,3.0377735466131885
15103,1.2191688236302476
15104,4.15493293772821
15105,3.8796557429726857
15106,3.928359386377846
15107,4.4818605085091345
15108,4.323960756193875
15109,3.021739264182113
15110,1.6401069645882327
15111,0.43688373296480265
15112,0.4920003070011302
15113,4.228150681670891
15114,4.058700692172557
15115,4.058700692172557
15116,4.058700692172557
15117,4.043100168810854
15118,4.0400409621123945
15119,1.7136892051499717
15120,0.4809720953623609
15121,0.4632196439225199
15122,2.123129896937545
15123,3.778868988348316
15124,4.08992459551571
15125,3.034828194304988
15126,0.8179607660789654
15127,2.057890854586278
15128,2.4836218153911878
15129,3.7884966669753948
15130,3.9014916737765506
15131,4.128621850603779
15132,2.8156309112406084
15133,1.7986665708651977
15134,1.7213477311392116
15135,3.7464653436072384
15136,4.225503262939438
15137,4.225503262939438
15138,4.2082876805139975
15139,3.3655195741851904
15140,1.877379496375847
15141,0.37549207153434616
15142,2.2218308378115186
15143,4.326471736463016
15144,4.117826572127807
15145,3.7755969403264182
15146,3.9187771684268355
15147,3.9187771684268355
15148,4.197602497892509
15149,4.43024533169098
15150,4.095168844208324
15151,1.5059741824680037
15152,1.1109509242070388
15153,0.5605623076590832
15154,0.3783810287047945
15155,0.38993775322019103
15156,0.9719702097334771
15157,4.4342899803741656
15158,3.7009647557266785
15159,4.193796728883563
15160,4.406943750950663
15161,1.2685286291934181
15162,0.7837329469800411
15163,4.250230537154352
15164,3.908846659085371
15165,4.49263432128149
15166,3.1523044748914413
15167,1.1460921673624234
15168,0.5838620181749126
15169,0.19308072240409513
15170,0.6661890933144715
15171,1.8685902558952885
15172,3.0596080972869997
15173,4.036748726337018
15174,3.471921170731692
15175,3.893236514782233
15176,1.6972546251446508
15177,0.7273211147604127
15178,0.6914378214344615
15179,1.9593127011201092
15180,3.8923604673849654
15181,3.956446960784171
15182,4.027345245459524
15183,4.314863735942225
15184,2.3053572067990022
15185,1.8494129499037193
15186,1.1389814235532816
15187,0.8903316367918118
15188,2.553754110584137
15189,4.05172210065174
15190,4.127992535301875
15191,4.011568144651707
15192,3.6667598806321124
15193,2.8533153816553836
15194,2.0183961760774887
15195,1.6076025792662128
15196,0.5011130437305371
15197,2.3611012434339025
15198,3.672792089004519
15199,4.075817403246254
15200,4.160264995158864
15201,4.184190472540421
15202,3.7798896991038142
15203,1.32171476345781
15204,0.7511264881318703
15205,0.14270261900517497
15206,0.33941804822408783
15207,0.31026500503858206
15208,3.3218975251776315
15209,3.661579795977735
15210,3.727898290117973
15211,3.784349255615127
15212,3.784349255615127
15213,4.24132136897776
15214,3.8860545119488417
15215,4.656911997787063
15216,4.316044635289634
15217,4.21439706694236
15218,4.467771857882501
15219,4.0064882643028
15220,3.651423702218085
15221,2.976469987967715
15222,2.4462564908592936
15223,1.862831416410564
15224,4.341935807084914
15225,4.385079194812067
15226,4.428815040932971
15227,4.505085475583106
15228,4.505085475583106
15229,4.779684926390198
15230,4.4070087993527745
15231,3.2468534147725876
15232,1.8631857709575124
15233,2.047836810314227
15234,2.1807541691785355
15235,4.241732662828793
15236,4.38926555484688
15237,4.537698046197542
15238,4.594915751236933
15239,2.437921359980527
15240,1.0365965899187402
15241,2.49003257360219
15242,3.6732503793467606
15243,4.296822583112987
15244,4.296822583112987
15245,5.1330386108214965
15246,4.678247049399397
15247,4.100851893878059
15248,3.5770002165255685
15249,2.6475116307200994
15250,1.4301545069393908
15251,1.564634630883147
15252,4.552763883121629
15253,4.149747608010106
15254,4.840632834109313
15255,4.437540307671226
15256,2.4532383214537496
15257,4.070700535176571
15258,3.8552666943115357
15259,5.006016766757176
15260,3.694826096998434
15261,1.593548244051571
15262,1.2599005694341587
15263,3.796012093901785
15264,4.437587864425498
15265,4.321508879408103
15266,4.423847715568926
15267,4.927675845668887
15268,5.191108350709659
15269,4.770674479196293
15270,3.061611375913205
15271,1.3349769985120326
15272,3.4388055256677372
15273,4.278694662516261
15274,4.313523758852268
15275,4.414667777895731
15276,4.704378939269913
15277,4.159556415109894
15278,1.9563334169619797
15279,1.5516351794274725
15280,1.4393359732664972
15281,1.4752461131364005
15282,2.544765688693365
15283,3.0904075099248276
15284,4.4277230069559295
15285,4.503993441606064
15286,4.503993441606064
15287,2.83311202683218
15288,1.8952956437023845
15289,1.7769150032070213
15290,1.7537567259767126
15291,4.23411681481886
15292,4.261956349394342
15293,4.45805314921811
15294,3.6617631128253536
15295,2.9943860943384597
15296,2.6508075973484218
15297,2.2569698519582264
15298,3.589055135936661
15299,4.166939430991335
15300,5.0948716721602585
15301,3.8669295793748826
15302,0.9725038792697142
15303,0.6770620158787901
15304,2.444017437633285
15305,4.299951796679939
15306,4.590915687423738
15307,3.8635657429741594
15308,3.191843626226409
15309,2.789941729316959
15310,2.2530695341055824
15311,1.6578297668891642
15312,1.1235162735949304
15313,2.2461848492457603
15314,4.728734654021239
15315,4.946682732134161
15316,5.213682115837818
15317,1.0691710452049916
15318,4.2874292478981495
15319,4.167224326121284
15320,4.404994008224932
15321,4.423847715568926
15322,4.5704247997389205
15323,4.960244144012049
15324,4.702462451394167
15325,3.081667565305745
15326,1.0330854610047489
15327,0.834123550476066
15328,4.623926062937337
15329,4.656436253593303
15330,4.205956815674362
15331,4.376857531415314
15332,4.926850872623415
15333,5.051400186220009
15334,2.9079897830321895
15335,1.2758657786660024
15336,2.1851536752165237
15337,2.630255826244019
15338,3.136552640772502
15339,4.835773264793662
15340,4.320451624142901
15341,2.489898896648671
15342,2.2067592783872056
15343,1.8775948128670066
15344,3.763284810820242
15345,3.7551360724232277
15346,2.973263594841044
15347,1.8774215813608188
15348,1.0846025057562538
15349,1.0630084415536047
15350,4.543260553601599
15351,3.641599727896173
15352,3.641599727896173
15353,3.641599727896173
15354,4.182815134333584
15355,4.629234307883622
15356,2.0324025446940164
15357,0.7839447206794306
15358,4.2732875889229085
15359,4.277624125485461
15360,4.172338483921187
15361,4.3242635852272615
15362,5.10596984686196
15363,4.594869083199041
15364,1.7396378296343993
15365,1.039211114273212
15366,1.2690081505750206
15367,2.400438265109627
15368,3.0454787484315453
15369,4.161772550284791
15370,4.149171388186022
15371,4.249016653703485
15372,4.563624340822952
15373,4.8360153929958
15374,4.621826975142226
15375,3.8459552570653126
15376,3.0244395434620746
15377,3.9722530353459993
15378,3.6611629298502644
15379,4.29482167422927
15380,4.29482167422927
15381,4.507684410033745
15382,2.932035228683139
15383,1.037068417142482
15384,0.6473178441912895
15385,0.977936292579893
15386,2.0344931160231194
15387,3.160315322752366
15388,4.121828217901725
15389,4.302289113453849
15390,4.161054957371555
15391,1.5011075859097183
15392,2.0580759016850485
15393,2.331786444931149
15394,4.209056055114067
15395,3.9498301879753503
15396,3.4346161316430712
15397,2.1629175069784474
15398,2.1525853057438664
15399,1.9433671168166895
15400,1.4954618982766383
15401,1.7319460784164515
15402,2.8328471280796927
15403,3.1510514355217
15404,3.697490245391311
15405,4.545417014661953
15406,4.545258802887509
15407,4.1800420141507795
15408,1.556959185176766
15409,1.7298334412957512
15410,4.165800070926843
15411,4.1759612652943
15412,4.1759612652943
15413,4.354944160456078
15414,5.020436479814782
15415,4.890252739591264
15416,4.543653684702323
15417,2.8697691422769998
15418,0.7877764311418413
15419,0.6010787195772948
15420,0.961583911607057
15421,3.6833505372451514
15422,4.021072786515289
15423,3.7075445893068215
15424,0.7145135049464647
15425,0.975712328314883
15426,3.1309815414722335
15427,4.39405156248443
15428,4.158887790484393
15429,4.202031178211546
15430,4.3891078549014075
15431,3.7240443538749535
15432,1.2622432351740425
15433,2.0818733287144715
15434,3.0114546159181916
15435,5.074897681849512
15436,2.4712892736952874
15437,4.4912028630362135
15438,2.9722319584305583
15439,2.643711183361911
15440,1.4160039625765795
15441,3.2232306658917085
15442,4.145942889622373
15443,4.145942889622373
15444,4.703896795143914
15445,3.4546014331554282
15446,0.926817836199718
15447,1.7552552036113616
15448,3.6246655153605802
15449,4.440020199184491
15450,4.54283202283538
15451,1.311909227196302
15452,4.670729645498398
15453,1.5837589336153663
15454,4.296604647756816
15455,4.038096171493139
15456,0.5235880563913129
15457,4.038096171493139
15458,0.455104032108186
15459,4.787153657950796
15460,0.9358106081251292
15461,2.127682161354246
15462,3.0231423023269484
15463,1.8084472592268006
15464,4.348463714565086
15465,1.8533486247203474
15466,4.111006599234544
15467,2.2977175873811055
15468,4.191386505218394
15469,2.860731444038885
15470,2.929851646599722
15471,4.251440145623118
15472,2.291602696502201
15473,4.7978495336360565
15474,0.9477066192384025
15475,2.8641299744494555
15476,4.146445983823103
15477,2.0462161596175976
15478,4.264516093319685
15479,1.967589194065148
15480,4.639314334316895
15481,1.5538050267681895
15482,3.812647038242475
15483,1.8400274937272036
15484,1.9302429896462632
15485,4.369740311662544
15486,1.3439651470750957
15487,4.537698046197542
15488,0.7470276165781213
15489,4.670149470289388
15490,0.497369193182822
15491,3.6617631128253536
15492,0.9738325004138311
15493,3.1291106180958645
15494,3.1602338430963473
15495,2.8826063512729196
15496,4.211396604761684
15497,1.2177606715097469
15498,4.43370590141635
15499,1.0813663607551647
15500,4.1676378885376355
15501,4.666110836390458
15502,4.3029439943174115
15503,4.296822583112987
15504,4.3029439943174115
15505,1.2002041491619027
15506,4.8833095554141375
15507,1.1225221427840064
15508,4.6071650896070775
15509,3.9774906428425325
15510,3.8312933715301654
15511,3.816809244936212
15512,1.7304864833982223
15513,4.149747608010106
15514,0.27609159515260207
15515,4.401277471511874
15516,1.7634475408151362
15517,5.09625795138072
15518,4.179557918996869
15519,4.707435525104169
15520,3.79955878263923
15521,3.9448762475194146
15522,2.973992266504465
15523,3.396462866214146
15524,0.4455346823699767
15525,1.4098589048484111
15526,0.7647751725998998
15527,1.21346408940416
15528,1.8482198611021892
15529,1.21346408940416
15530,4.253293289535428
15531,1.5903442780891248
15532,4.380423408606823
15533,4.069777686359615
15534,4.86056256886385
15535,3.879508629927849
15536,4.61365815148594
15537,4.4978963630511295
15538,4.429781994889713
15539,4.154942151575391
15540,1.411643987980045
15541,2.9425957395235263
15542,1.1260927857952476
15543,1.2515862780430127
15544,1.069815544932497
15545,4.404994008224932
15546,4.299429151880835
15547,4.423847715568926
15548,4.520630416419118
15549,4.537856501395758
15550,4.498444976322957
15551,5.207866185476302
15552,4.137461897710275
15553,4.206189378138608
15554,1.8208880233480955
15555,3.40735218924128
15556,3.578210881430796
15557,2.834885082534301
15558,4.289605776612706
15559,1.0289393884788396
15560,4.419184560619373
15561,0.8542156718304497
15562,4.508664698546454
15563,2.3140417087790466
15564,4.636404109435029
15565,4.397986004070002
15566,2.5103080897244414
15567,4.5798282218115
15568,0.7134492305290919
15569,4.969647566084628
15570,0.4662733654004685
15571,5.094196879681222
15572,4.1060321417789725
15573,5.032544501572446
15574,4.97595605256544
15575,3.4605664303679
15576,3.7060465232058997
15577,3.235628014606968
15578,2.064239838148081
15579,2.943670761374331
15580,2.313747374798085
15581,4.166244470549606
15582,4.309086399157514
15583,4.343915495493521
15584,4.600276782052954
15585,4.812834376221129
15586,4.849774307234442
15587,4.6012428365032365
15588,3.4722058446488964
15589,3.459539143288966
15590,2.5674897954423583
15591,2.344144045945373
15592,2.65631878445491
15593,4.514759157625009
15594,4.618997812200451
15595,4.78638587342586
15596,4.7920006859798905
15597,2.2039486952341947
15598,1.0612379383874513
15599,0.7364885492332692
15600,0.6076961058865609
15601,0.6969117604532348
15602,4.538331119911353
15603,4.516617190839102
15604,4.166939430991335
15605,4.791022100345163
15606,4.776141062432575
15607,3.1102086385244005
15608,2.745429481389917
15609,0.7821605611359731
15610,4.5779232628890005
15611,4.786211753621811
15612,4.277833844478023
15613,4.175629184810089
15614,4.212758282216653
15615,4.299951796679939
15616,4.299951796679939
15617,4.394934164342278
15618,5.050424205648733
15619,4.9803444905877825
15620,0.9123605484476212
15621,4.489759649828665
15622,4.348650571890937
15623,4.434629893318571
15624,4.434629893318571
15625,4.556863387861033
15626,4.67022086976115
15627,1.8946763131202182
15628,0.7751304102313252
15629,2.2284214612470636
15630,3.3309914896364816
15631,4.62920204699878
15632,4.202053422457291
15633,5.1228963229075335
15634,4.137977350336483
15635,2.3935216409924536
15636,4.2771991190411915
15637,4.376857531415314
15638,4.9322898471303995
15639,4.654429711636815
15640,4.103264417767003
15641,3.199947036264826
15642,1.290678792335568
15643,3.8258408134747035
15644,4.032974210538112
15645,4.4322091068247325
15646,4.527333248818861
15647,4.527333248818861
15648,4.872713195806975
15649,3.8961712773582966
15650,3.2979155372429156
15651,1.8981728900566464
15652,2.0283990457015593
15653,2.38771413793339
15654,3.2750713133640645
15655,3.6383476655626286
15656,2.7138274253999524
15657,2.2669685232857253
15658,1.220996816510836
15659,2.2741499404316095
15660,3.8226967073351963
15661,3.624886212022309
15662,4.561012093530945
15663,1.4448327741790052
15664,0.593601402545689
15665,0.6227589765606849
15666,4.3242635852272615
15667,5.001158507777606
15668,3.87334413830907
15669,2.2376941709875506
15670,0.8192686910916225
15671,4.149171388186022
15672,4.897971440949286
15673,2.344518876292277
15674,0.9735734107261754
15675,0.679532775752509
15676,4.350707740414859
15677,4.265331914974
15678,5.085556755275852
15679,5.027340771468709
15680,4.61510034019959
15681,3.2237386677597977
15682,0.6500138880175441
15683,4.327077750861777
15684,4.170989307333061
15685,4.214132695060214
15686,3.9422903942075163
15687,4.529660546289362
15688,3.4943443552634075
15689,1.2155563837249206
15690,3.4708153085510673
15691,4.008914774688082
15692,4.052058162415239
15693,4.285326489764202
15694,3.776598880068265
15695,3.1952367529517103
15696,2.5348094397357928
15697,1.5352666867790485
15698,1.8303065514678356
15699,2.9581216950066365
15700,3.1232119009462163
15701,3.7803607245822364
15702,4.417519391998933
15703,3.7852579377964912
15704,2.662921064332807
15705,2.3387313573515
15706,0.1702059447699671
15707,3.1713077393562807
15708,4.102843310820224
15709,2.4139954673805013
15710,1.7018345588994932
15711,1.1777994166587193
15712,2.0475157735887635
15713,3.506467918363203
15714,4.556775215543035
15715,4.584066909379282
15716,4.021072786515289
15717,4.068356229480415
15718,4.480237587045958
15719,4.745872005839769
15720,2.9441543934949976
15721,2.3517441623285253
15722,1.858065879307625
15723,0.4982166883340702
15724,2.0872509790160896
15725,4.20891720021872
15726,4.739436760612146
15727,4.534279743132579
15728,2.973992266504465
15729,0.5592253739788206
15730,0.959436686096704
15731,4.260910210071966
15732,3.9889476857304835
15733,4.032761103554083
15734,4.306206784866408
15735,4.794707342042097
15736,4.919533081200949
15737,2.973992266504465
15738,2.0306778911901286
15739,0.6157576578367361
15740,4.013066943970425
15741,4.361921239316392
15742,4.742729551408394
15743,4.487646780103866
15744,3.737133283997829
15745,1.5317342104741227
15746,1.1182538764975307
15747,1.1381870642506606
15748,1.912273465322047
15749,3.796503895421407
15750,4.0509066169714405
15751,4.530829639538128
15752,4.721505011524844
15753,4.426843135144688
15754,4.083925627249464
15755,2.784993245447506
15756,1.6610286325680987
15757,1.6032819880027411
15758,1.2231815206484322
15759,3.108622012346397
15760,3.9570891912389
15761,3.9855987559108303
15762,4.310441415177824
15763,2.614194550220615
15764,2.1041471676612513
15765,1.045103060732846
15766,0.4104488842049577
15767,4.0738775018279805
15768,4.191386505218394
15769,4.191386505218394
15770,4.272751542822296
15771,4.594677998923355
15772,4.910059997736266
15773,4.847701219022651
15774,4.572308778842012
15775,1.781416185614244
15776,0.4943090730733354
15777,3.046165993391404
15778,4.112043535684184
15779,3.9534635545772465
15780,4.264516093319685
15781,4.2992899312643
15782,4.95570287361326
15783,2.9478424202852063
15784,4.272716453236436
15785,4.694521005530952
15786,0.4904470992525397
15787,0.6410108981973655
15788,2.912665063912419
15789,4.284636483695669
15790,4.135744501173269
15791,4.272214053281035
15792,4.272214053281035
15793,4.371464322459506
15794,4.695397512582217
15795,5.007244508927354
15796,4.851057196373015
15797,4.574912730565955
15798,2.4971861928446404
15799,2.0565748103394816
15800,1.141768126192789
15801,0.765059802874434
15802,3.2564215105862697
15803,4.173086634558486
15804,4.048258913524814
15805,4.236611515709699
15806,4.704356598729535
15807,1.8319302118985838
15808,3.2770316094474055
15809,3.886212688605337
15810,4.093346085668747
15811,4.37569958653097
15812,4.37569958653097
15813,4.693697572024903
15814,2.6692375284150764
15815,1.42968033513032
15816,1.0924498501504667
15817,0.8179496133669787
15818,0.7631283295437276
15819,2.582116562155489
15820,3.9106345573091157
15821,3.939144121981046
15822,4.636562321209473
15823,3.233883516230598
15824,0.3531341932141132
15825,0.38902561903023947
15826,0.8638951744492396
15827,2.0137644855791192
15828,4.150755147561848
15829,3.956726755121747
15830,4.1060321417789725
15831,4.69223071029025
15832,4.7981910651261455
15833,2.5314068760294286
15834,1.24100416182649
15835,2.371156242228448
15836,3.6790477592458144
15837,4.674281880238398
15838,4.171253679215207
15839,4.038096171493139
15840,4.224502148815812
15841,4.681936058986585
15842,4.745631993376086
15843,3.647173561000175
15844,2.4337544096579835
15845,3.520071873907324
15846,4.585291939467881
15847,4.834789464649369
15848,3.8961712773582966
15849,3.0945745317548967
15850,2.5780147503122035
15851,3.4941097505304692
15852,4.38926555484688
15853,4.837537531514797
15854,4.8431523440688276
15855,4.196768771328475
15856,2.0699156641011998
15857,1.5815512541530745
15858,4.693402530226706
15859,4.361898145374357
15860,4.259693485706423
15861,4.296822583112987
15862,4.441246809004162
15863,4.862504224650065
15864,5.097928895286343
15865,3.3356690805393017
15866,2.1713356451031
15867,2.416398749298149
15868,3.5423027715931683
15869,4.419588140696534
15870,3.779680147529647
15871,4.149747608010106
15872,3.5536921462627147
15873,2.7083054163949436
15874,2.2251390757623186
15875,3.701185930984826
15876,4.803134888627817
15877,4.815212475613046
15878,3.820437597975527
15879,4.064485390893508
15880,4.069777686359615
15881,4.299347870156631
15882,4.635888322052758
15883,3.614105178923744
15884,2.3746658114335792
15885,1.6452785134232704
15886,2.5084044898209568
15887,4.878085904110918
15888,4.797357340305664
15889,4.364652267135257
15890,1.860483174419023
15891,1.2305970202767618
15892,4.436217207676208
15893,4.710311224616502
15894,4.404490308242471
15895,4.414667777895731
15896,2.1323332783770628
15897,3.6763437712461173
15898,4.278872136274763
15899,3.854208628271141
15900,1.9504361176141152
15901,2.228390326258843
15902,3.5974682668762537
15903,3.917112285026657
15904,4.385180373618342
15905,4.514759157625009
15906,4.110211596118602
15907,1.141270954578164
15908,4.145107291532325
15909,3.9910943240111667
15910,4.028223421417731
15911,4.161647135525229
15912,4.334516634752175
15913,4.405601191123825
15914,2.4376300841060536
15915,1.4670944149535357
15916,1.2217768084146656
15917,3.4747442640101065
15918,4.794799088377327
15919,0.7007324166571774
15920,0.6101718627142041
15921,3.4135915033180897
15922,4.228445650114072
15923,4.263274746450079
15924,4.434629893318571
15925,5.090654741274516
15926,4.1057357687034655
15927,3.257242835729573
15928,3.005888025099281
15929,2.3783417397888047
15930,0.6308316116010747
15931,1.1059848186292962
15932,4.359672206027702
15933,4.423847715568926
15934,5.227243527715705
15935,3.3589192950853897
15936,2.8612255938449778
15937,1.9062794293061434
15938,1.4352349202418886
15939,1.2105048989223777
15940,3.683813490107511
15941,4.171127719338355
15942,4.360175757589585
15943,4.537031528350287
15944,3.4507823711751113
15945,1.9220285045215568
15946,1.7077163522488021
15947,1.3869310800239905
15948,2.0527934593016512
15949,4.067803306874119
15950,4.623215670625487
15951,4.642822324371375
15952,3.245210003281195
15953,2.7020320535246425
15954,1.579063756783582
15955,1.550748923535165
15956,3.95535219535483
15957,3.9831917299303137
15958,3.8461552900111675
15959,3.8461552900111675
15960,3.9150426388073534
15961,4.034749738047822
15962,4.057176131080241
15963,3.9832151409787966
15964,3.5093169022751445
15965,1.4477606777030456
15966,3.5205663203987116
15967,4.530993074183408
15968,3.6620153094288748
15969,4.868397095884075
15970,4.907611148419885
15971,3.8131905686135075
15972,3.153032448032281
15973,2.4836312260983253
15974,1.0801173408150007
15975,2.202553983432768
15976,3.282947672380544
15977,4.455251238526426
15978,4.135209386514623
15979,4.318971289761155
15980,4.498918811606348
15981,4.863535685694313
15982,3.1601125686091853
15983,2.7582106716997354
15984,0.7773144347278921
15985,4.0195792173456955
15986,4.157905003074276
15987,4.236273880499295
15988,4.118629162557638
15989,4.149171388186022
15990,3.1667552994399504
15991,2.727286037492121
15992,1.608062283060194
15993,0.4675731164822443
15994,0.9803685504381889
15995,2.102805193055957
15996,4.230502818637993
15997,4.29482167422927
15998,4.858013315744484
15999,3.8811327283261687
16000,2.431899475453668
16001,1.837490102569245
16002,4.168385043542307
16003,4.272934770276426
16004,4.093089564265253
16005,4.121828217901725
16006,4.392063118494473
16007,2.8391972803041003
16008,2.5725845167704575
16009,2.0124306314138374
16010,1.5415046561281551
16011,1.1823291143740238
16012,1.196389181151175
16013,2.784229920934209
16014,3.797655440865206
16015,4.285326489764202
16016,3.915079796663475
16017,2.77423751707605
16018,2.6351558084485447
16019,1.648961618601918
16020,2.155263945358336
16021,3.7803607245822364
16022,3.234098227889084
16023,1.045103060732846
16024,0.5235880563913129
16025,0.4104488842049577
16026,0.6164689108019327
16027,4.365367206893692
16028,4.176881687803755
16029,4.06571421341366
16030,4.1759612652943
16031,4.736711137539592
16032,3.7421890729255214
16033,0.5390541511624738
16034,3.479062798380702
16035,3.5161918957872667
16036,4.021072786515289
16037,4.7163147222805275
16038,4.494616426907989
16039,1.2943524744541501
16040,0.4982166883340702
16041,4.192375312140528
16042,4.27653250842605
16043,4.20891720021872
16044,4.20891720021872
16045,5.011827812784994
16046,4.88163082364794
16047,2.4028001901468574
16048,1.9621888076417007
16049,0.7497739324527564
16050,0.5556422694979816
16051,4.062617377583528
16052,4.137839668252884
16053,4.306206784866408
16054,4.306206784866408
16055,4.444378436331358
16056,4.572182000685587
16057,3.778228532243008
16058,1.4858698470055005
16059,1.0518131412226832
16060,0.6620625682714907
16061,0.970290157139779
16062,2.053734845642065
16063,3.0326393587560894
16064,4.28054872052181
16065,4.125205932983008
16066,4.023260470039643
16067,4.0664038577667965
16068,4.345239465490663
16069,4.361921239316392
16070,4.841531768746952
16071,4.946749367711163
16072,2.0857312088271254
16073,1.1733442572281492
16074,2.126341867287624
16075,2.570502476412178
16076,4.007763229244283
16077,4.116380759787981
16078,2.555028922271453
16079,2.0585616436638627
16080,0.9816391200229692
16081,1.436767991918089
16082,2.1639371345988034
16083,4.440020199184491
16084,4.670571433723954
16085,3.9018205714025274
16086,3.248711402018866
16087,1.4397435875161433
16088,2.058247250742898
16089,4.0795881944445105
16090,4.185044976218076
16091,3.764765360772985
16092,1.1094179894692109
16093,0.6810067846378819
16094,0.5121971041273556
16095,2.0701432618561704
16096,4.435523606657871
16097,3.990592651983814
16098,4.264516093319685
16099,4.926596108126022
16100,4.599718875843643
16101,2.541289864696791
16102,0.5413670998255421
16103,2.0962691430315985
16104,4.123824470714036
16105,4.3029439943174115
16106,4.404032620802668
16107,4.993177045772329
16108,2.3240516514026868
16109,1.2885070564389864
16110,1.043471676612783
16111,0.3334370515212604
16112,3.831003232820371
16113,3.5471580850730557
16114,4.272214053281035
16115,0.508308247052788
16116,2.857955945676145
16117,3.737241620331001
16118,4.004445495701214
16119,4.253293289535428
16120,3.763454554000579
16121,2.999512573152836
16122,2.602502714535759
16123,2.044522740000973
16124,1.4880226852906877
16125,1.0557554781553462
16126,2.1449406929250845
16127,2.589101302049639
16128,4.137159503492347
16129,4.724864478709741
16130,3.4653163745272693
16131,2.2539656212443866
16132,1.7240466984380456
16133,1.413945970675139
16134,1.273078485262098
16135,1.5548394280916689
16136,4.419184560619373
16137,4.2943287996588015
16138,3.9317845793960045
16139,2.144754423422371
16140,1.4803508432772636
16141,3.144270609385111
16142,4.108865144464291
16143,3.7252257907172446
16144,3.9938558525283137
16145,4.1060321417789725
16146,4.232762875266142
16147,4.418147204842777
16148,2.422361895570396
16149,3.7302534125877624
16150,4.708117651129012
16151,4.367250288631583
16152,4.265602720284309
16153,4.275707802157761
16154,4.593074416317391
16155,3.527630298435882
16156,4.481633201874354
16157,4.061365741804049
16158,3.513214216089454
16159,3.360935333071763
16160,2.1969756925584463
16161,4.358493497414865
16162,4.3780187405992015
16163,4.526451231949863
16164,4.826290717267118
16165,3.818046632479635
16166,3.3358810118604936
16167,2.2766860578658283
16168,1.2898375561274136
16169,1.0929237856620104
16170,1.6464882334849786
16171,3.7292764138871974
16172,4.722136870930895
16173,4.296914281470622
16174,4.879039763946479
16175,4.748333476678251
16176,3.5189855527701734
16177,2.830828102950971
16178,2.363563062125439
16179,1.251710963706684
16180,1.1651180125373204
16181,2.4676044026400965
16182,4.603969536463578
16183,2.4313513503624073
16184,2.5133549195871647
16185,4.1308171333099875
16186,3.9153832924449508
16187,4.531555366569112
16188,5.039675770275158
16189,3.843726837519184
16190,3.172217398118966
16191,1.724200350332924
16192,4.948096796229105
16193,4.4158579204772055
16194,5.233678299019109
16195,4.895977037631183
16196,4.385131573973279
16197,2.1082713783379896
16198,1.4536727035472508
16199,4.523802143437215
16200,4.797896160377509
16201,4.4658734312376795
16202,3.7406749630736873
16203,3.515736547312755
16204,3.2237792940801184
16205,2.552324113221923
16206,3.6839021957746754
16207,4.154997656301927
16208,4.332668681245842
16209,4.483835682566918
16210,3.0578968988301662
16211,2.783363722648877
16212,1.785658902256692
16213,1.7524042057138032
16214,2.235948750787401
16215,2.6638772089834686
16216,3.6050266914048117
16217,4.365022614579195
16218,4.598840053161305
16219,4.774981533584563
16220,1.2267770585737938
16221,0.7996544890594688
16222,0.7532389561965053
16223,4.795815208372807
16224,4.475687618402679
16225,3.990655644053518
16226,0.8524726144569934
16227,3.5199977006164387
16228,4.623176699495334
16229,4.351157450021888
16230,4.446139817684227
16231,5.032808732882003
16232,4.535013086434998
16233,4.427572408800592
16234,4.307367487023726
16235,4.616979985994449
16236,4.986114073799793
16237,3.53735136843536
16238,3.2859965578050683
16239,2.183447944677357
16240,4.483964313702343
16241,3.361776098011532
16242,1.5539306252771068
16243,4.702847899846992
16244,4.428063184757263
16245,5.093970134529459
16246,4.282206613601674
16247,3.7308909038808986
16248,3.1880983157379768
16249,4.040532635066672
16250,4.4209622925770535
16251,4.516086434571182
16252,4.864604988203115
16253,4.395076026664481
16254,3.5137894644494345
16255,2.9179059807311614
16256,2.2540915710413283
16257,1.558307348063723
16258,1.8851532373955646
16259,3.273718793101155
16260,3.7431270517810944
16261,3.8259975309720198
16262,2.888277490377763
16263,2.330175974972046
16264,3.69762576243661
16265,4.955001477927824
16266,4.658814704377504
16267,3.964632816859848
16268,3.3531673940701787
16269,2.683766172136223
16270,0.8786695617261997
16271,0.6725765547180617
16272,3.3797345785423647
16273,4.379087887894571
16274,4.384380183360678
16275,4.8940560825684765
16276,5.062533694863294
16277,4.738976880410169
16278,3.431310156523505
16279,2.456464299650064
16280,3.124152739401084
16281,4.098253208315235
16282,4.217798584825228
16283,4.190001722789144
16284,4.3050426882439226
16285,4.874494777712271
16286,4.043454845736109
16287,3.413195431842416
16288,2.9737261698945865
16289,2.5909590086947425
16290,1.8545024154626595
16291,4.017506471952335
16292,3.706416366456596
16293,4.429629577324514
16294,4.309424655547648
16295,4.344253751883655
16296,4.364832566347458
16297,4.364832566347458
16298,4.888533712618647
16299,5.1192157587938345
16300,5.088715958554397
16301,3.5125102993169377
16302,4.214127030294527
16303,4.372819737613997
16304,4.182443624619799
16305,4.002905800925592
16306,4.4351318753885804
16307,4.286856324391103
16308,1.2086470570665142
16309,2.0742974250649593
16310,2.3210384392681256
16311,2.7734819152711854
16312,4.198308049451046
16313,4.2745784841011805
16314,3.942220788956146
16315,3.4209693918978377
16316,2.7029302120293495
16317,2.3530264068242417
16318,1.8195585458048125
16319,2.144515939695313
16320,2.8160617816906397
16321,3.6867422397282876
16322,3.769612718919213
16323,4.534669008998931
16324,1.2182050541941525
16325,0.1901168945890799
16326,3.254109787940352
16327,4.248602119510915
16328,4.223512236944079
16329,4.203786575658386
16330,4.203786575658386
16331,4.382769470820164
16332,5.030715140354901
16333,1.9173314750491304
16334,1.4113549170598234
16335,0.6711429269581999
16336,1.0402579025765961
16337,2.1261897645583026
16338,3.5198931329838232
16339,4.788940762733876
16340,3.17348713245773
16341,4.337147915144124
16342,4.230942296045604
16343,4.230942296045604
16344,5.016306258787911
16345,3.9034853582942803
16346,3.220432398906931
16347,2.2086289400441643
16348,0.8045242072165028
16349,0.59228592251568
16350,4.207366019762425
16351,4.058474037240025
16352,4.356927897599711
16353,5.099161199967381
16354,3.262763898061605
16355,1.7323099794079662
16356,4.377335626683632
16357,4.203879923952548
16358,4.387049633432499
16359,4.8626566802210025
16360,4.971012885829032
16361,4.7857983083025015
16362,3.234034060944764
16363,2.905513285876117
16364,1.122173507788477
16365,1.8861634895472832
16366,2.544392500637415
16367,3.197120690116945
16368,3.8038144740098505
16369,4.015073807832732
16370,4.058217195559886
16371,4.116389645183113
16372,2.830052822439672
16373,4.280888170738564
16374,4.644156795928513
16375,2.7872965436819226
16376,0.5643534735773096
16377,4.238017054358718
16378,4.31938209196262
16379,4.678774488539924
16380,3.1299865926376196
16381,2.4917376425400986
16382,0.7357570594016282
16383,0.5488407571450541
16384,0.992960055844735
16385,4.532310512819693
16386,4.325131500037759
16387,4.969664865020129
16388,5.007682575298834
16389,4.00099898745327
16390,2.1415225796379307
16391,4.478959338022683
16392,4.2552228242986425
16393,4.372470345826953
16394,4.743362100572708
16395,5.045156747457904
16396,3.995372405837752
16397,1.5349471888414519
16398,0.7377978043591861
16399,3.00945197007424
16400,4.372221419456676
16401,4.267142854757876
16402,5.059224210612928
16403,3.220432398906931
16404,0.8713435471936689
16405,4.218340071164819
16406,4.093512350131147
16407,4.449949760116365
16408,2.891274346092899
16409,1.744473988061009
16410,1.152410728487738
16411,1.0952390387132218
16412,2.6145247958303637
16413,4.109567609048659
16414,4.3738625256594155
16415,4.3738625256594155
16416,4.517805106346687
16417,4.239554637859445
16418,3.6579791766006093
16419,2.901929929428621
16420,1.6623727361438643
16421,1.2469685094873342
16422,4.625814315546451
16423,1.6534528367385704
16424,0.5070387825864648
16425,0.9466972230333107
16426,2.0965665341631903
16427,4.182023726590431
16428,3.9879953341503316
16429,4.986234713105559
16430,4.83618590923397
16431,3.848093286052126
16432,2.7469037921790664
16433,1.3634160417410834
16434,4.222459332557156
16435,4.098212769626556
16436,4.8208126614687785
16437,4.185430460137471
16438,3.889956305604992
16439,3.2150025913546223
16440,2.6940446947782624
16441,2.1750144540083682
16442,1.8261021030679387
16443,1.880486260251702
16444,4.484927716543959
16445,4.565134180428735
16446,4.817770312254042
16447,4.771576718786338
16448,3.130490775766322
16449,2.014921486719271
16450,1.5714598706093277
16451,1.8808406147986505
16452,1.8475859182557617
16453,2.0553952348427846
16454,2.594236273692114
16455,3.51033127391038
16456,4.3780187405992015
16457,4.835044136464967
16458,4.577896598841606
16459,3.0893767450375487
16460,2.644691753745156
16461,1.137693556498435
16462,2.5549695529340943
16463,4.334043378877186
16464,4.334043378877186
16465,4.478467604768361
16466,5.152712756761729
16467,1.4974110103585687
16468,1.6158402842250947
16469,4.028696296184482
16470,4.200953261352055
16471,4.452483124853823
16472,4.871153230983477
16473,5.129916954898702
16474,4.750005473413619
16475,4.123818443354087
16476,1.477115408267589
16477,4.863251486761233
16478,4.875329073746462
16479,3.880554196108942
16480,4.1246019890269245
16481,4.129894284493031
16482,4.129894284493031
16483,4.329868267030795
16484,4.752279935696181
16485,3.924447755593874
16486,2.6547743441393665
16487,1.3218983313640325
16488,3.8660229860199715
16489,4.488793517767447
16490,4.372714532750052
16491,4.483964313702343
16492,4.597973099529175
16493,4.967107187334518
16494,3.1149936152400883
16495,1.0992514417998598
16496,0.9331908240028223
16497,1.3181819560377677
16498,4.464606906375887
16499,4.338811260649678
16500,4.3736403569856845
16501,4.4491916574119506
16502,4.4658734312376795
16503,4.338498610944566
16504,2.0036657096161026
16505,1.5692900232686107
16506,1.4569908171076353
16507,1.4828045376649586
16508,3.097965934453385
16509,4.407565247916783
16510,4.483835682566918
16511,4.584223684107909
16512,4.344585594004875
16513,4.010492147925424
16514,3.6969907166468827
16515,3.6843240152869523
16516,1.8852343039758168
16517,1.9490835973512055
16518,4.213959055779713
16519,4.241798590355196
16520,4.494601398585862
16521,4.4410339968227825
16522,4.175925053848714
16523,0.6551123568383639
16524,2.3219068312901308
16525,3.6539921152685655
16526,4.603268099243258
16527,4.028315119775366
16528,4.06544421718193
16529,4.207778876080895
16530,3.3351010400741523
16531,2.9703218829396687
16532,2.6625224856558054
16533,1.058565621465131
16534,0.7560371680511627
16535,2.5316023733942914
16536,4.231655219350526
16537,4.351157450021888
16538,4.825319485251491
16539,4.052402232793603
16540,3.471952158932196
16541,1.0070853894943905
16542,0.7797075688295501
16543,3.458844939924422
16544,4.342196583359733
16545,4.48583554666052
16546,4.48583554666052
16547,4.48583554666052
16548,5.124313744792499
16549,4.786612483404572
16550,2.658450272494592
16551,1.1965298490915621
16552,0.667475264618773
16553,4.404925642634035
16554,4.674455483605113
16555,4.4651106063583486
16556,4.483964313702343
16557,5.165466271216983
16558,4.316919546171154
16559,3.141334126550765
16560,2.48110657675346
16561,3.762735327017164
16562,4.735358090502958
16563,4.231244317471772
16564,4.266073413807779
16565,4.411381410931534
16566,4.966282214289047
16567,2.2021370372273426
16568,1.4045859238651286
16569,1.3161022861162928
16570,2.078216953082377
16571,3.1619761345532273
16572,3.8333992380032615
16573,4.075361731402679
16574,4.516086434571182
16575,4.061365741804049
16576,1.9158277338977845
16577,1.59671860062472
16578,2.0270465254386494
16579,3.9351944363156823
16580,3.963033970891166
16581,3.8259975309720198
16582,3.8948848797682056
16583,4.014591979008674
16584,4.040156978684912
16585,3.9661959885834692
16586,3.665600421929426
16587,3.1477136598188546
16588,2.0429607015471607
16589,1.1320187567080566
16590,1.5037867122434823
16591,4.599286588142037
16592,4.587019108723846
16593,3.878722741875633
16594,3.680912246562746
16595,3.69762576243661
16596,3.69762576243661
16597,4.645769847180036
16598,0.710936099133872
16599,4.214131223424277
16600,1.1163619116771608
16601,0.8806697996211753
16602,1.3250341851154572
16603,4.236578994043816
16604,4.292299915039733
16605,4.174655197098075
16606,4.190001722789144
16607,4.959098782094859
16608,0.7161764287702075
16609,0.5042167694999425
16610,3.0696929800684063
16611,4.364832566347458
16612,4.0788801629370806
16613,3.220806860240279
16614,1.0918186919062276
16615,1.0236782793321124
16616,3.206057309504585
16617,4.3335501769945
16618,4.231604714051135
16619,4.274748101778288
16620,4.182443624619799
16621,4.342219263704138
16622,4.572729303183469
16623,3.1009993828183062
16624,1.7979559588984764
16625,1.5268259474470427
16626,1.2126107045310854
16627,3.460067302888044
16628,3.9981667690250653
16629,4.2745784841011805
16630,3.7658508744052415
16631,3.2320022945450977
16632,2.331038279272004
16633,1.8871582860616813
16634,1.4887729712001654
16635,2.947373689343613
16636,3.106426554557163
16637,4.537649403868306
16638,4.1724326151315765
16639,3.860381148902727
16640,2.8694436121573212
16641,0.5643534735773096
16642,0.43310767964490643
16643,4.149473859960548
16644,4.743851191435892
16645,3.0852660584266376
16646,0.8759472602687943
16647,4.621464348934825
16648,4.648756042771072
16649,3.5570222303903885
16650,4.0619031211184105
16651,4.1289716361984885
16652,4.520167737296247
16653,4.647387322970469
16654,3.9139551227690825
16655,3.1905945258974633
16656,2.598184294730991
16657,2.1045060117100887
16658,0.7603528349187436
16659,0.5321124957309328
16660,4.234880903126025
16661,4.436557153469927
16662,4.219503197202466
16663,4.26264658492962
16664,4.230942296045604
16665,4.740776599971245
16666,1.4763630387896893
16667,0.6474024965520077
16668,2.1786602348762925
16669,3.108241522080012
16670,4.102287455063625
16671,4.356927897599711
16672,4.4861886042731935
16673,4.962601838095056
16674,3.9576695366623347
16675,2.7600609052524274
16676,1.106563415986429
16677,1.0155435937461106
16678,4.109853850132246
16679,4.613448147123413
16680,3.9165742884171557
16681,2.3475333113413313
16682,1.4417223241139039
16683,1.1445718191900212
16684,1.1472342814533854
16685,2.1002318915128604
16686,4.0868275153487215
16687,4.159048838355701
16688,3.620294706185834
16689,2.333585543832082
16690,1.8937210335816432
16691,1.5866688503853914
16692,1.2071679641862485
16693,1.017159033116274
16694,1.7806786973920863
16695,2.189360628379528
16696,3.640887038740491
16697,3.973310714618811
16698,3.414404675049272
16699,2.2772491611225587
16700,1.6128455809774502
16701,4.1442773278363
16702,4.413152847956876
16703,4.157637148374868
16704,4.238017054358718
16705,4.620623291595893
16706,4.903754647381942
16707,2.1153966984625026
16708,3.1429528995532245
16709,4.243232889984925
16710,4.199628471445191
16711,4.078177587744821
16712,4.325131500037759
16713,4.359905337982374
16714,4.734431187654658
16715,3.227703107050879
16716,2.210103676411934
16717,0.6114313072064472
16718,0.5340128462005204
16719,3.205487279702679
16720,4.372470345826953
16721,4.372470345826953
16722,2.5704917838051524
16723,1.976926615800687
16724,0.3700807045389588
16725,0.3642687177257891
16726,1.8602344469769567
16727,3.927790138982192
16728,4.440990673969047
16729,4.005969316101492
16730,2.743626325247106
16731,2.3030149427419473
16732,2.954742851837966
16733,3.8340285264928213
16734,4.049698932307547
16735,4.322819641044969
16736,4.753197693771291
16737,4.912542270549425
16738,4.5825528909521935
16739,3.288284204709976
16740,1.091275391248651
16741,4.153381026872259
16742,4.673055272377111
16743,1.3973328330577892
16744,0.7370183537689644
16745,3.9130341462062823
16746,4.408436554956351
16747,4.408436554956351
16748,4.628794710415826
16749,3.426546318303938
16750,2.3178564168836786
16751,0.8865512239903995
16752,0.3757929886540619
16753,0.4632178840256768
16754,4.152662690919296
16755,4.260588185630228
16756,4.6993707641865505
16757,1.283600031579804
16758,1.6349645869573142
16759,4.725487533580347
16760,4.098212769626556
16761,4.098212769626556
16762,4.712456455860749
16763,4.788201941685536
16764,3.8857061643870825
16765,1.8609070492489055
16766,2.3052760119096636
16767,2.4413128341865415
16768,2.8682898685674436
16769,4.231282386583971
16770,4.3217780480457675
16771,4.364921435772921
16772,4.4086572818938246
16773,4.484927716543959
16774,4.77769177459691
16775,2.3125769609344626
16776,4.230485848581114
16777,4.526451231949863
16778,4.658902656041709
16779,4.2624822290585875
16780,4.749428564767143
16781,4.399118941138556
16782,4.334043378877186
16783,4.334043378877186
16784,5.117603041226576
16785,4.2245779585566945
16786,3.7603166887564403
16787,3.593508424935116
16788,4.4707937940384825
16789,3.8308858008715947
16790,3.86801489827816
16791,4.200953261352055
16792,4.200953261352055
16793,4.562842866106116
16794,3.7599044208628034
16795,3.6026751408142346
16796,2.9145176909950323
16797,1.2649709039489414
16798,1.2649709039489414
16799,1.6504608762225401
16800,3.761302529118241
16801,3.9307142832697965
16802,4.324973402618594
16803,1.7122439490867891
16804,1.3302126227551785
16805,2.5873263267306106
16806,4.867368232423852
16807,4.4651106063583486
16808,4.483964313702343
16809,5.250436133785752
16810,3.687460721947067
16811,3.3417199086189924
16812,2.401626644540053
16813,3.526390461428744
16814,4.639944819944916
16815,5.0090789077502595
16816,5.136766827990672
16817,5.075114449881896
16818,4.829681497704803
16819,2.41244181108285
16820,2.321305799326643
16821,4.297839584909835
16822,4.580119023013808
16823,4.792676617181983
16824,4.8327551548391146
16825,2.3637601550317893
16826,3.896954525987509
16827,4.494601398585862
16828,4.766228114386713
16829,3.818046632479635
16830,3.1922455433116212
16831,2.8486670463215833
16832,2.401808144207356
16833,1.2062079339100682
16834,4.581554170171007
16835,4.182328087296524
16836,4.213071171547002
16837,4.213071171547002
16838,4.380648375307842
16839,4.816468584433045
16840,5.1234567628919585
16841,1.7008977612947551
16842,1.3093617441756715
16843,4.831465190228144
16844,4.33385987901846
16845,4.26878431675709
16846,4.351157450021888
16847,5.084083209166716
16848,4.726112539843399
16849,3.0700502620227463
16850,2.5331780668113697
16851,1.9466013984463033
16852,0.6468155157319025
16853,1.1687697102012622
16854,2.291438285852092
16855,4.773988090627572
16856,5.256252064147268
16857,4.275767019746669
16858,0.8541055624036978
16859,1.151238255235628
16860,2.2736748978533954
16861,3.376244926242814
16862,4.347545846031566
16863,4.2273409242547
16864,4.262170020590707
16865,4.630541397872337
16866,4.99967548567768
16867,5.269813476025155
16868,4.827765009829057
16869,3.639027827791177
16870,2.186387962011928
16871,1.1033975143257686
16872,0.9130987026484386
16873,1.2980898346833836
16874,4.337315717174608
16875,4.428063184757263
16876,4.597148126483703
16877,4.9748597954398495
16878,4.779732270071705
16879,3.4800555689706134
16880,1.7550486449029248
16881,1.3113856917593072
16882,2.210577168997249
16883,2.6556793200247437
16884,4.611968856377808
16885,4.824526450545983
16886,4.6347141167675145
16887,3.461083930487714
16888,2.723939369178719
16889,2.38636161767048
16890,3.618189906523481
16891,3.820849530153339
16892,2.4414185882635357
16893,1.2841627563370352
16894,1.1104246925054075
16895,3.5765923549391485
16896,3.718041343969311
16897,4.220035930097783
16898,4.888071241824307
16899,2.232537490731914
16900,1.6872992193715768
16901,1.176904246976821
16902,2.2993408895945886
16903,4.37007449508473
16904,4.552038144688248
16905,4.356545962395115
16906,4.251260320830841
16907,4.384380183360678
16908,4.550124464948297
16909,5.1396288503799425
16910,4.071091572919981
16911,3.0294082596140552
16912,2.5088917589018704
16913,2.010835417548717
16914,0.824730685679695
16915,4.190001722789144
16916,4.598965118895604
16917,4.765686926413239
16918,1.0586007154580725
16919,1.025621987044521
16920,2.1480586296622888
16921,4.558890063375694
16922,4.7592081374107185
16923,2.720671107010808
16924,2.083930234971708
16925,0.6839614972089878
16926,0.6871460911811298
16927,2.0802351027753385
16928,4.153704970983327
16929,3.6737853596827343
16930,2.8343866192846634
16931,2.2742327339280433
16932,1.241874326417411
16933,3.7869074352021825
16934,4.0413101567522185
16935,3.904331791000452
16936,2.9015731205936075
16937,2.8032765807421014
16938,1.6234674527492068
16939,1.5184813403899955
16940,1.7151607320273985
16941,3.134266089132647
16942,3.769612718919213
16943,4.406771386335912
16944,3.39979150091949
16945,2.5452539051760144
16946,1.7634817330012795
16947,0.644989644209679
16948,1.7583541747034976
16949,4.448169255477764
16950,4.112344762553984
16951,4.203786575658386
16952,4.928247583699089
16953,4.6320608101487695
16954,3.8842358357717477
16955,2.629492383530139
16956,0.6091183585433789
16957,3.5711570517549927
16958,3.7241808718482727
16959,4.0619031211184105
16960,4.0619031211184105
16961,4.786353008217568
16962,1.531881662065148
16963,0.5259493965603012
16964,1.018217919300379
16965,2.129756570001586
16966,4.411132950728291
16967,4.924699580542048
16968,4.6600811101521264
16969,2.649240322549323
16970,1.0562235922585246
16971,4.15940428374535
16972,4.357697116233788
16973,4.356927897599711
16974,4.815832253516147
16975,4.697983367705135
16976,2.3194495227472687
16977,0.698706221289189
16978,0.6524013108544344
16979,2.098988282248397
16980,3.1294262649179103
16981,4.101934461009183
16982,4.145077848736336
16983,4.403731407258228
16984,4.403731407258228
16985,4.533013030978049
16986,1.8205058420312623
16987,4.116389645183113
16988,4.501276395098868
16989,4.674343550704654
16990,4.6950903737294025
16991,4.419233736125485
16992,3.060017145615725
16993,0.9522413299804434
16994,1.4621914856988136
16995,3.134045506127122
16996,4.001820279290742
16997,4.410466954745231
16998,4.410466954745231
16999,4.51327877839612
17000,4.6411764010591385
17001,4.288995248737613
17002,3.976943782508763
17003,1.2182050541941525
17004,0.43310767964490643
17005,0.520094326702809
17006,1.009410686308386
17007,2.131847328926155
17008,3.087831435718738
17009,4.2316755253583995
17010,4.120508050968304
17011,4.238017054358718
17012,4.939143897052623
17013,3.924870707870678
17014,1.9815511316521406
17015,1.3095529355071083
17016,0.5309527260910338
17017,4.041048490338257
17018,4.325131500037759
17019,4.6792444845671834
17020,2.8211505514624635
17021,1.6238258338407678
17022,0.8351984457050744
17023,1.0190859370201628
17024,4.256650041368017
17025,4.360301388997443
17026,4.211409406475043
17027,4.473558972312209
17028,4.911016342196504
17029,4.717604486514884
17030,1.2899118090152484
17031,0.545197374016286
17032,3.6439449912348767
17033,4.223329436934276
17034,4.341740404790576
17035,4.341740404790576
17036,4.341740404790576
17037,4.7442386076239735
17038,4.921095482310055
17039,4.727683626628435
17040,1.4074213993639246
17041,0.5964853696259752
17042,0.5337118049431641
17043,0.8615620787617209
17044,1.9450067672640095
17045,3.3532084167480902
17046,4.30613786721924
17047,4.322819641044969
17048,4.683696437422981
17049,3.96986508746284
17050,2.333294371558113
17051,1.4373623495173695
17052,1.8573537056793086
17053,2.1703641867058097
17054,3.3024551032281306
17055,3.902434211985248
17056,4.297592091009281
17057,4.499988116771325
17058,4.7073607857057675
17059,2.4866580222579313
17060,1.9567390994515899
17061,1.076436293688283
17062,0.8019360569047951
17063,1.5802629218723936
17064,1.8463115171288202
17065,2.607540055936214
17066,3.552100905656032
17067,3.884524581534352
17068,4.278857770949684
17069,4.497916692883432
17070,4.313688929682532
17071,4.033877319545176
17072,2.683410083185749
17073,3.2270726579691824
17074,4.191667193048363
17075,3.808027839301316
17076,4.025124431556897
17077,4.152662690919296
17078,4.152662690919296
17079,4.506554330289223
17080,2.2797367542977187
17081,1.1627588453536297
17082,1.0924837708571489
17083,2.3078418986274207
17084,3.886486889547575
17085,3.7999351358714555
17086,4.224173838703808
17087,4.348874406922715
17088,4.140162873978418
17089,3.7595808180367962
17090,2.4323732011424997
17091,1.8651374328078223
17092,3.997451068196419
17093,4.073721502846555
17094,4.148854829101544
17095,4.3489024723990815
17096,4.339656470601196
17097,4.03612894611306
17098,1.9790663602946623
17099,3.9910812963767635
17100,4.139513787727426
17101,4.139513787727426
17102,2.9046761488410695
17103,2.351872859759911
17104,4.500209972624037
17105,3.8768038269310416
17106,3.8768038269310416
17107,4.003073935405762
17108,4.627966117532979
17109,4.109351822929799
17110,3.642420501116945
17111,3.460355563813876
17112,3.730253732695536
17113,3.9303061177684127
17114,4.593496693482295
17115,3.735963753147714
17116,3.490156360777395
17117,2.2552770020217983
17118,1.0643137075614881
17119,1.4130237142638373
17120,3.587998853145752
17121,4.673069499966799
17122,4.431519012930196
17123,3.5086263165242695
17124,3.70459084622489
17125,3.7098831416909968
17126,3.555110908582289
17127,3.9417549414726505
17128,4.2543616950850565
17129,3.5232348065866628
17130,2.335108517310247
17131,1.0569462004436998
17132,1.0486319090525538
17133,3.955944090302004
17134,3.8987540510215815
17135,4.028263123836336
17136,4.77541855195896
17137,3.9167642295890683
17138,3.2782195069699394
17139,1.260165765454472
17140,0.9057445037070816
17141,0.7534124071408227
17142,1.1222872844489904
17143,2.269227865358865
17144,3.8203097486671
17145,4.66174924616388
17146,4.600096868055104
17147,4.341079908301859
17148,3.359026411143152
17149,1.7349531036186985
17150,1.1940919879627367
17151,2.142840793707132
17152,2.8519547436013597
17153,2.78141203260581
17154,1.5732335953264893
17155,1.4187996751572198
17156,3.979482812883709
17157,4.1090615968903785
17158,4.370125339928293
17159,4.069593094652016
17160,3.790900144101792
17161,2.8883890421859695
17162,2.6031380748872346
17163,1.0155179733778061
17164,4.190905598215064
17165,3.6597612777836077
17166,4.569621874554842
17167,4.027940205403739
17168,3.5699701312928775
17169,4.394147988861579
17170,3.809195157962367
17171,3.722736056304251
17172,3.759865153710816
17173,3.8937019879835235
17174,3.8937019879835235
17175,4.475159880868653
17176,4.154879680253897
17177,3.544387925099321
17178,2.1055538659026216
17179,1.575121903458723
17180,0.7745898680216685
17181,0.5801928661755618
17182,0.9378411674546664
17183,4.338004126628381
17184,3.8720967482112534
17185,3.802466480780214
17186,4.1562056584986555
17187,4.271422797870419
17188,3.0587065539044147
17189,2.2347127101014133
17190,0.6408623385189306
17191,4.009409416492342
17192,4.339163420426114
17193,3.8485522017869425
17194,1.3319696709548248
17195,0.8814365600034869
17196,1.082516516926059
17197,3.910959315301639
17198,4.492997935922615
17199,4.618952552702667
17200,3.3156995639660027
17201,1.5243309907998224
17202,1.1738682697620266
17203,1.0848556232221855
17204,1.0892015208622103
17205,1.9615637319110077
17206,2.5178842544199638
17207,3.644538891020355
17208,4.103482578346826
17209,4.194291862523665
17210,4.394339505821202
17211,4.153717446639917
17212,3.6360957310614888
17213,3.179035324792817
17214,3.178586851449494
17215,2.468218000480724
17216,1.5940759567212064
17217,2.210787162751733
17218,3.2497033122787755
17219,3.510235638165393
17220,3.646440171815229
17221,3.6702718680311075
17222,3.618855376135972
17223,2.989440306285294
17224,2.7603459278773435
17225,2.3340580090393788
17226,0.8872063506260816
17227,3.3909271050662317
17228,4.161096120918421
17229,3.3542682549728107
17230,0.5110568039583747
17231,0.5398754127093865
17232,3.2845521818357897
17233,4.230325510437954
17234,3.9255270787953633
17235,2.9540629845195125
17236,2.086551839035645
17237,0.6114874617949276
17238,3.987478439862707
17239,3.7382218969773473
17240,3.6363227370455067
17241,3.714469584853145
17242,3.714469584853145
17243,3.824437412678136
17244,4.105849892459181
17245,4.379646247815487
17246,2.9672786555395594
17247,0.36137408290944
17248,2.0313227943196046
17249,2.9559504998708204
17250,3.889300428411456
17251,3.889300428411456
17252,4.071527639748688
17253,4.388661338121006
17254,4.2493779574108315
17255,2.8004895754006367
17256,1.7508939136241293
17257,0.530258372263106
17258,3.6153725109307575
17259,3.884794084331686
17260,4.012792537363762
17261,3.8509329787901305
17262,2.1540547520121134
17263,3.16611931542087
17264,3.7305235959585192
17265,2.8747284901685455
17266,2.4232475926450476
17267,2.529446681177091
17268,1.580254349764295
17269,1.1751683843484007
17270,1.1848768098334124
17271,2.54764413243731
17272,3.314944930438323
17273,3.9615428313034227
17274,4.168177342194847
17275,4.1264566212274705
17276,3.567189659378755
17277,3.6043187567853203
17278,0.6480361810087447
17279,0.4578997030734328
17280,1.9989707853889702
17281,3.3884278064891635
17282,4.453492723059501
17283,4.010656529542363
17284,3.447060874831387
17285,0.5468568304433317
17286,0.3515973100742542
17287,0.7872893765537831
17288,4.104866374327077
17289,3.7204274863614795
17290,3.772379755509755
17291,3.772379755509755
17292,3.772379755509755
17293,3.9486043510601436
17294,4.265738049432459
17295,4.0888482505626245
17296,2.770628984088504
17297,1.87263943414623
17298,0.5178217262136003
17299,0.8958587118180581
17300,2.0817912468434145
17301,4.028783492725816
17302,3.694408061456622
17303,3.8980747930343957
17304,3.8980747930343957
17305,3.9988261806461933
17306,0.5035231802572289
17307,3.997793142603722
17308,4.055622992433336
17309,4.390770044381523
17310,4.497392946529192
17311,4.228149456289151
17312,1.9802134097422606
17313,1.5057375788608627
17314,0.9216325613799307
17315,2.448077351118713
17316,1.978596520936837
17317,1.559957335514252
17318,1.3683399471138953
17319,4.02177523835044
17320,4.236148687572937
17321,3.030187896143356
17322,0.2430515583234294
17323,0.3490336402783233
17324,0.8075658897818413
17325,3.579239586308647
17326,3.759548911815629
17327,3.759548911815629
17328,2.6871015793315784
17329,0.3964571348897527
17330,1.9957248585127312
17331,4.135696298906683
17332,3.8495993621017575
17333,3.8495993621017575
17334,4.152742233020486
17335,4.1618006855382035
17336,2.760297817762095
17337,1.8565122960436427
17338,0.4139730115269116
17339,2.0475895962121404
17340,3.0946808041121807
17341,3.8955405653639996
17342,4.2488492316093325
17343,4.548910575034168
17344,0.5588728404277087
17345,1.7448053754530666
17346,3.7163273725828443
17347,3.8648106243276237
17348,4.249725738660598
17349,4.168781645742759
17350,0.7102421945008542
17351,0.372610452250349
17352,2.842707728152265
17353,3.6385963141611484
17354,4.272411597552196
17355,3.456566498726038
17356,1.9645768274320896
17357,1.4497051061896646
17358,1.1865691925990296
17359,0.9199305350128493
17360,0.9002751138598408
17361,1.7762302756562478
17362,2.0909273480090516
17363,3.1097814647089996
17364,3.636500623000107
17365,3.8637596441879776
17366,3.9400300788381126
17367,1.6902203905095288
17368,1.2600718094011565
17369,1.1303141189855217
17370,1.495196903962806
17371,1.9340593070652883
17372,3.2121335290757824
17373,3.4880850010485185
17374,0.7993706358519482
17375,3.1090874093457135
17376,2.988334421995164
17377,3.70842612800353
17378,3.625120999003921
17379,4.120681083178585
17380,4.326935231425624
17381,2.452413527655079
17382,3.5680796615648958
17383,4.5290655892842
17384,4.292807397713704
17385,3.6782016268245212
17386,4.330796740851477
17387,3.534228173668065
17388,3.5638164909276084
17389,1.5345380453108415
17390,1.5208890315574866
17391,2.6703619409327772
17392,3.2196163814119982
17393,3.877184809238085
17394,4.387247706595852
17395,3.6360957310614888
17396,3.0744515844069635
17397,2.812485779622229
17398,1.8871785678562578
17399,1.5046765554558237
17400,1.8680887591769892
17401,3.1654576414354323
17402,3.0928528859727114
17403,2.480562140824939
17404,2.1418265995452463
17405,1.010916836666706
17406,0.8587728370377276
17407,1.3798956479032056
17408,3.8768038269310416
17409,3.8768038269310416
17410,4.268047931314646
17411,3.764526658211823
17412,3.3983726372334773
17413,2.136412782103859
17414,1.2682997977416117
17415,1.0225997510897276
17416,2.353084405697121
17417,4.471321815417873
17418,3.497484661220441
17419,4.147926275661444
17420,2.696027157964033
17421,1.2581452484366848
17422,2.3847689930874796
17423,3.743143695715497
17424,3.7098831416909968
17425,2.8971301744215627
17426,4.393361981401066
17427,3.855610663294427
17428,4.009409416492342
17429,4.028263123836336
17430,4.137198772033381
17431,4.493822908968086
17432,4.758660717192317
17433,1.7468174433909098
17434,3.9948881100728952
17435,4.011569883898625
17436,4.179170492449122
17437,4.535794629383828
17438,3.8701312665603544
17439,2.9210292551171486
17440,1.992993542942413
17441,1.1882782111102315
17442,2.3231912331918405
17443,3.7218038433825336
17444,3.8081735680848574
17445,3.843002664420866
17446,3.9963590342193784
17447,4.072629468869514
17448,4.363887314984154
17449,4.402232549180925
17450,3.851402558828074
17451,2.5091046642550645
17452,1.448644579609535
17453,1.7822118788783854
17454,2.018039418523615
17455,3.490824767596991
17456,3.7513570934836085
17457,0.4703231491830995
17458,3.503601281245133
17459,3.841056741301724
17460,4.264366999556288
17461,2.3869418469297825
17462,0.8306545422050815
17463,2.3314416848271957
17464,3.307847300804628
17465,4.379057052483825
17466,3.8937019879835235
17467,4.549090506098439
17468,3.2787142909397495
17469,3.7676373844442055
17470,4.031531999321466
17471,4.031531999321466
17472,4.031531999321466
17473,4.512829795433361
17474,3.7808115792312478
17475,2.865679272965426
17476,0.9503058063880622
17477,2.1382619983415267
17478,4.2988150600432835
17479,4.39770994475567
17480,3.831717378180115
17481,4.028263123836336
17482,4.169767070376543
17483,4.794795894198363
17484,4.690448689390191
17485,1.766939693871492
17486,0.7136416396178916
17487,2.329029151403725
17488,3.5659401521946252
17489,4.298305177747911
17490,3.910959315301639
17491,4.1363737989879095
17492,4.43704189149649
17493,4.228330358552193
17494,3.813839269217462
17495,2.866206681078314
17496,2.9140950795592295
17497,3.459048601526525
17498,3.6097097946843464
17499,1.9323397938647513
17500,1.314372041561802
17501,1.8683503813418487
17502,2.98805834879319
17503,3.3925583330880738
17504,3.475428812278999
17505,3.539243023445396
17506,3.459924910129692
17507,3.318013801969967
17508,0.8656122864234322
17509,2.189228474571933
17510,3.4992040948693144
17511,3.304691127695638
17512,3.304691127695638
17513,4.379937998993764
17514,2.9162325057019056
17515,2.305158813459253
17516,1.850509854501408
17517,1.3607330777906836
17518,0.7024819555912304
17519,0.9750594504502766
17520,2.1609919854756323
17521,4.258013787556211
17522,3.7971836632902076
17523,3.670514482329186
17524,3.7076435797357514
17525,4.566287522439558
17526,4.229146700410282
17527,3.561679622698746
17528,2.6104886173013657
17529,2.9986203515580527
17530,3.8416273225237996
17531,3.679466124772661
17532,4.194454066823736
17533,2.199949484529654
17534,0.5771411591996074
17535,0.8453902592942478
17536,3.8741539167351746
17537,3.7696945529681267
17538,3.8045236493041354
17539,3.889300428411456
17540,4.617610080835832
17541,4.592469786130661
17542,3.569468212715845
17543,3.0338654847859923
17544,2.2969335446176298
17545,0.9198026035168951
17546,0.533442966235248
17547,0.834229652671595
17548,3.0929210915275815
17549,4.0841125014955795
17550,3.7794721589321107
17551,3.693272253998562
17552,3.7364156417257166
17553,3.64411116456723
17554,2.449575290350705
17555,1.4894585557963531
17556,1.262304269297923
17557,0.9956656117117431
17558,0.9624383423608462
17559,0.9660312931084566
17560,1.9379655577250436
17561,3.413954441252399
17562,3.8067940306086547
17563,3.539883539939099
17564,3.0543442091912945
17565,2.1366860197659814
17566,2.1376740052131544
17567,1.5482890135545777
17568,1.7072667425071155
17569,4.078177594504819
17570,3.7758764838482923
17571,3.450241010043293
17572,3.011688083498004
17573,0.35962949688055007
17574,0.2430515583234294
17575,1.6726151116202421
17576,3.158927391233777
17577,3.6626115757590334
17578,3.680594786896368
17579,3.680594786896368
17580,4.066348709544701
17581,3.3817422870629015
17582,1.5608166134780146
17583,0.8384131060500516
17584,3.1287874243524514
17585,3.5408134561204814
17586,3.5408134561204814
17587,4.2776962515196315
17588,2.7407911110790364
17589,2.206708409603867
17590,0.3454342109036226
17591,1.9734538446122027
17592,4.0968906979492035
17593,3.7791832585661655
17594,3.677284098634325
17595,4.539534404788765
17596,4.367050728528697
17597,1.2412281904208815
17598,0.6419626180593622
17599,0.46270515217727276
17600,2.994499041882426
17601,3.5612616369440384
17602,3.6050750547676396
17603,4.315959879018505
17604,4.126750508115632
17605,3.4496552289680555
17606,2.3685850201253036
17607,1.983460016849334
17608,0.8551787133056449
17609,3.0342438682113353
17610,3.6962062466892656
17611,2.4827070050478572
17612,1.734476397218093
17613,3.430861480060067
17614,3.5856486099773592
17615,3.6287919977045138
17616,4.057011305113514
17617,4.217568509848663
17618,2.5637562835168235
17619,2.3921194900320737
17620,0.9290954271219174
17621,0.7900209113702147
17622,1.7184155313993927
17623,2.1102191515648907
17624,2.9585455403120555
17625,3.2858067836785017
17626,3.5617582556512377
17627,3.590267820323168
17628,4.1195139243715415
17629,3.8963257559698987
17630,3.5706902821648994
17631,1.9957104722577264
17632,2.9158947070766
17633,4.342419689678661
17634,0.5820539344557457
17635,3.906762489838592
17636,3.700399034370168
17637,3.5946937086796162
17638,3.8495993621017575
17639,3.8459130373063126
17640,4.4414293100130715
17641,4.448636080758532
17642,3.4915870372320374
17643,0.8616570611867841
17644,3.8937567632397436
17645,3.704407342123611
17646,4.3906480108220585
17647,4.183652147564286
17648,1.782404798266952
17649,1.1287130977563153
17650,0.216127863896371
17651,3.8305126346869978
17652,3.2288578542145525
17653,3.849473797095428
17654,3.7601407904064454
17655,3.8648106243276237
17656,2.770628984088504
17657,2.352150440119982
17658,0.43538401693316015
17659,0.6843444713421285
17660,3.500047710826779
17661,2.5394651243797055
17662,3.7476784771850036
17663,3.7958210616460124
17664,3.812502835471742
17665,3.812502835471742
17666,3.9816736147679057
17667,4.176735971264113
17668,2.8057527516634604
17669,2.4670704227376863
17670,0.9038680646074511
17671,2.518209646311662
17672,3.4858394298422857
17673,3.680314040823708
17674,3.9400300788381126
17675,2.540543722082011
17676,1.032568949901683
17677,0.7116724105321774
17678,0.5101164191844422
17679,4.001668162663923
17680,4.001668162663923
17681,4.086075162961217
17682,4.201462834753599
17683,3.051999079083575
17684,2.4495822389312565
17685,1.5144924908886281
17686,0.3459374298936495
17687,0.31678438670814374
17688,1.9828448191511865
17689,3.851736252444546
17690,1.400463429605699
17691,3.7574414914829632
17692,3.800584879210118
17693,3.6782016268245212
17694,3.6782016268245212
17695,2.938517725130266
17696,1.5604681862651015
17697,2.120860881352385
17698,2.2602632173738195
17699,3.7866891477762903
17700,3.9203281969652397
17701,4.073721502846555
17702,2.9805002310805757
17703,1.6858079479833985
17704,1.2606592953169065
17705,1.534521459908139
17706,2.359448630606384
17707,3.843548404358674
17708,3.9715560531924257
17709,3.9910812963767635
17710,4.266892074189486
17711,4.421770184544257
17712,4.4287903002817455
17713,4.252870779595021
17714,3.9238724022358484
17715,3.499671050675635
17716,0.8554717707371613
17717,3.4925918961898326
17718,4.27248630913727
17719,3.9261338311825926
17720,3.839674729524476
17721,4.391136143713243
17722,4.663075833068132
17723,3.2092985618656082
17724,2.566545919281524
17725,0.9740017518146658
17726,1.3813391268734796
17727,3.477739014711356
17728,3.730253732695536
17729,3.730253732695536
17730,4.336466273027431
17731,4.3486728905451
17732,3.3387798005481173
17733,1.0643137075614881
17734,3.543455412860278
17735,4.128684421620458
17736,4.555341537240185
17737,3.854117062245766
17738,3.523712925384793
17739,1.4206645633318595
17740,1.4151884263068102
17741,2.387165638163515
17742,3.6322744729296943
17743,4.697469972316884
17744,4.4073754482282395
17745,2.9908062233331676
17746,2.7990521055181934
17747,3.349273932774752
17748,4.329807303961279
17749,4.380521893791008
17750,3.9303598363834933
17751,3.8551388450031085
17752,4.011569883898625
17753,3.192415525073523
17754,1.3005774172712068
17755,3.327805015533431
17756,4.072629468869514
17757,4.163839671686617
17758,4.104624656507264
17759,3.5866197797098187
17760,3.294858243910849
17761,3.3624343418274782
17762,2.03344648293901
17763,2.4290895658977383
17764,3.260153058929864
17765,3.779196628059092
17766,4.1090615968903785
17767,4.208227113836034
17768,4.363105224190805
17769,3.5023323896939083
17770,2.218709278620102
17771,0.6001974260289217
17772,0.5684497485412408
17773,0.990634616152744
17774,2.1698294059403955
17775,4.467634884610332
17776,3.695476768906122
17777,3.557209359394781
17778,3.594338456801346
17779,3.654468982317501
17780,3.6597612777836077
17781,4.338716417043876
17782,3.040610775550165
17783,2.659769068649716
17784,1.3226081465887807
17785,0.6392293905722258
17786,0.5427939441663955
17787,1.0457051632009862
17788,3.9253903689469474
17789,4.292060085643575
17790,2.9894207058856805
17791,2.6458463386675337
17792,0.4663003300752239
17793,2.124005635513085
17794,4.35359970371039
17795,4.7812344823204755
17796,4.622708066834496
17797,1.7580495515991523
17798,0.5059555138590862
17799,0.9523294633161709
17800,3.287012654474007
17801,3.727258014413067
17802,3.762087110749076
17803,4.028263123836336
17804,4.526391207311248
17805,3.223836487876281
17806,3.0049122877879393
17807,2.819442491891102
17808,4.489174414202508
17809,3.796030093967335
17810,3.705704252274315
17811,3.740533348610324
17812,3.8942775414759097
17813,3.1231917587470206
17814,1.820683720981208
17815,2.0896604142144124
17816,4.008358436352697
17817,4.103482578346826
17818,4.432684740017973
17819,3.9004953489607277
17820,2.6808137089280595
17821,1.2989998280792368
17822,1.7360932614937894
17823,3.538075172740877
17824,3.475428812278999
17825,1.9660955764199366
17826,1.0393503502550594
17827,1.2428580514347294
17828,4.428378957659626
17829,3.3171391575662454
17830,3.304691127695638
17831,3.729673837765852
17832,4.142897803977468
17833,4.383465895161379
17834,4.093102603773436
17835,3.4621392681510015
17836,3.920234783329257
17837,3.9255270787953633
17838,4.090747779979455
17839,4.422169446728997
17840,4.666008911080103
17841,1.6256274013303598
17842,0.8740245074892301
17843,0.6713132142519775
17844,1.0613776041407719
17845,2.2674335360325903
17846,3.714469584853145
17847,4.401449930081509
17848,3.535440538041827
17849,2.586136923283033
17850,1.521466094115078
17851,0.8865846270687391
17852,3.9185216111452523
17853,3.2037088552528803
17854,1.9654122934720342
17855,4.033153282093274
17856,3.64411116456723
17857,3.557990572423778
17858,4.113570820350658
17859,3.274269444824455
17860,2.7322506036503134
17861,1.944907784223274
17862,2.5896199171932293
17863,3.5687415711696913
17864,3.611884958896846
17865,3.8067940306086547
17866,3.377756879719192
17867,3.503727845443765
17868,2.5395249165024696
17869,1.3348764798952713
17870,2.046981755788123
17871,2.6789560400902834
17872,2.7815367013982497
17873,2.8093762359737333
17874,3.3978154096292483
17875,3.3978154096292483
17876,4.076930503095805
17877,2.4982469979000497
17878,2.232384820610046
17879,1.5335569579476644
17880,1.069247724635299
17881,0.0605361242506726
17882,0.48462476376921204
17883,3.680594786896368
17884,3.879390062799401
17885,4.227961832544493
17886,4.513092478003141
17887,4.353184104765029
17888,2.6149372879350308
17889,2.2174911427298354
17890,1.0919719591365762
17891,0.43805767211889385
17892,4.225769059572734
17893,3.3173296052070826
17894,3.1659165217590166
17895,3.5408134561204814
17896,3.631970379315239
17897,4.240662670216329
17898,4.088112977393082
17899,1.7685165058121546
17900,1.2383083408576037
17901,3.0603509144807264
17902,3.395471050600001
17903,2.2577644374221992
17904,3.7316419658422224
17905,3.8980747930343957
17906,4.597555522009379
17907,4.404952986081705
17908,2.8129604832431783
17909,1.398546281340575
17910,0.8930674115110178
17911,0.5081526851407456
17912,2.00211929421552
17913,3.610006341755717
17914,3.6531497294828714
17915,3.904760347435279
17916,3.921442121261008
17917,3.921442121261008
17918,4.073636346009207
17919,4.042215287533911
17920,3.4085599807228766
17921,2.7529002504252014
17922,1.2004701028603617
17923,0.8802388150813947
17924,0.8852996450414848
17925,2.0207950528161023
17926,3.004447051597814
17927,3.718873727751115
17928,3.7484358575855063
17929,3.7484358575855063
17930,4.236582029413051
17931,3.9184061179278933
17932,3.644637212581956
17933,3.1279198018500414
17934,1.2902833498776085
17935,0.7481422473128153
17936,3.89219645434377
17937,4.02177523835044
17938,4.234901596163923
17939,2.447430325125787
17940,1.4142512016249715
17941,1.069247724635299
17942,0.35962949688055007
17943,1.9934984248071987
17944,3.987098218584666
17945,4.000958381382226
17946,3.674661502688925
17947,3.616368683715212
17948,3.759548911815629
17949,3.8227598320030753
17950,4.111491080765713
17951,4.428278382762082
17952,4.126790909166634
17953,3.4361056803926107
17954,2.1071801589253605
17955,1.6524800272665914
17956,1.0825320493144863
17957,0.39191745652043375
17958,0.8097923234873737
17959,3.0249676509297556
17960,3.557564611273051
17961,2.4120727918649827
17962,1.3112529956359131
17963,0.602702924232353
17964,0.41191660455245926
17965,4.128965254955574
17966,3.8375537666361947
17967,3.748220759947212
17968,3.8955405653639996
17969,3.8955405653639996
17970,3.9915560542194717
17971,3.524638618782377
17972,1.4292931278148544
17973,1.0162174958563743
17974,0.3919296004763841
17975,0.2314807863743394
17976,2.897416846388539
17977,3.8648106243276237
17978,3.9589877558763096
17979,4.5629780381891925
17980,4.375777509000532
17981,3.510285887111038
17982,1.967025436844013
17983,1.155433824015991
17984,1.8312850522520048
17985,3.594782896337547
17986,4.430022870869969
17987,4.062008417217172
17988,4.079159208217875
17989,4.239716412953023
17990,4.2722886228213195
17991,4.031269242454328
17992,3.7394347663909304
17993,3.1642066297378637
17994,2.1371950038035177
17995,0.5519950832418414
17996,1.5392998072388908
17997,3.5165945657204487
17998,3.872089378657253
17999,4.202709926162613
18000,3.930688976600372
18001,3.637293358886864
18002,2.0959517615213827
18003,0.22935949133652891
18004,0.7694796156137181
18005,3.5301432935732486
18006,3.567272390979814
18007,3.625120999003921
18008,3.625120999003921
18009,3.694408455492898
18010,4.405811728637233
18011,4.006655030810868
18012,3.37525588681207
18013,1.9691839400077666
18014,2.295649849331235
18015,3.55588761226871
18016,3.651009445896899
18017,3.761653429712273
18018,4.044926887381759
18019,2.3371372145458413
18020,1.5086969822613008
18021,2.1086688320561993
18022,2.248071168077634
18023,2.6581698916365917
18024,3.7744970984801047
18025,3.8649927599418996
18026,3.985259018900231
18027,4.310620766239898
18028,4.301374764442013
18029,3.940892959516399
18030,2.8852642444839174
18031,1.492484506159638
18032,2.3385934824588457
18033,3.144602493287894
18034,3.8313563550624883
18035,3.95936400389624
18036,3.978889247080578
18037,3.978889247080578
18038,4.383488478385074
18039,4.390508594122562
18040,3.731701837975609
18041,2.2883915765647
18042,0.8743254042046168
18043,1.3778998213984626
18044,3.859807868794862
18045,4.610970159396799
18046,3.4655469654151703
18047,4.459129766121687
18048,3.4481635145176903
18049,3.4852926119242555
18050,3.7180616833993505
18051,3.703061551767914
18052,4.310391184385917
18053,3.3949203741807366
18054,2.16004101542514
18055,3.7309516464193115
18056,3.6826909607633747
18057,3.6826909607633747
18058,3.5168292024231063
18059,4.517059831081002
18060,4.159125708488397
18061,3.4284769387881346
18062,3.4279988199900044
18063,2.8018941878249044
18064,2.2398725307135887
18065,3.6200824236335087
18066,4.381169932104879
18067,3.886562001725396
18068,3.997217367196153
18069,4.001070942908715
18070,4.7371368457997765
18071,4.720379011033134
18072,2.8955702367365093
18073,2.703816118921535
18074,1.6515814567942513
18075,0.8935524544108956
18076,4.3596667456434695
18077,3.8081176993709143
18078,3.842946795706923
18079,4.140888786289939
18080,4.623467540004697
18081,3.774895279963696
18082,3.2637904245464937
18083,3.0971795384768646
18084,2.1306487444109465
18085,3.795981518788672
18086,3.98416698492319
18087,4.045437287941891
18088,4.125557965527434
18089,4.325605608824971
18090,3.7561665722314155
18091,3.1996222573141906
18092,1.9895824419921526
18093,1.4364525303133493
18094,2.4168975166015527
18095,3.2479610096336784
18096,4.081869415962756
18097,4.169945407676851
18098,2.69621847792573
18099,0.8520088029372433
18100,3.555213532890038
18101,4.2473710414201085
18102,4.552625916418662
18103,3.4960198927192225
18104,2.96666053697651
18105,2.3129916083561275
18106,1.2486579080151254
18107,0.7867905012582225
18108,0.5219387960188572
18109,2.3105865366796574
18110,4.40053340349096
18111,3.8044201699319378
18112,3.755090165680387
18113,3.881509938687338
18114,4.43687817470947
18115,2.5506103520708754
18116,0.5593377180280235
18117,2.1454819865202213
18118,3.3001906419468856
18119,4.019339950025279
18120,4.117923952339472
18121,4.474548089274178
18122,2.9634705673077564
18123,0.8977786665898508
18124,2.159738349348663
18125,4.320291411050419
18126,3.7150659651168816
18127,4.001070942908715
18128,4.13148536421736
18129,4.488109501152065
18130,4.243927433829454
18131,3.753316215190284
18132,3.1286005012796227
18133,2.909676301191281
18134,1.6717037072748335
18135,1.2881056300079656
18136,0.8692445107073009
18137,0.6927864914703533
18138,1.061661368778521
18139,3.5537481028984397
18140,4.286113128451724
18141,3.7838380446711493
18142,3.883767134374017
18143,4.398760185337307
18144,1.0547985046738328
18145,1.9315066133626553
18146,2.0596032956660597
18147,3.6323468417241696
18148,4.0762903974192035
18149,4.156010156364482
18150,4.39440303385879
18151,1.8884757529178922
18152,1.856158332045663
18153,2.1985951134555473
18154,3.23751126298259
18155,3.448236631351377
18156,3.5009613172862135
18157,3.2677543458694527
18158,3.1258432377097276
18159,2.1418874447791394
18160,1.7739250121596977
18161,0.8844659198908873
18162,1.2408622249299863
18163,3.388931278561489
18164,4.159100294413677
18165,3.352272428468068
18166,3.7126778796296724
18167,2.8759506674315722
18168,0.6499548157930191
18169,3.784991613994022
18170,3.6583224330330006
18171,3.695451530439566
18172,3.9080427340330712
18173,3.8983348978677412
18174,4.6277272049209195
18175,4.528005816280375
18176,4.133910713813623
18177,2.5152526307047074
18178,1.9913158524389871
18179,1.056602616110342
18180,2.9777652034105144
18181,3.8207721743762613
18182,3.733446908946918
18183,3.6315477490150774
18184,3.7083754358109675
18185,4.074985247565754
18186,4.354505125070974
18187,4.090554981375725
18188,3.431541452593816
18189,2.524569336989696
18190,1.4598985078217417
18191,0.866866610301384
18192,3.79233160000795
18193,3.8771083791152705
18194,4.033245933589508
18195,4.154141970814172
18196,2.6965904899526256
18197,1.6893263273307926
18198,0.551734723270242
18199,4.105588852502715
18200,3.733619077829645
18201,3.612575947034686
18202,3.626314469039722
18203,3.9839063166046897
18204,2.646410102453769
18205,0.9415831942133079
18206,2.1512581881160417
18207,3.609088395000774
18208,3.7889973350811466
18209,3.474841624684696
18210,3.51099731918003
18211,3.0371605349175566
18212,2.800590535457332
18213,1.5424882090714442
18214,1.1787826607912348
18215,2.0441851918920513
18216,2.803282086931556
18217,3.3121483665422513
18218,3.38001871410174
18219,3.6500556854256425
18220,2.8289130046378785
18221,2.2974133347884576
18222,2.0315511574984537
18223,0.4121515306513273
18224,4.148316446437936
18225,3.574589318274126
18226,3.6879944457917393
18227,3.6729943141603028
18228,3.6729943141603028
18229,3.8717895900633357
18230,4.505492005267075
18231,3.3171875338893604
18232,2.1529363895562943
18233,1.0093586217115686
18234,0.5955090412105334
18235,0.8175579579025133
18236,3.3112354561649053
18237,3.122693275310274
18238,3.1598223727168393
18239,4.193717865205794
18240,2.6792235247856997
18241,1.1767407545642672
18242,0.808765727560919
18243,4.126342725334212
18244,3.766285606467578
18245,4.00300774936608
18246,0.6317669774158251
18247,0.8658015932697053
18248,3.6916114975605505
18249,3.895278229138324
18250,3.8802780975068876
18251,3.969939959887121
18252,4.287073658259436
18253,4.376066765322635
18254,2.2646859346772925
18255,2.023595645222655
18256,3.6753510985417273
18257,3.9036454257335
18258,3.956374786337363
18259,2.396866503851313
18260,1.8943729085457164
18261,0.9007774132323924
18262,0.9067759960486207
18263,1.7559527482252288
18264,3.4100063319125287
18265,4.0281250843544445
18266,3.042079300653497
18267,1.3382828285655426
18268,1.68835841285104
18269,3.8893998904476983
18270,4.090627703612472
18271,3.387915203304774
18272,2.8474128172832307
18273,1.8372083083008093
18274,0.9107455606783821
18275,0.4121515306513273
18276,0.2955735920942067
18277,0.3592241748944263
18278,3.682061161584296
18279,3.623768342610583
18280,3.353492342967603
18281,2.066898320655027
18282,0.5718582938122087
18283,0.41793348589688856
18284,2.994910532381403
18285,3.6795438862226297
18286,3.573838560532078
18287,4.123856012261417
18288,4.412543089254002
18289,4.419749859999462
18290,2.656398732314084
18291,2.3081737064169716
18292,0.39106145640492085
18293,0.4354493625340475
18294,0.88313341219392
18295,3.8166986184886564
18296,3.962669833460403
18297,1.7208372119736153
18298,0.9546499095630382
18299,0.18607074534801823
18300,3.695472224435306
18301,3.862014060431552
18302,3.930101535117241
18303,4.220839517901529
18304,4.328832703989996
18305,1.042332768167166
18306,0.34255333370199625
18307,1.8012279337036523
18308,4.4011366501108995
18309,2.363171337289675
18310,1.860677741984079
18311,1.345806020741654
18312,0.899075386865311
18313,2.060870229460699
18314,3.4649842816947474
18315,3.860963080291906
18316,3.9222333833106044
18317,4.24340240206225
18318,3.6355356809429193
18319,2.4789761357886744
18320,2.075627417510181
18321,1.19850422310782
18322,0.5734714342489774
18323,0.531592770191578
18324,1.1517904699926576
18325,3.5095613520556546
18326,3.983871467136413
18327,4.057188942202147
18328,4.173823705403543
18329,0.6408684718950308
18330,0.3177729509234324
18331,0.7496187198568083
18332,1.9629839233942767
18333,3.0892265135888035
18334,3.831875356687636
18335,3.6175205262678554
18336,3.6175205262678554
18337,3.6868079827568327
18338,4.113080610442519
18339,4.319334758689558
18340,3.310701133638529
18341,1.9046291868342256
18342,1.3882713803095128
18343,4.516873539988014
18344,3.7883928299139322
18345,3.651009445896899
18346,3.46858050433095
18347,2.8432817385336078
18348,1.8212733918609632
18349,4.046529321918933
18350,4.046529321918933
18351,4.348966000436669
18352,2.979215597810305
18353,2.717249793025571
18354,1.7919425812595997
18355,1.6419439070365398
18356,1.5223294106119531
18357,1.855896709880803
18358,1.9582112121471242
18359,4.112321606799804
18360,4.228610368030303
18361,4.117654495772257
18362,3.3075004864153956
18363,2.900682321712472
18364,1.9496560352850079
18365,1.0297704701341612
18366,3.9241380046778493
18367,3.837678903019733
18368,3.8748080004262984
18369,4.374140185577063
18370,3.690576419638168
18371,3.3244223986598223
18372,3.1353483232919532
18373,2.492595680707869
18374,2.062462543530204
18375,1.224435756794753
18376,1.0104077017935418
18377,1.3691470775772934
18378,3.703061551767914
18379,3.89202441160923
18380,4.555214987323112
18381,4.052690289064787
18382,3.243543813951459
18383,1.052121658265302
18384,1.052121658265302
18385,1.400831664967651
18386,2.372576943791294
18387,4.660877450670613
18388,4.41932696363401
18389,3.496434267228084
18390,3.5312633635640926
18391,3.903473235313468
18392,4.090402715461275
18393,1.0364398597563675
18394,2.3749735888673293
18395,4.001070942908715
18396,3.82152824299241
18397,1.2163017245076129
18398,1.1014321363014523
18399,3.9181677870873077
18400,3.9826960607767083
18401,1.6910890626718398
18402,1.1760861618140452
18403,1.1818999386665505
18404,2.310999183895655
18405,2.839762694305174
18406,3.3156129662372456
18407,3.709611794086348
18408,4.045437287941891
18409,4.363950843021742
18410,3.4913837931131604
18411,2.6861760460091517
18412,2.413868677658406
18413,1.406607625861034
18414,1.7700198295821992
18415,2.0058473692274292
18416,3.7670045787629065
18417,3.9672907635875236
18418,4.081869415962756
18419,4.3248235180316215
18420,3.310161825433669
18421,2.410967510626995
18422,3.5016054547403903
18423,4.18890977171032
18424,3.5923426302966033
18425,3.6427653196474283
18426,4.321720458907696
18427,2.585818830076061
18428,0.6270373412760398
18429,1.0248500150534476
18430,3.329323651811764
18431,4.415624339868714
18432,3.7179610682738216
18433,3.8665098070559014
18434,3.8871086627877647
18435,4.510808799939256
18436,4.059643693657238
18437,3.4491519385026628
18438,2.0103178793059633
18439,0.7220627282234572
18440,0.4877766810823598
18441,4.3594804776355165
18442,3.859904698915068
18443,3.75544533514802
18444,4.742952776161292
18445,4.584426360675313
18446,3.6855755926345894
18447,2.139476723504755
18448,0.6200071903713923
18449,0.5274318648662221
18450,0.9738058143233068
18451,3.308489005481143
18452,4.419186295762805
18453,3.7498950614528903
18454,3.997217367196153
18455,2.7242065052944437
18456,3.882085492179724
18457,4.454716229763432
18458,4.133094371955534
18459,3.7186032826208035
18460,3.2204635773693444
18461,2.7709706944816554
18462,1.0591444023138579
18463,2.487827135871611
18464,2.884037961010877
18465,3.597517745388161
18466,3.9961663870565087
18467,4.0762903974192035
18468,4.356057799662019
18469,4.115435740480734
18470,3.0837993381961586
18471,3.083350864852836
18472,1.5818839074250202
18473,1.3021799922656163
18474,1.286807778783051
18475,1.7239012121976032
18476,3.4980435888692076
18477,3.380366283791888
18478,3.631990161871925
18479,3.4836390923132083
18480,2.7972697420250547
18481,1.058203983722515
18482,0.9060599840935367
18483,3.2876951695594587
18484,4.125901845841288
18485,4.366469937025199
18486,2.2648769751889195
18487,0.9450023319019238
18488,2.1309348669272796
18489,4.2002683918896
18490,3.8983348978677412
18491,2.858826997922854
18492,1.5303914147337012
18493,0.8301604665423711
18494,0.6067124737644979
18495,2.262658548002161
18496,3.674691136742232
18497,3.7083754358109675
18498,3.7935727677847098
18499,4.3487816029220605
18500,2.138381898236317
18501,0.5986175102067434
18502,0.3828504339165759
18503,2.0527991453267407
18504,2.9774268508779564
18505,3.2251852062600164
18506,3.861961867438989
18507,4.554188079971478
18508,3.4742322261191867
18509,2.929966399337981
18510,0.5549193172423839
18511,1.9868886444791702
18512,3.626314469039722
18513,3.529104351664709
18514,3.855907863572617
18515,3.1884289436279105
18516,1.8590672830267299
18517,1.209777129499712
18518,0.9748104635642048
18519,2.5868233532971576
18520,3.1633227515247984
18521,3.4111578773563274
18522,3.5659450072736196
18523,3.7889973350811466
18524,2.465386961791256
18525,2.349109637933834
18526,1.7044701786110437
18527,2.5415499833951327
18528,3.2674659311831675
18529,0.2955735920942067
18530,0.11305815802144974
18531,0.5162973375677908
18532,1.704287685418821
18533,3.1390664954768672
18534,4.220361359808427
18535,4.345583632028963
18536,4.001793956371158
18537,2.5503825347614897
18538,0.43704455492589445
18539,1.9781156372414332
18540,3.3749897196073815
18541,4.4400546361777185
18542,4.2123309726909515
18543,3.534719307078304
18544,3.534719307078304
18545,3.6030841585561704
18546,4.248810030760562
18547,3.343161789383376
18548,2.1451408233105305
18549,0.36691056191075844
18550,1.9949301956193393
18551,3.0818272654878625
18552,3.717630922465408
18553,3.766285606467578
18554,3.931420676786406
18555,4.2485543751587205
18556,4.522350730515027
18557,3.309630549403457
18558,1.179660604127545
18559,0.4841815031844086
18560,2.051734128295062
18561,2.9644419233340735
18562,3.7015848472938697
18563,3.602278490871568
18564,3.8802780975068876
18565,4.040910006919086
18566,1.3369786950472384
18567,0.5249995312643647
18568,0.5296290361478816
18569,0.8766550643127808
18570,3.0041867496629826
18571,4.025565873884982
18572,3.5891511936081786
18573,4.199263235530081
18574,2.667059749228657
18575,1.401838493412852
18576,2.0422714038232384
18577,2.469553702125849
18578,3.02592340260495
18579,3.564793461829821
18580,3.730639162057998
18581,3.730639162057998
18582,3.8895198971688245
18583,3.5587967113854115
18584,2.2882204045840626
18585,1.8746974354888264
18586,1.4983897492209155
18587,0.7599637928218619
18588,0.7180851287644625
18589,2.080162033016538
18590,3.2649516355309633
18591,4.003978542822931
18592,4.003978542822931
18593,4.206015375404854
18594,4.207262466813868
18595,3.770504957547249
18596,0.7969069644257459
18597,1.9828394994511034
18598,3.9902994560261296
18599,3.586639245204018
18600,3.766948570711
18601,3.7519484390795634
18602,3.81515935926701
18603,4.044177571741626
18604,1.042250211044153
18605,0.4133938075275696
18606,2.0172012095198673
18607,4.105639180358329
18608,3.8767053712902393
18609,3.8318026665742493
18610,3.405746536035493
18611,0.5501757844341417
18612,2.0690659472192765
18613,3.116157155119317
18614,4.150441605962709
18615,3.9152331142468784
18616,3.892744001467928
18617,3.8777438698364914
18618,3.8777438698364914
18619,4.219963010850263
18620,4.520024354275098
18621,4.386034704966197
18622,1.367725541521518
18623,0.38173395983284675
18624,0.25295713738147513
18625,0.5288157218793559
18626,3.8004555161386446
18627,3.1988007356662
18628,3.8286186489478897
18629,3.739285642258907
18630,3.8470139288001155
18631,4.534091817430123
18632,3.406386801663027
18633,0.6485130843018283
18634,2.8126506096039123
18635,3.7930244977499408
18636,3.7947061399442337
18637,3.952787394008837
18638,2.7018536662154493
18639,0.8738109460590983
18640,1.7461731571078951
18641,3.6156454748525686
18642,3.6594588926761698
18643,4.050272987458806
18644,1.628652804216192
18645,1.4651397854144532
18646,1.5092426886905381
18647,3.538070916727585
18648,4.172576613994529
18649,3.4364596957752718
18650,1.3559903269317108
18651,3.5618158673718274
18652,3.5989449647783927
18653,4.398211255901167
18654,2.387858774481538
18655,1.150566796057444
18656,1.080291721560963
18657,4.280615348417517
18658,3.8742948402513893
18659,3.7452494421867777
18660,3.6660095775283357
18661,4.185892132544625
18662,4.292515034692294
18663,4.310592700763532
18664,3.664344831440138
18665,3.4389921870714066
18666,1.5223459960146553
18667,1.5482761369689153
18668,3.2074243321158127
18669,3.908136147669054
18670,4.110573122942361
18671,3.5408597444648304
18672,1.2484672460207207
18673,4.112321606799804
18674,2.71250558458083
18675,0.8776264705051829
18676,2.349877033255168
18677,3.4905960696850897
18678,4.4982141461192935
18679,4.2704904826325265
18680,3.8748080004262984
18681,3.859807868794862
18682,3.9860779772695816
18683,4.646079874931952
18684,4.19409769274099
18685,0.9618097025184796
18686,2.3408923564009356
18687,4.097159773633613
18688,3.6302284518207593
18689,4.2981845668682475
18690,3.6407277665510556
18691,2.6007911713673746
18692,1.2142812074898257
18693,3.5758068038495665
18694,3.6923987969287047
18695,3.7588810756491076
18696,1.3768005223850008
18697,1.0447541511475136
18698,1.4029963770106244
18699,4.685277923020697
18700,3.943752041005818
18701,3.8434186139982414
18702,4.098917065874198
18703,4.455541202808903
18704,4.31213946163158
18705,3.182983520373281
18706,0.7325572589932844
18707,2.2483727172113266
18708,3.3284187846272135
18709,4.30895215581374
18710,3.9843777029710017
18711,3.9843777029710017
18712,4.497512923224645
18713,4.561815161895921
18714,4.2458439217052
18715,2.8257932685204903
18716,1.897757556345755
18717,1.2883853679750206
18718,3.8308106151246806
18719,4.066342950348081
18720,3.26719835523082
18721,1.5610415460303035
18722,3.4786327183008052
18723,3.739165044187423
18724,4.33184363376911
18725,3.9343768108292516
18726,3.5987295798415526
18727,2.0265387143598628
18728,0.6190510594963771
18729,0.4891767826505548
18730,0.5873033820086961
18731,0.988638789648001
18732,2.1678335794356527
18733,4.465639058105588
18734,3.6934809424013793
18735,3.6524731558127583
18736,3.6427653196474283
18737,3.8240607831655447
18738,3.953989966830082
18739,3.8665098070559014
18740,4.253778379484392
18741,2.894184719289022
18742,1.471222818010712
18743,0.9593175184618022
18744,4.375076054717526
18745,3.7902744314840286
18746,4.004339818393843
18747,4.004339818393843
18748,4.17618681127376
18749,2.7704432863687676
18750,1.6541504661511415
18751,3.8195253288839295
18752,4.001070942908715
18753,4.75651418803918
18754,4.652166983231008
18755,2.3081740032561866
18756,4.476982364906322
18757,3.6935122029781295
18758,3.7283412993141383
18759,3.883767134374017
18760,4.098092092828726
18761,4.580670846543484
18762,3.0279557721503623
18763,1.7254477343845498
18764,1.4804669498529637
18765,1.1616762204658404
18766,3.4468565522303396
18767,3.8052593623640694
18768,3.5408597444648304
18769,2.585577722331401
18770,2.372982013884066
18771,2.9758662994970044
18772,3.5258831234446912
18773,3.448236631351377
18774,3.608158465656046
18775,2.568175363617104
18776,2.18723264806719
18777,4.426383131154882
18778,3.4972082683645715
18779,3.3151433310615026
18780,3.3026953011908953
18781,3.2876951695594587
18782,4.362942040857584
18783,4.01915236519978
18784,3.3881890295773465
18785,1.8102280162310747
18786,1.278119740365676
18787,0.49020165581083636
18788,0.5098182941610337
18789,3.254495063287437
18790,4.227956669007858
18791,4.052466073820272
18792,4.383887740569814
18793,3.466443636102088
18794,0.6591211649557915
18795,3.9666232917151683
18796,3.7083754358109675
18797,2.9057110692462227
18798,0.8763889864252019
18799,3.939997962152388
18800,3.757502503671941
18801,3.862108247483834
18802,3.862108247483834
18803,4.350379631961823
18804,4.579328374676649
18805,2.1930344591696187
18806,0.909606962873358
18807,0.855706003678731
18808,3.1143974425347176
18809,4.054629633100409
18810,3.776675595036039
18811,3.6904756901024904
18812,4.084684599591588
18813,3.765092477593586
18814,2.3637347891541607
18815,1.3855594703483425
18816,0.9451761449609184
18817,1.9171104095775053
18818,3.7277270320624476
18819,3.348870658960123
18820,2.4553087264658773
18821,2.062548065054768
18822,2.063536050501941
18823,1.3287823308530937
18824,1.1690742353062231
18825,1.5421948645124002
18826,2.676159476194212
18827,2.7754425523560724
18828,3.38001871410174
18829,3.932656610544354
18830,4.048044282336735
18831,4.049291373745749
18832,1.332723294836073
18833,0.9107455606783821
18834,4.10659572547056
18835,3.6700112346544045
18836,3.6117184156806914
18837,1.4962618603044735
18838,0.41720252397135543
18839,3.534719307078304
18840,3.981770308783293
18841,3.984213891945068
18842,1.706948919518818
18843,0.5366611897997945
18844,0.37307366108139006
18845,4.118367048956339
18846,3.776386694670094
18847,3.6744875347382533
18848,3.766285606467578
18849,4.338164507769627
18850,2.709061397795167
18851,2.1961968511288625
18852,1.8110718478528935
18853,0.4877646076652475
18854,3.9987263741774615
18855,3.5584650730479668
18856,4.568669301250309
18857,3.363814727771511
18858,2.709061397795167
18859,1.8795609314013233
18860,0.8828717708674807
18861,3.967736024055369
18862,3.632294581335333
18863,3.9019637835392076
18864,3.9036454257335
18865,4.044750125250137
18866,4.3618838236224535
18867,4.468506725770123
18868,3.322719479526332
18869,1.1479429630621507
18870,0.9017151660885305
18871,3.6079368495569755
18872,3.716077163855043
18873,4.188682289089593
18874,4.207695808653981
18875,2.4598571980688124
18876,1.2800877092340717
18877,0.9505717781290532
18878,2.928488421763703
18879,3.5409031075036994
18880,3.5694126721756296
18881,2.288928161168869
18882,1.2557490376680542
18883,2.9052357817205046
18884,3.97643929322857
18885,3.7519484390795634
18886,4.103890608029647
18887,4.420677910026016
18888,4.316760632691129
18889,2.646819741061245
18890,1.612198188996258
18891,0.8312686744945097
18892,3.5367094631255127
18893,3.846802798205686
18894,3.8318026665742493
18895,3.817026816547244
18896,4.075960184341658
18897,1.752613210595632
18898,1.2073539101879025
18899,3.6835521939760727
18900,3.727365611799674
18901,4.122084561270948
18902,3.46307103248904
18903,1.0671455114629789
18904,1.7147482569047139
18905,2.8673597278401863
18906,3.8470139288001155
18907,4.064882560294747
18908,2.709061397795167
18909,2.2905828538266455
18910,1.9054578505506765
18911,0.4053268983848074
18912,0.6542873527937757
18913,3.4699905922784264
18914,2.509408005831353
18915,3.7691548281921397
18916,3.6162592473446833
18917,3.6600726651682844
18918,3.7947061399442337
18919,4.2435253767931265
18920,4.129791166253577
18921,3.9581093317691587
18922,3.3526674132780268
18923,1.1340420528008182
18924,0.870217995311488
18925,2.4881525277633094
18926,3.079724346160647
18927,3.9222333833106044
18928,4.210830192193954
18929,3.9843244374437905
18930,3.0603075442898526
18931,1.0223733092581462
18932,0.7331487615393134
18933,1.9040021885169358
18934,3.2336098800829185
18935,3.8692928147611814
18936,3.983871467136413
18937,3.7868095939262556
18938,2.851165415971983
18939,2.2910800749743387
18940,1.9374495975644663
18941,0.39845946366442686
18942,0.28188152510730624
18943,2.9684735262382542
18944,3.740098701802109
18945,3.632520657899292
18946,3.942100277637324
18947,5.526047316063271
18948,4.837268264593965
18949,4.884159858189221
18950,4.884159858189221
18951,5.030925684664991
18952,5.279688612919852
18953,3.0513018933520697
18954,2.2191005774315267
18955,2.2377750453697844
18956,2.1919266424872785
18957,2.7159065483525153
18958,2.946793747496159
18959,5.3033716193847615
18960,2.2273526522636025
18961,2.153434301171423
18962,4.556102055522879
18963,5.161119458417025
18964,5.180644701601361
18965,5.329260481731535
18966,5.329260481731535
18967,5.441520250243256
18968,5.49726308717768
18969,4.297415380286145
18970,3.659571717749925
18971,1.3912649970104738
18972,2.9661261656413753
18973,4.164052805658162
18974,5.260201571949509
18975,5.206262344220676
18976,4.567234836901143
18977,3.7447217527970156
18978,2.6404014361642565
18979,1.8644735754437491
18980,2.0065079520502644
18981,2.9120358050529838
18982,4.631996127619518
18983,5.165049048491571
18984,4.072111423469377
18985,2.7744944630569726
18986,1.8472848745586028
18987,1.6351403702399547
18988,1.6351403702399547
18989,2.0329215492972903
18990,2.9495793272496322
18991,4.210948635183654
18992,5.21479088245769
18993,4.681664522856864
18994,4.983199242537208
18995,5.48105858658278
18996,4.079941952696277
18997,2.1021355222445455
18998,1.6866830533274146
18999,2.9985367430775898
19000,5.303171553042274
19001,5.163590145940658
19002,5.206733533667811
19003,5.255986219548953
19004,5.321731520488203
19005,5.612052611045375
19006,5.687661947189394
19007,4.788955633663289
19008,4.0101266187351925
19009,2.427314941091653
19010,1.4394986414016575
19011,1.275563569672663
19012,2.8698391074988576
19013,4.018222703451227
19014,4.970851724969103
19015,5.179162781212916
19016,5.238405079369069
19017,5.285296672964325
19018,5.661392258880867
19019,2.374743575312817
19020,3.0099620271434753
19021,3.510821187884342
19022,5.019170353932642
19023,5.263570425085075
19024,5.340024148514723
19025,4.023425460495011
19026,3.33130272278059
19027,2.7199981853232273
19028,4.5781514586826475
19029,5.06954443102604
19030,5.167648575581355
19031,5.389095545981979
19032,4.297415380286145
19033,2.998261945289397
19034,1.4953333245921596
19035,0.9643164201099235
19036,5.2338804436887
19037,5.047398453680249
19038,4.927282686888359
19039,5.111944931283
19040,4.887514241149731
19041,3.258026130731856
19042,1.4070236904768403
19043,2.961164061512732
19044,3.975304713866601
19045,5.060607222967428
19046,5.150200583674915
19047,5.1970921772701715
19048,1.357669004574142
19049,1.105184332714927
19050,4.948263383454697
19051,5.514479833042229
19052,5.222627211688227
19053,5.134019489570072
19054,5.311609326000496
19055,3.5230304004209523
19056,1.5449879181032715
19057,5.443537565199085
19058,4.909605920810733
19059,5.321731520488203
19060,5.443761420251314
19061,3.9730114951950437
19062,3.420871174030106
19063,1.891070923673072
19064,5.2249719191686115
19065,5.247486426483909
19066,5.40401761124935
19067,5.592883672940688
19068,4.1180474804295795
19069,1.685772654195033
19070,2.6572340944709856
19071,3.0115381781548454
19072,5.037574246391146
19073,5.372274900518987
19074,5.455603565364615
19075,5.450384904969654
19076,3.883249886505898
19077,3.6489950653148773
19078,3.2343374828899236
19079,2.855120119332315
19080,4.923893976915372
19081,4.578769438614754
19082,4.866823667168372
19083,4.935721750172218
19084,3.078653852496627
19085,1.4932250862082583
19086,5.316836533224987
19087,4.528551151771411
19088,5.304272930171509
19089,3.6548783610671913
19090,2.4885167599977356
19091,1.2722788550142898
19092,2.778871123169137
19093,3.8072205732475224
19094,5.278886026578084
19095,5.077298237533489
19096,5.114427334940053
19097,5.371512007789697
19098,5.245894148826402
19099,3.301053943572627
19100,2.8010303670901164
19101,1.2079076559540787
19102,1.6308492820679303
19103,4.891030813629552
19104,5.120127215410325
19105,4.971626548338742
19106,5.018518141933998
19107,5.018518141933998
19108,5.274150193527844
19109,5.359829921863171
19110,0.9713882839261743
19111,2.565530949257847
19112,5.224684380212149
19113,5.101247561757987
19114,5.136076658093994
19115,5.203547066153051
19116,5.203547066153051
19117,5.380277606217094
19118,5.566379503540162
19119,2.3273479674355007
19120,0.9423579463370966
19121,2.4416574282324115
19122,4.516824538835782
19123,5.082960474127348
19124,4.976638183443137
19125,5.056995746975096
19126,4.095859445798678
19127,2.128317292267883
19128,1.5941495945848072
19129,3.242387162840627
19130,4.826179070930469
19131,4.329548276669338
19132,1.7877143535130267
19133,1.7767590681535672
19134,2.2297892671073356
19135,2.4639485936542016
19136,3.8977866201438305
19137,5.197974172176319
19138,5.231939273982747
19139,5.247943984782268
19140,5.072290215603712
19141,4.811098272464879
19142,2.7050468848045677
19143,3.6392348756995276
19144,4.5315854137549225
19145,5.049102207614369
19146,4.994280937465942
19147,5.277519035942774
19148,1.6841264339668167
19149,1.2244053292805035
19150,1.4062396256459178
19151,4.5213028678308005
19152,3.5267037393693728
19153,2.8680688862420354
19154,5.093553430768085
19155,5.068670028543468
19156,5.433379982706914
19157,5.501190031216366
19158,5.402363125527812
19159,5.264422186262798
19160,3.5035646904999274
19161,4.924726625181192
19162,4.772602745981495
19163,5.202862624847994
19164,3.5988731115335146
19165,3.021230574570137
19166,1.4571470310661816
19167,4.815594279439465
19168,5.348050036206119
19169,2.152794136880454
19170,5.020429710548353
19171,5.353078624548098
19172,5.466918922358866
19173,5.066016881229976
19174,4.194414925847277
19175,2.5893512182301124
19176,2.182983650222497
19177,1.9603484803676403
19178,2.1721644641349407
19179,4.680942335385207
19180,4.709451900057136
19181,5.090790028249065
19182,3.091817801914843
19183,1.5034077795429088
19184,0.8648202309938161
19185,3.5807833676962257
19186,4.539122549444841
19187,5.058326478753153
19188,5.1140567796093865
19189,5.229713096050481
19190,5.2878975791461205
19191,5.255151645693671
19192,2.2488481715337065
19193,1.5169549380562328
19194,3.5382760679731398
19195,4.540449348035892
19196,5.163845999843352
19197,5.3499046023114545
19198,5.388440082740348
19199,4.392644266671528
19200,2.5004811921526526
19201,1.911605292014217
19202,1.175583980124087
19203,1.3230097461104944
19204,5.191826018796167
19205,5.200452316096818
19206,5.2111848456325465
19207,5.379487662634568
19208,4.430441972562185
19209,1.7644989910758837
19210,1.5445069627777899
19211,0.8583436779142269
19212,5.060248467356355
19213,5.104061885179955
19214,5.18045490459617
19215,5.401402343514051
19216,5.334668018957338
19217,2.558780617139978
19218,0.7956215612228551
19219,4.9133293012513155
19220,5.407596003698771
19221,5.472602451334586
19222,5.287434355904874
19223,4.478583050721452
19224,3.675440781258654
19225,2.0769608674984577
19226,1.8249904331037057
19227,1.5400388120740742
19228,2.2476878788488555
19229,2.9461341520840945
19230,4.931063741497261
19231,5.154544561197306
19232,5.4232870823506225
19233,4.2320993962620514
19234,2.6134200974008794
19235,1.8728225217430627
19236,1.6816593237087174
19237,3.6082145232101164
19238,4.588269563785178
19239,4.616779128457107
19240,5.212193097757757
19241,5.212193097757757
19242,5.072817361480281
19243,3.9484783437606077
19244,2.907033842487036
19245,1.9768386363150634
19246,1.1257687158450984
19247,0.6377027449337526
19248,4.47465048729237
19249,5.041999411599511
19250,5.003301813151145
19251,5.105453678863382
19252,2.567441002089906
19253,2.8667932979832833
19254,5.123179177364561
19255,4.111723198903435
19256,3.4562455890198036
19257,3.328988121386465
19258,5.087287563752263
19259,5.177783225214059
19260,5.220926612941212
19261,5.341116182491764
19262,5.341116182491764
19263,5.4087688894155415
19264,5.542455613206732
19265,4.595048229883367
19266,3.8465134516711985
19267,3.516837597790122
19268,3.4149134078162797
19269,2.599714031507275
19270,2.386475570633475
19271,2.6810251270942724
19272,3.0335030477373444
19273,5.180644701601361
19274,5.294461752989189
19275,3.240415482875388
19276,3.004041595695002
19277,1.6334989101374957
19278,5.058806552332905
19279,5.423195995129799
19280,5.184677679160985
19281,5.1163702202223185
19282,5.425918991737951
19283,4.082326746259418
19284,4.924109994185651
19285,4.926188836051785
19286,4.973080429647041
19287,4.973080429647041
19288,5.277696574678687
19289,5.4697189606079055
19290,5.068664267746328
19291,4.496126133716033
19292,3.8908294409812543
19293,3.250060780596126
19294,5.612366725690293
19295,4.8782110934818315
19296,4.930394982543194
19297,5.009824401244147
19298,1.6949973447185607
19299,5.549684434631979
19300,5.321731520488203
19301,5.423186549354037
19302,5.670904112422751
19303,1.6728459084913452
19304,5.595666245695376
19305,5.323889578614715
19306,5.213991877548923
19307,5.439176406091436
19308,5.628042467782773
19309,5.624059553216948
19310,5.461927652735399
19311,4.810665481136623
19312,3.7362428711067848
19313,1.802961831609976
19314,4.783052193553307
19315,5.16201228254055
19316,5.50288836674981
19317,5.556925744443766
19318,3.829209471905777
19319,3.0643695696927726
19320,2.7097830870579758
19321,2.2061503848076267
19322,2.0530428404233536
19323,4.8168313696893374
19324,5.423060647788407
19325,5.444838382916403
19326,5.202391044752112
19327,4.988141624868056
19328,3.484443174815759
19329,2.7597141472871765
19330,1.1088585523310277
19331,2.7569506118506544
19332,5.174375769934876
19333,5.093928618651455
19334,1.175823832274327
19335,4.980377002376547
19336,5.023478125560864
19337,5.1970921772701715
19338,5.473115572346596
19339,5.413566240323517
19340,5.233547578409819
19341,3.337809307465748
19342,2.244578937280491
19343,1.486908433882518
19344,4.72724903846149
19345,1.1774567802210314
19346,1.0359777067124885
19347,1.5254269730553693
19348,4.7229871563545
19349,5.255986219548953
19350,5.321731520488203
19351,5.632627481942651
19352,5.708236818086671
19353,5.650350043645438
19354,3.620820221261199
19355,1.4154309615273586
19356,1.2646636728659795
19357,1.661946011684662
19358,4.263759793587355
19359,5.1347984641261935
19360,5.247486426483909
19361,5.626233464038782
19362,3.73909969222028
19363,2.52098201539275
19364,2.169152188807977
19365,1.7935826165758082
19366,4.85990322144723
19367,5.53473820011381
19368,2.6174347855456226
19369,2.5405876875910796
19370,4.377188877667407
19371,4.951733511490855
19372,4.708531511400934
19373,4.828234351561986
19374,4.765379374258492
19375,4.1753329833454895
19376,3.510741989989311
19377,2.396158008828869
19378,1.8988783127300697
19379,2.7790313100463506
19380,4.97365499191107
19381,4.511931443274548
19382,4.491515861741841
19383,5.145301741980317
19384,5.171829568538236
19385,4.347727426786418
19386,2.9192525171723704
19387,1.041078996811777
19388,1.0646266154194561
19389,1.5428859700461426
19390,5.178131021547599
19391,5.44277343215462
19392,4.462736852138235
19393,1.1378838228362893
19394,3.547379909604427
19395,4.999250600791371
19396,5.426564246419884
19397,4.477518556347501
19398,3.7531912838298958
19399,3.212885558578513
19400,2.8506113216083433
19401,2.076269971677601
19402,0.8024543028642478
19403,1.3295457961348525
19404,4.3004897661963435
19405,4.423066167685699
19406,5.156655472557795
19407,5.36354921352139
19408,2.978197873856366
19409,1.2715520942839587
19410,5.1856126217906375
19411,5.064736007171684
19412,5.107879394898837
19413,5.035586656849135
19414,4.77927698574531
19415,4.972954722920716
19416,4.887251417425874
19417,2.5967954596157226
19418,1.9123284849653357
19419,1.627376863935704
19420,5.117460768629798
19421,5.193914492059446
19422,5.193914492059446
19423,4.692188167257342
19424,3.3732941910985637
19425,2.948360621949183
19426,2.5864851584699347
19427,2.2010183918026254
19428,2.106992931159093
19429,3.9925480169018837
19430,4.655124552566178
19431,3.9157113417925475
19432,2.104689951537438
19433,1.5034077795429088
19434,0.733574437061413
19435,0.9626712041740929
19436,5.164819056706861
19437,5.031316227495512
19438,5.3601612233331695
19439,5.386689049891088
19440,5.130945179423504
19441,2.1863896073782234
19442,2.605719998132851
19443,5.022391019225739
19444,4.313783232289056
19445,4.35091232969562
19446,4.773641403166271
19447,4.8813248200897865
19448,5.044483230001855
19449,5.097482687353132
19450,2.394883527450807
19451,0.8575892596163092
19452,1.336356642981635
19453,2.561443804188069
19454,5.050410043040932
19455,5.244513921015576
19456,3.5565416123788403
19457,1.0879498147726767
19458,0.8757115300718543
19459,0.9308281041081821
19460,1.3519404065984357
19461,2.587925559721431
19462,4.816416163805095
19463,5.584044972395835
19464,5.4402653830808205
19465,5.302324443815806
19466,2.5404164333787778
19467,3.556912259623068
19468,5.1451756661507355
19469,4.936470894058419
19470,5.231322169447296
19471,5.231322169447296
19472,5.550934174363167
19473,5.286132033736132
19474,4.429178890191338
19475,3.1645574091257838
19476,2.627070358820672
19477,2.908164683176388
19478,4.305082876861178
19479,4.83031845745382
19480,4.808141139874149
19481,4.884594863303796
19482,5.432213259297293
19483,5.275342255909748
19484,3.391555288749942
19485,1.5557407429741221
19486,1.3236806555749454
19487,1.2377285448776822
19488,1.9070803805809364
19489,4.1909334609148114
19490,5.311701791679217
19491,5.345666893485645
19492,2.4391676868191547
19493,0.733574437061413
19494,4.9467527634768675
19495,4.983881860883431
19496,5.021291188723583
19497,5.179784403882702
19498,0.7861645812470004
19499,5.246826502408444
19500,4.951374791202748
19501,4.826692010825082
19502,5.163845999843352
19503,5.186066080826969
19504,0.9267099904310844
19505,2.5589948992334888
19506,3.609017442873014
19507,5.092141854720722
19508,5.16429325203729
19509,5.2111848456325465
19510,5.287726287710919
19511,2.8490910967604504
19512,0.6374962446212241
19513,3.383259287217671
19514,4.199455662610457
19515,5.212372346556052
19516,5.18045490459617
19517,5.267151416813642
19518,5.429621762916953
19519,4.452356653441668
19520,3.5565416123788403
19521,2.9788990754154625
19522,0.8685932065664058
19523,4.117037776292622
19524,5.096298582196091
19525,5.143190175791347
19526,5.471551435716104
19527,5.329121732349203
19528,1.6894297836948842
19529,1.0982595987027264
19530,1.0123074880054632
19531,2.1368011358673007
19532,5.0824310249715765
19533,5.28911947872384
19534,5.323084580530268
19535,4.84386527443294
19536,1.2208981860967378
19537,4.508310665083113
19538,5.089300880241347
19539,3.0286115068955395
19540,1.7335855080320968
19541,1.668581423678948
19542,2.0256322547824843
19543,4.190097599313914
19544,5.246738970163165
19545,5.083016862413148
19546,5.126160250140301
19547,5.284443942822852
19548,5.298462019288563
19549,5.167862139247252
19550,4.581897176148504
19551,4.190557686593681
19552,2.5680129283719597
19553,4.6844795991682675
19554,5.264662459062117
19555,5.487903524164737
19556,5.541940901858693
19557,1.9179071033291581
19558,2.494798089126573
19559,5.033111809583273
19560,5.4754853520496845
19561,5.029906906296184
19562,2.586659102350942
19563,1.4813549105085166
19564,1.944096335687032
19565,5.079241122815755
19566,5.1163702202223185
19567,5.153405510251888
19568,5.153405510251888
19569,5.4356984093730585
19570,5.462226235930977
19571,3.103953092411887
19572,1.5936666775974897
19573,1.5500994046364645
19574,4.01579067617236
19575,5.140538375659605
19576,4.833038519609699
19577,4.6691252250260815
19578,5.471291359053771
19579,4.935159356735205
19580,4.716493619192871
19581,4.930394982543194
19582,4.756306143086286
19583,5.320340283128709
19584,4.714712743132295
19585,4.265651650440436
19586,3.4558213027301297
19587,2.968807279916579
19588,2.0816470320921834
19589,4.319204453202094
19590,5.282901027635349
19591,5.4598803821597315
19592,3.589446261252915
19593,3.383212892103685
19594,1.7939199031490485
19595,5.285296672964325
19596,4.1151906593160845
19597,3.491674407308222
19598,2.6882611110399184
19599,1.9152610377709518
19600,1.80250636028759
19601,2.7206185651537504
19602,5.196841378876557
19603,5.340024148514723
19604,5.423753732000614
19605,5.399894472310049
19606,5.211115905297027
19607,4.544174636004745
19608,2.126961191515533
19609,2.3832767034288813
19610,3.103143983028699
19611,5.097383965601523
19612,5.297410648367535
19613,5.297410648367535
19614,1.062443019468064
19615,1.5277032039653646
19616,4.107256565689114
19617,4.95439075614863
19618,4.890153589481795
19619,5.069617345787324
19620,5.111944931283
19621,5.385120657305509
19622,5.431772713403333
19623,4.268968555522306
19624,3.6168087547906254
19625,2.965452696596824
19626,1.9736692782017478
19627,1.0793883858684965
19628,1.6253749217888842
19629,5.515906938504315
19630,5.128914681906094
19631,5.279520787971512
19632,5.471543173900731
19633,4.444047512011858
19634,3.805935826336063
19635,2.8214300364840454
19636,0.9722922796172794
19637,2.7231255200385753
19638,3.970201947313069
19639,5.099190393234065
19640,5.26471773240524
19641,5.311609326000496
19642,5.4302000083734265
19643,5.619066070064764
19644,5.694675406208783
19645,5.609197517220953
19646,5.398173786957933
19647,3.875221674354797
19648,2.91597703934015
19649,2.4705850152501694
19650,2.7614121261783637
19651,3.7924131503322274
19652,5.0330427392648955
19653,4.94443501714674
19654,5.439326313382418
19655,4.768401564885974
19656,2.4622072619689965
19657,2.958511264259966
19658,5.159089705926579
19659,5.5286976455431915
19660,5.0999693677901865
19661,5.200594832888653
19662,5.571462857799713
19663,5.459636384127114
19664,4.802031442818542
19665,3.4945312284217174
19666,1.6876960047298992
19667,2.5274982643655917
19668,4.178091908248367
19669,5.002745150055139
19670,5.276967469745346
19671,5.372274900518987
19672,5.588775577807766
19673,5.261606337956633
19674,4.595048229883367
19675,3.0429829319323822
19676,2.279170948402076
19677,1.9713795857447582
19678,1.911933925622329
19679,2.3981814949390508
19680,4.6711809155786685
19681,4.708531511400934
19682,4.764865103236118
19683,2.840106054494407
19684,1.6669631500398856
19685,1.5148191504109074
19686,4.049067469077135
19687,4.675844737858166
19688,4.474802345867984
19689,4.528551151771411
19690,4.905152708090244
19691,5.157699073652239
19692,2.0052219605549517
19693,4.695418696274719
19694,5.222944873181623
19695,5.2303149106089615
19696,5.2303149106089615
19697,5.529858742217697
19698,5.528286343771832
19699,3.769180462442942
19700,2.306687410314864
19701,1.46870661920444
19702,2.8758279071077646
19703,4.419338585003409
19704,5.0423939885185245
19705,5.121005350427779
19706,5.341960242037296
19707,1.3389194218084144
19708,3.4548180678275817
19709,5.569143667908431
19710,5.605297059880162
19711,4.523141954209211
19712,3.8503806052363747
19713,3.457840702856163
19714,1.4043002245418124
19715,0.9713361786501975
19716,3.553537478536435
19717,5.035586656849135
19718,4.952225916727806
19719,3.4476042952333805
19720,3.1364564207426686
19721,1.5914732971575265
19722,2.5327709608958764
19723,2.834726347328163
19724,4.615267294805163
19725,4.813411418646153
19726,4.960379284013532
19727,5.0035226717406855
19728,4.77433123293795
19729,4.138520647739144
19730,2.922598599708768
19731,2.572479861525442
19732,1.9122207072957755
19733,3.7664747124908553
19734,4.020387551477367
19735,4.525362479779998
19736,4.655124552566178
19737,3.1718393243221987
19738,0.8648202309938161
19739,0.4955072477697573
19740,2.189584245173137
19741,4.934702836546977
19742,4.971831933953541
19743,5.031316227495512
19744,5.18466438590962
19745,4.2673304456983185
19746,3.400055888486922
19747,2.8780575916295583
19748,0.994494144775534
19749,0.9628088748289632
19750,4.070190432414862
19751,5.376924158456946
19752,4.7267498095710145
19753,4.773641403166271
19754,5.080810213660515
19755,5.032622354975676
19756,4.183400395426126
19757,1.8298592008993368
19758,1.1109364499984955
19759,0.8514261604456775
19760,3.553130127774822
19761,4.516417188074168
19762,5.093373840104925
19763,5.171286657659886
19764,5.031634738513898
19765,5.068670028543468
19766,4.347747149566414
19767,2.9104099918670325
19768,2.490291533591548
19769,1.7413548578012268
19770,4.456620741796318
19771,5.072213105822539
19772,5.155971031252738
19773,5.202862624847994
19774,5.319569574560479
19775,5.508435636251816
19776,4.401931327934468
19777,2.601112116294652
19778,2.021572596048819
19779,1.0241829851745665
19780,0.9679897446958514
19781,1.3434232343712649
19782,4.4925571843468095
19783,4.8587376671666185
19784,5.18443057585204
19785,5.536916097897456
19786,5.375181143219676
19787,3.621190637493442
19788,1.869269184702746
19789,1.547011828584488
19790,1.4815878389746053
19791,1.4803794207598042
19792,2.2989195720581748
19793,2.5087867345424293
19794,4.977286322821199
19795,4.884594863303796
19796,2.9841939947105036
19797,2.536063734631789
19798,4.412810127962386
19799,5.091681652203146
19800,5.221443724989326
19801,5.221443724989326
19802,5.361671604285166
19803,4.829598085110232
19804,3.9342111544378997
19805,1.9561793455816532
19806,0.8635867623276534
19807,1.3651943287169674
19808,2.6011794818399636
19809,5.14509581852606
19810,5.061152134544259
19811,5.058326478753153
19812,4.310090863865292
19813,3.4430153302503763
19814,2.73854175819199
19815,1.0160757657519703
19816,0.8322663647012284
19817,1.2886768701846458
19818,2.524662023307641
19819,4.789562913418518
19820,5.116954406248096
19821,5.319820344219599
19822,5.241866226221078
19823,3.5638123205227883
19824,3.091035142973508
19825,0.8322503795648254
19826,4.562073494169404
19827,5.048328436897122
19828,5.416751828419802
19829,5.524017821101542
19830,5.312753338077854
19831,2.2181483200906866
19832,0.6581201572425246
19833,1.0233165380383573
19834,2.2593016911613546
19835,4.362899776673567
19836,5.133563311000914
19837,5.536887755598693
19838,1.661095447759718
19839,1.143451384134099
19840,1.1357630418251483
19841,2.332756240832663
19842,3.328550168981397
19843,4.067139952911009
19844,5.100901591784177
19845,4.957142719074915
19846,5.143190175791347
19847,5.245125657595461
19848,5.269591861129632
19849,3.1503184693425657
19850,2.612831419037454
19851,1.4086385661055774
19852,1.4059622686782964
19853,2.546756203450136
19854,4.410417289972363
19855,5.073905670105169
19856,5.117719087928768
19857,5.230998284626954
19858,5.230998284626954
19859,5.344152447601427
19860,5.101730786951975
19861,3.145139441531031
19862,2.152962850436493
19863,1.3434263931310026
19864,1.9615506079545104
19865,4.320137356362357
19866,5.339089291329789
19867,2.459826977552565
19868,0.7689485388661554
19869,0.7251276403053677
19870,2.4843160077318447
19871,3.612197745728358
19872,4.844739122482116
19873,4.88186821988868
19874,4.9662665231215755
19875,5.003301813151145
19876,5.316198566234015
19877,5.342726392791934
19878,5.269319542155045
19879,4.297326124725986
19880,1.7188862500285431
19881,2.040518182204611
19882,2.881679225405412
19883,4.140721631624954
19884,5.503355022025974
19885,5.354469601750697
19886,5.428955975266261
19887,4.963823743745139
19888,4.101898954575835
19889,2.4191960275856537
19890,2.3682614878516985
19891,2.8457665820710054
19892,5.262885718095407
19893,5.353381379557202
19894,5.563571545672507
19895,5.86213191882278
19896,4.4589208363867145
19897,2.099328085545026
19898,2.6672462959754233
19899,5.448866753099475
19900,5.448866753099475
19901,5.953331269202333
19902,1.5081894160640894
19903,4.169991654865882
19904,5.426455640316224
19905,5.438965561107253
19906,6.115383359949039
19907,4.74930258290346
19908,3.6946481149457386
19909,3.2313557785015647
19910,2.144878582411125
19911,2.0089501308723765
19912,2.9144779838750976
19913,4.756288034441033
19914,4.626999803722032
19915,4.787439833395842
19916,5.964581394677273
19917,6.164977629502165
19918,5.064985089259242
19919,4.678057085485341
19920,1.620441112236401
19921,1.620441112236401
19922,2.9002033595606727
19923,5.079049362563619
19924,5.511858014275924
19925,4.952862859124062
19926,4.919373793412388
19927,4.0574490042430815
19928,2.3109961366575793
19929,5.269550366262596
19930,5.411378723693072
19931,5.334141633481685
19932,5.550693453218481
19933,6.04679624094476
19934,6.249459557943922
19935,4.052102002494999
19936,1.623469940802386
19937,2.773988328163968
19938,5.40839248688232
19939,5.860108104736039
19940,6.21005975737111
19941,4.819282627047301
19942,1.9843828138258452
19943,1.97884120565201
19944,2.8504785988722405
19945,3.1915642901058012
19946,3.6924234508466682
19947,5.049248853463733
19948,5.718618227983525
19949,5.718618227983525
19950,6.0440641227997105
19951,3.9864779726687742
19952,2.308382173731402
19953,2.5596115487933018
19954,3.2847462459910246
19955,4.844348118593073
19956,5.022286285870279
19957,5.395079617718419
19958,5.6449345315050445
19959,5.891405675177293
19960,5.515448566755766
19961,4.1646313305826945
19962,1.1994550516771239
19963,4.011405786354224
19964,5.111516291523076
19965,5.432093196352987
19966,5.432093196352987
19967,5.097393079309423
19968,4.067635895711224
19969,2.9838170572848863
19970,3.948384027066858
19971,4.91637886399103
19972,5.2401093752253205
19973,5.400549404899131
19974,6.169140983701399
19975,2.7154015642048908
19976,5.458583485077398
19977,5.558580152213513
19978,5.62468699778725
19979,1.7538485325163045
19980,1.3052213040169822
19981,1.09197046506102
19982,1.5278691518774836
19983,5.401121025138415
19984,5.118626989467655
19985,5.037263962496797
19986,5.195403991100051
19987,6.067371111842037
19988,5.566845920252787
19989,1.5367653640823127
19990,1.2499644148624258
19991,1.612570043995703
19992,4.167909014252466
19993,5.006437228982541
19994,5.309694083705714
19995,5.467834112308967
19996,5.565993926291796
19997,6.212233668192944
19998,6.020708549448746
19999,5.572541170425024
20000,4.231744414870905
20001,6.034153423833988
20002,5.363246091606233
20003,3.892501187301134
20004,2.7272217064813273
20005,2.3245582700594376
20006,2.585975009248441
20007,4.504436405843959
20008,4.88052247027518
20009,5.133235531611883
20010,5.25331580212332
20011,5.2052795856778395
20012,5.437437589193217
20013,5.324133210416757
20014,4.967692518297247
20015,2.8994327502728923
20016,1.8495023450411106
20017,2.729655342357391
20018,3.9996915013881766
20019,5.806252169660069
20020,5.245860333611982
20021,5.162874464963398
20022,5.574094158094768
20023,5.574094158094768
20024,5.80756794719048
20025,6.1486094472080275
20026,5.921964865765621
20027,5.367915799427329
20028,4.497320419418922
20029,3.3975437554174284
20030,4.339548492485162
20031,5.260643926894295
20032,5.211521473546521
20033,5.307208353361139
20034,6.068707052595626
20035,5.363811590399493
20036,4.450954289200037
20037,1.0774919697997423
20038,1.340704088640422
20039,4.156553402935761
20040,5.4606406536013194
20041,6.00538162485297
20042,6.1908871380415835
20043,5.942196122766171
20044,3.5747112621836776
20045,2.455093334682198
20046,5.319313376700398
20047,5.270190923352625
20048,5.436645243347025
20049,5.3142838592920265
20050,5.174557825915057
20051,1.6727641855930655
20052,5.033929306826179
20053,5.180897172193559
20054,5.347351492187959
20055,3.490447198886238
20056,2.3796007109246125
20057,2.0697935154615945
20058,1.9292457394679368
20059,3.9495983969860338
20060,3.818286489333059
20061,4.044359793744087
20062,4.7645260823419635
20063,4.929849365550518
20064,5.748069691370511
20065,5.3725317759249736
20066,3.8868882739054493
20067,2.702851424140773
20068,4.38764905049434
20069,5.155220724727004
20070,5.334223119397645
20071,5.346733040188674
20072,6.0842868596917565
20073,5.955837430064792
20074,1.50481033624788
20075,4.477058997816352
20076,4.341293523545788
20077,4.462580271657708
20078,4.997343152558648
20079,5.578117642651498
20080,4.228353383255085
20081,5.320050384568732
20082,5.437382251215358
20083,5.662354932545455
20084,6.086780109377787
20085,5.200309584801633
20086,4.258191256264552
20087,0.8697283857517568
20088,5.071271776273975
20089,5.546641872333801
20090,5.987619951933808
20091,6.192457179754804
20092,4.300522755419226
20093,1.62920057263238
20094,5.524372757783743
20095,5.546738982140458
20096,5.750618209843008
20097,5.957881216949006
20098,5.99065494799262
20099,5.856123730899233
20100,5.253806697666225
20101,4.092285083344247
20102,2.0433180007495393
20103,2.3984026541708263
20104,2.907077193187819
20105,4.432330405037731
20106,5.187011038736727
20107,5.186503234103858
20108,5.186503234103858
20109,5.806921320048299
20110,4.1138894593748585
20111,1.2918319802184994
20112,5.5984412087456175
20113,5.805707398217033
20114,5.8580694454381215
20115,2.5924529501275786
20116,0.8201219045091901
20117,1.3158183610280083
20118,2.505328702505074
20119,5.546481715084074
20120,5.7253422725803915
20121,5.985495388946789
20122,5.828337499890532
20123,3.623799773538965
20124,1.2748199347969638
20125,2.4375273576562075
20126,5.003768228335303
20127,5.081547623293962
20128,5.440673587894167
20129,5.646008637233046
20130,5.842967141680899
20131,3.9861985294584614
20132,3.0733635980641454
20133,2.5785564799378475
20134,1.454138441490419
20135,3.5437016784054283
20136,5.386328898622208
20137,5.554964093118353
20138,5.861023295716796
20139,2.3506578259110182
20140,4.055519299349874
20141,5.28437296909784
20142,5.398248929081442
20143,5.524234152081976
20144,6.130716039012853
20145,3.8712031312259665
20146,0.862610062246308
20147,3.9731014130320372
20148,3.9706652217189653
20149,5.491554437437032
20150,5.907177960412404
20151,5.30709749671191
20152,3.2867671962308824
20153,1.9347773540394104
20154,1.4600657040191136
20155,5.450754736111542
20156,5.988546575909846
20157,5.860700796487754
20158,3.7541007729158844
20159,3.408249567974134
20160,2.6568683003537714
20161,1.0664109233462804
20162,3.6032181993126313
20163,4.42589009911803
20164,5.824631073973223
20165,5.401412139377464
20166,1.607324079698174
20167,0.6634172079912378
20168,0.7191444959852701
20169,4.411835933891073
20170,5.196164902591368
20171,5.811827742763926
20172,3.377050767069271
20173,5.262501655271861
20174,5.101883660454405
20175,5.101883660454405
20176,5.380452905525178
20177,5.798473821713501
20178,5.816534502812882
20179,5.659225921530439
20180,4.788967221292024
20181,2.264487899088888
20182,4.81172712734482
20183,5.519835699551602
20184,5.71932710074155
20185,5.904371091665868
20186,6.043663204159446
20187,4.564960983780546
20188,4.017701137615778
20189,3.233851855514405
20190,2.4048869959639014
20191,3.2151053106996708
20192,4.822298715433305
20193,5.209093125145433
20194,5.676784364869045
20195,5.891468332217482
20196,5.9438303794385705
20197,5.764730697739634
20198,1.8710228696147995
20199,5.886886900120363
20200,4.573220914534029
20201,1.7495855056256078
20202,5.044251060068293
20203,4.595817317797263
20204,3.799484285897051
20205,1.983545581608331
20206,4.890915486720756
20207,5.123764012890227
20208,5.19516315393007
20209,4.935103141610104
20210,1.8227618685145115
20211,1.8144475771233655
20212,3.067664550495674
20213,5.582558563518647
20214,5.635654006136212
20215,1.9037068240847532
20216,1.2608643116691094
20217,3.9223719241163377
20218,5.553249705634705
20219,5.355144096775076
20220,5.537697327198475
20221,5.603804172772212
20222,5.603804172772212
20223,6.067371111842037
20224,4.663970545325248
20225,4.098348775623291
20226,3.3223989350470484
20227,2.09668201998682
20228,5.2250084313326
20229,5.367850359940507
20230,5.901233613391786
20231,5.76949304351603
20232,5.312372497727611
20233,4.751476000152929
20234,2.2293776857877736
20235,5.435870627079469
20236,5.6449345315050445
20237,5.839043627956205
20238,5.900906564941056
20239,5.672659989502557
20240,5.058328020967347
20241,3.9991600377106673
20242,3.4213167309113546
20243,0.9962567197694043
20244,1.0626857117499624
20245,1.4932691865618575
20246,2.6760417828012173
20247,5.117868882074014
20248,5.19700699445035
20249,5.414290980095852
20250,5.721818045413678
20251,1.6874286974442163
20252,1.3317426603024451
20253,1.2353072138966146
20254,1.694502729206968
20255,5.5184041157851444
20256,5.310869221885145
20257,5.512508989963334
20258,5.512508989963334
20259,5.349226459300952
20260,4.537962421827613
20261,4.260490314882096
20262,3.421830063326927
20263,1.2611031607430447
20264,1.0978341560395586
20265,5.381806483445002
20266,5.62468699778725
20267,6.217609724579922
20268,5.976820696202714
20269,5.534996086888786
20270,4.603361631330777
20271,4.4418247693217285
20272,3.696562370997338
20273,4.570334679410462
20274,5.550693453218481
20275,5.635654006136212
20276,6.272208339663033
20277,4.7050380906865925
20278,2.0935014168451067
20279,2.8626604849250765
20280,5.486281105482521
20281,5.362942473812958
20282,5.565993926291796
20283,5.839533233838762
20284,4.8221394481607955
20285,4.101205596736786
20286,3.105303662152215
20287,3.0104506881662765
20288,5.069627937362758
20289,5.37060989457392
20290,5.576259717574752
20291,5.750868979987789
20292,5.936621843670133
20293,5.952107207270408
20294,5.820366637394652
20295,4.547803149351047
20296,3.567065261154679
20297,2.900507440989676
20298,4.988397877311526
20299,3.3584593634640396
20300,1.5001198924073538
20301,4.887201572636336
20302,5.29414423918769
20303,4.648366093391078
20304,4.652867713090098
20305,5.567335896956212
20306,5.795832356784889
20307,5.9825913242935265
20308,4.349481964489371
20309,3.872999616067775
20310,3.1199828783196795
20311,2.5836286033906406
20312,1.0970717551603086
20313,1.0499273574159025
20314,1.4935100023571835
20315,5.32920908584482
20316,6.029118922673704
20317,1.359939845466627
20318,1.2529576962888604
20319,1.6780060047514795
20320,2.876509818145384
20321,5.377975793540921
20322,5.329574577717854
20323,5.329574577717854
20324,4.101302975873453
20325,3.4167477583298163
20326,2.6126555925983346
20327,0.8671631748962353
20328,2.530214430117487
20329,5.383863651968924
20330,5.4965976544894986
20331,5.518963878846214
20332,6.160207786954322
20333,5.375704389444429
20334,4.37663507175694
20335,1.5763537661080107
20336,1.3314628123796752
20337,4.496589386268849
20338,5.140041353965952
20339,5.336650083648742
20340,5.336650083648742
20341,5.602761168709594
20342,5.326250342914406
20343,5.1857907339713805
20344,4.64903487265597
20345,4.043383599343907
20346,2.6523996214901797
20347,2.02211540590104
20348,1.636860618814888
20349,2.8905046306585715
20350,5.569417884413523
20351,5.114991299354498
20352,5.255102303078052
20353,4.595275733676795
20354,3.9264696179558545
20355,3.8511460457576128
20356,3.1855689393479665
20357,2.259479602473464
20358,2.28286707720058
20359,2.517026403747446
20360,4.1252867826936335
20361,5.744341825935224
20362,5.576685721926541
20363,4.755182769635045
20364,3.643731540875063
20365,1.075853877380852
20366,0.8201219045091901
20367,0.9449928438627169
20368,2.12543107321583
20369,3.5521002100480943
20370,5.1978659345232145
20371,5.315660754400814
20372,5.346733040188674
20373,5.617089321384308
20374,5.779498275431334
20375,4.121149804999372
20376,3.7898059200668017
20377,2.328033705827909
20378,0.9481096168254098
20379,1.3568636579569586
20380,2.5098692187979617
20381,3.996790593064399
20382,4.974976928201933
20383,4.997343152558648
20384,5.721485475599785
20385,5.683250182576654
20386,2.470760817567746
20387,1.3609645053600334
20388,1.3751074987938803
20389,2.5537198483543846
20390,3.5178895110155355
20391,5.13129170864323
20392,5.2709279312209585
20393,6.030054748565432
20394,3.8712031312259665
20395,3.128803692377021
20396,2.1670988946177174
20397,0.9248449597880845
20398,4.312684378535735
20399,4.957395816290373
20400,5.546641872333801
20401,5.78035694482781
20402,6.048677590439789
20403,3.913534630380641
20404,0.953290486692298
20405,2.4445656540438883
20406,3.4610614802881785
20407,4.359628953426145
20408,5.122483372113439
20409,4.996576627414164
20410,3.2325170524656706
20411,2.73711578363992
20412,1.6566610453529382
20413,1.6263373145183857
20414,2.507699244553861
20415,5.040043173369347
20416,5.3534653587311265
20417,5.975686007581062
20418,5.998114825278401
20419,5.654633942505793
20420,3.9301638718226624
20421,3.194797911875111
20422,2.7867445226237875
20423,2.132402021933837
20424,1.3777840909157626
20425,1.9147090042758235
20426,4.259532158571341
20427,4.813185391231149
20428,5.389377304320042
20429,5.5984412087456175
20430,5.387144950054756
20431,3.7764897998922544
20432,3.4159644748322413
20433,1.075853877380852
20434,0.8488875043241001
20435,3.4866309504116932
20436,5.163384013141324
20437,5.323824042815135
20438,5.361233370655286
20439,5.373743291446315
20440,5.373743291446315
20441,5.933470039815688
20442,2.8118252063072204
20443,2.0259692625638097
20444,0.9204225713527359
20445,0.8262832203811309
20446,4.39651298477531
20447,4.921107593620151
20448,5.506780433467904
20449,5.9179369431602975
20450,1.080778272858158
20451,2.523678380093129
20452,5.073429567570954
20453,5.272452938638606
20454,5.219204548531362
20455,5.554964093118353
20456,5.733929734033442
20457,5.881352220156985
20458,5.957522918387697
20459,3.095231175581798
20460,2.1721670255099212
20461,4.266425045481527
20462,5.524234152081976
20463,5.894222154654136
20464,1.2619544187532594
20465,0.7896384169027575
20466,1.0951031878196449
20467,3.241415503329964
20468,5.092677065561004
20469,5.425447591863295
20470,5.491554437437032
20471,6.088459417326546
20472,4.379532748989872
20473,2.601043196720755
20474,2.255316502543743
20475,2.9537627757789826
20476,4.479015987628893
20477,5.140788457412788
20478,5.283630386020696
20479,5.639449125933553
20480,5.690347848227791
20481,2.3720673983966782
20482,1.8701994389445378
20483,1.503186537424489
20484,1.6892879474036044
20485,4.694022306540851
20486,4.8147726071487345
20487,5.589190581514048
20488,5.820903208537936
20489,5.57332622928754
20490,3.5917058404644475
20491,3.3681346820172218
20492,2.3971813420804113
20493,3.5250630800769245
20494,4.330714124031787
20495,5.306208705053279
20496,5.3187186258443075
20497,6.040324202592602
20498,5.93263866155553
20499,5.722854701527645
20500,5.180459756830017
20501,1.7181440607864833
20502,5.036725758089826
20503,5.035776814880668
20504,5.6523681090977
20505,5.28269852071654
20506,3.5766118972444354
20507,2.6777998493076645
20508,2.9457062575075907
20509,3.327900631397897
20510,5.71932710074155
20511,6.001902671829724
20512,6.044177915507485
20513,5.363246091606233
20514,2.5889060638055117
20515,2.325882508020273
20516,2.862627390056598
20517,5.337100773979184
20518,5.676784364869045
20519,5.557213848183895
20520,5.058328020967347
20521,4.370734028817609
20522,4.175213500430318
20523,3.599544104452836
20524,3.1709696820987365
20525,1.5943926910465624
20526,1.9931036039716248
20527,2.968658622280039
20528,5.02766794995485
20529,5.502293329635111
20530,5.336775457302238
20531,5.266015610642413
20532,5.426455640316224
20533,5.438965561107253
20534,5.64818582164159
20535,6.093660039700821
20536,5.844238094069358
20537,5.390695595080987
20538,1.606092162984996
20539,3.9664147084834007
20540,4.837656574910916
20541,5.167010303083356
20542,5.233117148657093
20543,5.233117148657093
20544,5.707782369246965
20545,5.6325770450006365
20546,5.453230379747584
20547,3.3202906496457842
20548,1.9570717954943075
20549,4.15972212189365
20550,5.54038633103366
20551,4.709174814113596
20552,4.828161561154959
20553,5.19516315393007
20554,5.207018345182625
20555,5.353071804645935
20556,6.078869016658081
20557,5.8883854150898225
20558,3.655622002215473
20559,2.1507748395102673
20560,4.322660718008191
20561,5.500595953476084
20562,5.635654006136212
20563,5.839533233838762
20564,6.251633468765756
20565,6.008670529566714
20566,5.566845920252787
20567,4.742153214226739
20568,4.5806163522176915
20569,2.95139727031395
20570,1.4247993833981039
20571,4.818199248025065
20572,5.51328412537833
20573,6.232808539090221
20574,6.002445749279718
20575,5.56062113996579
20576,2.5771740684848536
20577,5.525990388543761
20578,5.562862672914481
20579,5.904772010306132
20580,6.002303590469988
20581,4.740431063890825
20582,3.695407688019354
20583,2.910363034628969
20584,2.385720821422452
20585,2.9016004482855533
20586,5.274999347206982
20587,2.025856131523867
20588,4.801738279204592
20589,5.271956321196886
20590,5.57778875743302
20591,5.851737885858877
20592,6.080234345687553
20593,5.4856383697977655
20594,4.124462989701478
20595,3.4853661155902818
20596,2.61757655006284
20597,5.490142765606619
20598,5.711945723446199
20599,5.968744748876507
20600,6.119402255376924
20601,5.909618295349039
20602,2.9158575055547407
20603,1.638074011541518
20604,1.5256592896947634
20605,3.8961700691620273
20606,4.8174298076945075
20607,5.450141572948385
20608,5.300443456474144
20609,5.846546692858151
20610,6.053809699964149
20611,6.258646927785145
20612,3.5124904276674616
20613,3.073374499975989
20614,2.7173794933545476
20615,5.635654006136212
20616,5.860108104736039
20617,6.249459557943922
20618,6.008670529566714
20619,4.543501228677545
20620,4.021271200872989
20621,3.111623675123637
20622,5.499887080718059
20623,6.04679624094476
20624,6.178017130731189
20625,4.666827366438743
20626,2.343201004854771
20627,1.9032318333442582
20628,1.7330833263872607
20629,1.7311599758523946
20630,2.526410774377023
20631,2.656146604482417
20632,5.212469865970666
20633,5.750868979987789
20634,6.075913956163711
20635,4.646454278523184
20636,2.0167669074021193
20637,1.9573212472796904
20638,2.3970940049504823
20639,4.77933397288595
20640,4.988397877311526
20641,5.123513391937311
20642,5.230231567233129
20643,4.033453983125075
20644,3.9363026702633515
20645,1.7767500709755903
20646,1.4785258282047047
20647,4.617214294436269
20648,4.487926063717268
20649,4.6274852892894
20650,4.652867713090098
20651,5.263982622010916
20652,1.4527577923020798
20653,2.6830203438342477
20654,3.711369793912633
20655,4.542766219330681
20656,5.282437939289138
20657,5.442877968962948
20658,5.502695017054925
20659,6.2295151574985965
20660,4.219848312473405
20661,2.909476895040683
20662,1.7452249876562462
20663,3.5046672686719558
20664,4.814961731962826
20665,5.549069908993159
20666,5.758702673233965
20667,5.975864842960299
20668,5.972207429924725
20669,1.526119198299065
20670,3.3676834021761484
20671,4.326591436493659
20672,5.302500624998066
20673,5.518963878846214
20674,5.798118617746972
20675,4.578520562212354
20676,2.877898345435872
20677,1.062293629599313
20678,1.0420315109696683
20679,3.570379777555278
20680,5.386632508505124
20681,4.067172549484156
20682,3.205230607783747
20683,1.6395369162421687
20684,2.531683470907308
20685,3.298165446171036
20686,4.755639975083671
20687,5.457402950561502
20688,5.569417884413523
20689,5.215531310449767
20690,4.43705996428465
20691,3.1597762831061598
20692,1.9452871616788465
20693,4.929849365550518
20694,5.691979778714135
20695,2.1246028165632245
20696,0.5125055971437866
20697,5.068344325514821
20698,5.85579039986308
20699,5.165463352523883
20700,2.775856955242006
20701,1.1504129728036518
20702,4.884200419294582
20703,5.348969495409157
20704,5.240154734010458
20705,5.466517384977751
20706,4.958003913451821
20707,3.8288620256009693
20708,3.0333956862362803
20709,0.9769680368679571
20710,0.9831311360385887
20711,4.444099119729106
20712,5.371576920445602
20713,5.3840868412366305
20714,5.3840868412366305
20715,5.8696179396514525
20716,5.862348511186229
20717,1.2064528493918372
20718,1.3112805525929323
20719,2.5007908940699974
20720,3.416430024848494
20721,4.975738374630499
20722,4.904147426183129
20723,5.480535026760064
20724,5.880971353060587
20725,5.254493763169687
20726,3.1711351915316954
20727,2.6406120575976204
20728,1.115140436123682
20729,1.2940472666823057
20730,4.947454174066391
20731,5.113908494060791
20732,5.546738982140458
20733,6.103986929564807
20734,4.325282605224661
20735,1.632631869584636
20736,5.074488300251836
20737,5.878154427417206
20738,5.0372849362158645
20739,1.7067847735841528
20740,2.1797930878298284
20741,2.5436923583266764
20742,4.545053183808328
20743,4.933935691839032
20744,5.861797310873409
20745,5.5912988960563235
20746,4.769795943764827
20747,2.1246028165632245
20748,4.407892680574533
20749,5.12410188653912
20750,5.206029222937535
20751,5.208223770690856
20752,4.137618933672559
20753,1.2480170161791424
20754,3.4511414023217064
20755,5.150351771216404
20756,5.506780433467904
20757,6.075020033043512
20758,6.094276097793755
20759,5.297823213960622
20760,4.2683212950829486
20761,0.8969592515968131
20762,1.3341680386160641
20763,4.439956032092669
20764,5.488857247544616
20765,6.117846104515702
20766,5.252627456191564
20767,3.5629983889461836
20768,2.0457689062789592
20769,1.0475387288854723
20770,0.7228290292745121
20771,0.6315131003011265
20772,0.982656684032854
20773,3.296124621566238
20774,5.231124578990595
20775,5.458127306508239
20776,5.713354863136165
20777,6.00981455087302
20778,5.9133149282021185
20779,5.304919088676886
20780,4.258191256264552
20781,3.128803692377021
20782,2.080661781234339
20783,2.2456215751812296
20784,5.188770948799311
20785,5.25980141565185
20786,5.71049804202267
20787,5.891365333540641
20788,5.843853358027318
20789,4.1465352271094575
20790,1.5854261337314357
20791,1.4627420014463945
20792,2.554384827145024
20793,5.48369357086451
20794,5.639449125933553
20795,5.855027487744743
20796,5.952559067908599
20797,5.074969406630639
20798,1.1523630340435436
20799,1.9691792316493972
20800,2.1444297595621884
20801,5.380126677088472
20802,5.589190581514048
20803,5.768541161316847
20804,4.784063133087535
20805,2.544623157312559
20806,0.9191491808628989
20807,1.1802383320912344
20808,5.161231000763772
20809,5.035724872917558
20810,5.3187186258443075
20811,5.537878614338069
20812,3.5362657418063907
20813,0.8349621123076756
20814,4.069659775425601
20815,3.4505029835585375
20816,3.2450215472647694
20817,3.721225257807194
20818,3.653367540887415
20819,2.7588076496973795
20820,2.5739276488057525
20821,1.352924839705505
20822,1.0934705279898564
20823,1.5194543968518823
20824,1.6985439720939377
20825,2.2126850994975964
20826,2.7256632157549845
20827,3.47318538638754
20828,3.4902062295552714
20829,3.5542500305787006
20830,2.1924121048073406
20831,1.1129130826770752
20832,1.865507900415079
20833,3.315044415007842
20834,3.4360735215722173
20835,3.730009390389548
20836,3.09530702300357
20837,0.7201319383391576
20838,0.9181744238931543
20839,1.7894800828506803
20840,4.209282570776351
20841,3.663538238727494
20842,3.5907244515403214
20843,3.5115131237212722
20844,3.8567507007436848
20845,4.115663267845653
20846,3.9135833901297503
20847,3.281219308315553
20848,3.460509421442396
20849,3.823844945416344
20850,3.6643415206240904
20851,3.4297509518696323
20852,2.3093434641629194
20853,0.8107274030546847
20854,0.8107274030546847
20855,3.5365429196215366
20856,3.278541757494687
20857,3.313370853830696
20858,3.2739262323196416
20859,3.1111198572098977
20860,3.8023810479144413
20861,3.4589243346342515
20862,1.5159768367872677
20863,1.06371817381189
20864,0.7181844545827363
20865,3.2643943324334006
20866,3.7262021384369377
20867,3.602384928493739
20868,3.6906958208734992
20869,3.485214384579731
20870,3.896860013194854
20871,3.5879383968962753
20872,1.0090797510711025
20873,2.8818824408609838
20874,4.143711212052035
20875,3.564396475164825
20876,3.625032227960957
20877,4.051759228137726
20878,2.8596853515064646
20879,2.058329244609435
20880,2.089789912706241
20881,1.0986678860719206
20882,0.6817690920268902
20883,0.6473603302137242
20884,1.7638579036755562
20885,2.3966638179297766
20886,2.836237765640016
20887,3.220468563449764
20888,3.390333534599607
20889,3.5692348731637735
20890,3.7441456297769773
20891,3.4271574167912022
20892,3.1221042336991762
20893,2.4338239312014913
20894,1.7317874957758883
20895,1.269566031924006
20896,1.0778184325354914
20897,1.2386539924564535
20898,1.9435400861108596
20899,2.729936004516725
20900,3.4750684606971456
20901,3.692885676081676
20902,3.7088699015714934
20903,2.607792692826525
20904,1.306951401284376
20905,0.28508762229433315
20906,3.063090905456609
20907,3.967769750708528
20908,3.3984191225761853
20909,3.1929376862824173
20910,3.392761327174689
20911,3.7732469541441858
20912,4.065474706889817
20913,3.6624250024792415
20914,3.317804836968301
20915,2.5970453316783804
20916,2.1977444317941073
20917,0.3472496124770512
20918,0.5585753019097434
20919,2.8827390317076844
20920,4.184529593561682
20921,3.3379239002305754
20922,0.31626277366317285
20923,0.05138733105367923
20924,1.5828664003019717
20925,4.116789021971419
20926,3.6033986875950794
20927,3.715505942404208
20928,3.6156288058883783
20929,2.1468337605498626
20930,0.04875929202071677
20931,2.7825069064210486
20932,4.183675557470671
20933,3.474566414086867
20934,3.6906958208734992
20935,3.913488509183288
20936,1.8708260073238525
20937,1.9406707061706034
20938,0.7765983310063496
20939,0.4226140491675519
20940,0.2524332130183576
20941,3.091783788354774
20942,3.5202386020676713
20943,2.0887221354610954
20944,2.9489531742589543
20945,3.578145817955241
20946,3.7530565745684448
20947,2.772866759327723
20948,2.3556845197395964
20949,1.5942252836932838
20950,2.4581429173180394
20951,2.9355397919254376
20952,2.9355397919254376
20953,3.079414739056574
20954,2.8789882332071257
20955,2.668226681788006
20956,1.7322705481794172
20957,3.0500001447878855
20958,3.2747217243677107
20959,3.645121059294258
20960,3.6183274550402307
20961,2.089135924947593
20962,0.08267919087101686
20963,0.49230854532151813
20964,3.906107837967725
20965,3.3526777500836364
20966,2.482934822669238
20967,1.5739166132687352
20968,0.43886503765465734
20969,2.5935789533637568
20970,3.626715494863077
20971,3.363114725305273
20972,3.118755170644336
20973,3.217633473237766
20974,3.3179054997028183
20975,2.4050827850824166
20976,1.5576616845254503
20977,0.31079229362214744
20978,1.396053275748324
20979,3.5209146568297514
20980,3.794711511019197
20981,3.7166251414115705
20982,3.3310564415666795
20983,2.4601378331497683
20984,2.12199269143144
20985,0.39361558407106406
20986,1.3699218120086418
20987,3.0949107793650135
20988,3.016353654045038
20989,3.3003325346678785
20990,1.9299543928421394
20991,0.4766165922832098
20992,0.43998700436514887
20993,1.2832886311002902
20994,2.906546552686415
20995,3.1099998327152174
20996,3.262801612163481
20997,2.7603882810860827
20998,2.861222360126322
20999,2.1534608868805414
21000,1.6968876673146145
21001,1.6736187647902094
21002,1.1948781785804639
21003,0.8818048924003556
21004,1.2432055975569316
21005,2.168251923991792
21006,2.335785028521244
21007,2.8417727776385484
21008,3.2712858184876974
21009,2.955064058845276
21010,2.02665517252286
21011,1.6964354588133808
21012,1.2673086571410352
21013,-0.10253005867542157
21014,3.3076420360550802
21015,3.4139537322892037
21016,3.2084722959954357
21017,3.675048212200781
21018,1.8268646675577866
21019,0.19456374773072038
21020,2.960490232209294
21021,4.1465190170316575
21022,2.906876493344258
21023,2.944005590750823
21024,3.286816759756907
21025,3.0934303194316914
21026,1.087984654812774
21027,0.594931229062336
21028,-0.03954629166791638
21029,-0.03338319249728475
21030,1.4622471058510953
21031,3.5131727366515784
21032,3.387789793784116
21033,3.4309331815112705
21034,3.4362412487737246
21035,3.2307598124799566
21036,3.388931624394524
21037,3.924009924585159
21038,3.58393890237618
21039,3.2632595532850464
21040,1.9726902069975172
21041,0.5360644955302315
21042,1.4625779668953602
21043,3.6957080594807556
21044,3.3455830311686965
21045,3.3414577291913985
21046,3.3414577291913985
21047,3.4477009848294506
21048,3.9905785726546514
21049,2.3702573458519853
21050,2.015021706152191
21051,0.7182218642652045
21052,2.552811404927681
21053,3.451945575324908
21054,3.385405275182892
21055,3.5702061131438687
21056,3.38140645067583
21057,3.5410393275666223
21058,3.8153483946538698
21059,0.6099500896888239
21060,0.4093484138774809
21061,0.4434651597466664
21062,1.1288475653362477
21063,3.1269068715228854
21064,3.17005025925004
21065,3.2167317412803604
21066,3.5792986472673296
21067,1.1733823948656354
21068,0.6419474440447808
21069,2.75242435604784
21070,3.0770419781320864
21071,3.443001099220292
21072,3.0755133309668823
21073,-0.10253005867542157
21074,-0.04645583122841857
21075,2.5077748075943846
21076,3.4372009663753866
21077,3.177494886023379
21078,3.339221905755369
21079,1.1840907910729614
21080,0.9641909504925199
21081,0.10952036178690931
21082,1.3835286247107539
21083,2.5505522337921787
21084,3.2897258172184523
21085,3.2562098298662416
21086,3.5202143942953463
21087,3.6586650429253122
21088,3.3379856938341783
21089,2.4139628596895197
21090,1.9379538625528403
21091,1.4264642122733864
21092,2.6160226185487208
21093,3.454716004572009
21094,3.3767182523701624
21095,3.5911867984749564
21096,3.647339151968149
21097,0.7860683332714928
21098,0.36949393619148163
21099,3.6232662424794477
21100,3.261062347709876
21101,3.5920633055262217
21102,3.5925713430933968
21103,1.9726902069975172
21104,1.3909470386466543
21105,0.12345898879474693
21106,-0.11060687819713994
21107,1.2190888184500266
21108,3.3540718041265096
21109,3.485165890490546
21110,3.395745178771456
21111,1.2287498801991439
21112,0.7270974662974696
21113,0.36235412901886793
21114,1.5219320032853656
21115,2.053256705432678
21116,3.3552136691515195
21117,3.274274022140107
21118,3.4494448390630574
21119,1.3194560659552217
21120,0.6772207955941495
21121,0.3411496491746981
21122,1.2309421369098952
21123,3.086322238714473
21124,3.2891136499694835
21125,3.2891136499694835
21126,3.452681910143265
21127,3.1124435508610095
21128,0.6374595940020339
21129,-0.2249940868596325
21130,1.3814155447932561
21131,3.307823792497325
21132,3.3449528899038903
21133,3.9026713081571653
21134,3.5395773278380442
21135,1.6537457364139734
21136,1.0042118386012973
21137,1.142941771056225
21138,3.292477261389347
21139,4.332105176443175
21140,3.6657251830230733
21141,3.5563393897499944
21142,3.8148210377019423
21143,3.4021791368180603
21144,2.7140307339226726
21145,2.226641997102735
21146,1.5972941929780335
21147,3.3473523909926644
21148,3.4300419986603856
21149,3.516921232508444
21150,3.591571562897098
21151,3.2362129529961234
21152,2.772866759327723
21153,1.9351961270986127
21154,1.100217750861766
21155,0.7533049638643634
21156,1.1685399745711011
21157,1.3810832262586528
21158,2.6352405870222935
21159,3.2084891291951116
21160,3.2084891291951116
21161,3.7459936158793656
21162,1.5602184576301341
21163,4.063930891463934
21164,3.553595354133756
21165,3.5907244515403214
21166,3.519821250040613
21167,1.8317328901180405
21168,0.9806018018959498
21169,4.296111253127078
21170,3.438484194205504
21171,3.2329354739668132
21172,3.281219308315553
21173,4.067848243618289
21174,2.754998998176841
21175,2.6489396041428157
21176,1.536595885833707
21177,0.9863743002708749
21178,1.1594374097570335
21179,3.30441661880251
21180,3.2739262323196416
21181,3.6288416167100803
21182,0.7098701631915904
21183,1.0557629696013748
21184,1.8817132855074723
21185,3.485214384579731
21186,4.165428533932806
21187,2.3073978508881936
21188,1.957518661939059
21189,0.7024085097423987
21190,0.4445360771075477
21191,0.29896885246737265
21192,1.685805407330927
21193,3.6979303458168404
21194,3.678862053155638
21195,3.4900623906875996
21196,3.5216428569698945
21197,2.3882047550614063
21198,1.2576417663862054
21199,1.4674764980766772
21200,3.4891141955782308
21201,3.4891141955782308
21202,2.7449320540216333
21203,2.316220135150522
21204,1.6515430538674385
21205,1.1517367836276706
21206,2.939084357610462
21207,3.24828283360859
21208,3.290669011644023
21209,3.4484751142937844
21210,3.4750684606971456
21211,3.5631444524112403
21212,3.3392738837567584
21213,1.9750388374527292
21214,0.21127818862737704
21215,0.17404084817975674
21216,0.5498215725286739
21217,1.628344809417144
21218,3.299548550128181
21219,3.336677647534746
21220,1.6330856877519508
21221,0.6468255799986473
21222,0.0812187661655405
21223,4.121639518229112
21224,3.5300576321514616
21225,3.32883249343949
21226,3.975500581853985
21227,1.3327563132810367
21228,0.8766230924279985
21229,0.12538256010079038
21230,3.4754555408924097
21231,3.5102846372284184
21232,3.51002450611044
21233,3.929428311538016
21234,4.184805876172209
21235,3.45499881520988
21236,2.773378732848783
21237,0.9854594329015792
21238,0.4695785581874127
21239,3.9469091104547966
21240,3.485214384579731
21241,3.6156288058883783
21242,2.2530148317945353
21243,0.5810855516608548
21244,1.7388418214497041
21245,4.167617848827133
21246,3.4412580737750385
21247,3.452252144207183
21248,3.452252144207183
21249,3.5822355344997434
21250,1.0829460286614012
21251,0.6317459655641895
21252,0.5827254603013294
21253,1.5564558914108428
21254,3.1482805175282857
21255,3.1831096138642945
21256,3.525141061963135
21257,3.8003659185175422
21258,3.4547089608782757
21259,3.1496557777862497
21260,2.1887663171958844
21261,1.841310403663679
21262,1.4341962943006776
21263,0.758854575752929
21264,1.3718716391221994
21265,2.721386011868434
21266,1.697042279093949
21267,1.4459054132040672
21268,1.0607921344988787
21269,0.9319270209928214
21270,3.942530155790416
21271,3.2903108764557896
21272,3.2976481059490967
21273,0.0538605821200053
21274,1.577569527447694
21275,2.7800464337828314
21276,4.055308093616034
21277,3.4154617361839557
21278,3.5581591863774045
21279,3.5581507615368695
21280,4.077560139099529
21281,3.7123955400027824
21282,3.3414107641027
21283,0.19613107335405494
21284,1.7258509114021499
21285,3.690194628027632
21286,3.4062581130324276
21287,3.378461250996344
21288,3.6660306849937894
21289,3.5673782340856515
21290,2.102068041164317
21291,1.4651811936331225
21292,-0.1476691994722716
21293,2.4542190295380566
21294,3.138455952589439
21295,3.477512709416331
21296,3.5123418057523397
21297,3.5370058014446797
21298,3.277299721092672
21299,4.0106331314811055
21300,0.08230721848636424
21301,0.3274955358970203
21302,3.779002635161059
21303,3.403777949148353
21304,3.3258782060805485
21305,3.5160821484339273
21306,3.3049550956456635
21307,2.2611657008022394
21308,1.2111075543280647
21309,2.1618755722080545
21310,3.153143220442372
21311,3.1818619651520685
21312,2.9063421643739824
21313,1.3971024995444559
21314,1.034753220526607
21315,1.0316851669618574
21316,1.5681629914474333
21317,2.767433175167926
21318,2.5775974996274367
21319,0.016873073659119026
21320,1.1158933167183125
21321,2.6952789335402483
21322,3.818475706607264
21323,3.958034490870483
21324,3.4265477353709803
21325,3.2084722959954357
21326,3.9471517354065067
21327,3.2871264765890906
21328,2.3487108682687974
21329,1.2661538979702487
21330,0.844279659796756
21331,0.02625702152258394
21332,0.0107939467305301
21333,3.0271106794048994
21334,3.429291838373746
21335,3.6833044380980944
21336,3.460364379097585
21337,3.2739707324035296
21338,1.9514852512423049
21339,1.2913762675261597
21340,0.3767541906918556
21341,2.602641249681735
21342,3.9414244066328292
21343,3.2307598124799566
21344,3.6632406914817714
21345,0.14545878601715173
21346,-0.03028189158121299
21347,0.024834682455114544
21348,3.8339925402655637
21349,3.458399820793301
21350,3.301161810838055
21351,0.42574449875460657
21352,0.11443613316990688
21353,0.01791830854717887
21354,3.8764339026322987
21355,3.3422618874557375
21356,3.38140645067583
21357,3.908944174548619
21358,3.4450376301366323
21359,3.2166265902563325
21360,2.3291620976068064
21361,1.9151585060356084
21362,1.4817006362759213
21363,0.40830345104108556
21364,1.9831244102397287
21365,2.574880349804821
21366,3.143308433511444
21367,3.607276276584044
21368,2.8248456733452976
21369,0.7744286165045899
21370,1.606616406166184
21371,2.4903290339993394
21372,3.3563519384307505
21373,3.3563519384307505
21374,3.5434630854896807
21375,2.698046771749043
21376,0.016873073659119026
21377,0.36567227501251226
21378,3.789157288180308
21379,3.438597662300872
21380,3.319691962984972
21381,3.356821060391537
21382,3.177494886023379
21383,3.486612423688394
21384,2.394727491142851
21385,1.9272768358615218
21386,0.4792207872067353
21387,0.8836959407585766
21388,-0.05878636442122717
21389,1.9162085323377025
21390,3.77953666572033
21391,3.51319600202284
21392,3.456044023251191
21393,3.2450215472647694
21394,3.2375986547829734
21395,3.339811186259912
21396,3.7958743490350106
21397,1.1005613178776132
21398,1.1057040075303735
21399,1.153713393541943
21400,0.6279785767874194
21401,3.4902062295552714
21402,0.17430832632386312
21403,3.7291607871919044
21404,-0.07901403223157401
21405,3.776470131141002
21406,3.958190766661547
21407,1.894800285278755
21408,3.276680646364513
21409,1.0946216234789223
21410,1.4856923095163224
21411,1.255457183399884
21412,0.6343755766197741
21413,3.40200163492793
21414,-0.12712996343516042
21415,3.1818957827917504
21416,-0.2740849021419203
21417,3.6002681667191125
21418,0.04310539109902853
21419,3.4761364857755805
21420,2.423001429250962
21421,2.607792692826525
21422,3.460221733566684
21423,2.1606227742121638
21424,3.0777630293263716
21425,1.8091814126981811
21426,3.466636035031242
21427,1.1801294852008428
21428,3.5104494528548433
21429,0.5798306003080411
21430,3.5207684280618836
21431,0.45482254536497907
21432,3.261062347709876
21433,3.087717672236198
21434,2.4307936642403485
21435,3.3852430152465534
21436,1.2406223264490122
21437,3.3852430152465534
21438,0.5129530327769818
21439,2.8252911132158633
21440,2.368292311014688
21441,2.5892545653174226
21442,3.3664601210773144
21443,2.1964724186077995
21444,3.530451167909588
21445,1.4123603559046753
21446,3.2421415839642678
21447,0.7713993623465226
21448,3.2385407535994566
21449,0.7225074133865269
21450,1.961151795593164
21451,1.1298447884453409
21452,1.4964431844264132
21453,1.9555631713183752
21454,0.40764638751039955
21455,3.2238864650860366
21456,3.584865157113871
21457,3.883120227233068
21458,3.626401476734493
21459,3.2700645713733785
21460,2.897094618641387
21461,3.4867007446093212
21462,1.794272865333956
21463,1.9446039356731617
21464,0.9795858586344623
21465,1.9851557926300682
21466,0.053473201528640595
21467,4.468129252958081
21468,-0.05203773698982155
21469,4.20568385194051
21470,0.8945688008654719
21471,3.4794076686134097
21472,1.8925932210134848
21473,3.4549392588151915
21474,3.0432660305825934
21475,2.795890270615904
21476,3.316744947624362
21477,2.646397552082233
21478,3.462893111304606
21479,2.460739539316504
21480,0.0024412611591250574
21481,2.112648021245729
21482,-0.1375691914880178
21483,4.408231819155114
21484,2.6454389516521846
21485,4.154859882201197
21486,3.2466627118990936
21487,3.6455283162208936
21488,3.5095904098632285
21489,3.583060507545216
21490,3.185453173352483
21491,3.9817005369854135
21492,2.9063183145351785
21493,1.893958285010446
21494,0.6276211911098697
21495,4.015015610511983
21496,3.599225571500834
21497,3.4900623906875996
21498,3.9388317336105945
21499,3.8231366878481996
21500,0.7608410288369689
21501,3.355504438263598
21502,3.5158291985314034
21503,3.7914549737260748
21504,1.8855150549180824
21505,1.5024053460219868
21506,3.0087498477936965
21507,1.5637615879130184
21508,0.07857871800413486
21509,4.134882095181028
21510,3.461299742575144
21511,3.1929376862824173
21512,1.650598414728297
21513,0.17765421257137112
21514,1.7436402706367735
21515,3.4201147475577236
21516,3.457243844964289
21517,3.534313929733258
21518,3.32883249343949
21519,3.407652198240482
21520,3.73149728365204
21521,3.6920480547161363
21522,2.473622959237506
21523,2.0861808297853837
21524,1.5793418381848976
21525,0.4973734851427333
21526,2.811322799025982
21527,4.023212433179088
21528,3.51002450611044
21529,3.8487609552990176
21530,1.7905418552285337
21531,1.4532822402255736
21532,0.48521384010348295
21533,0.17928716051807578
21534,1.5548395403135886
21535,3.6025095607895365
21536,3.5093955104228756
21537,3.485214384579731
21538,3.929428311538016
21539,4.184805876172209
21540,3.5197263690941494
21541,2.8381062867330527
21542,1.031587917315284
21543,4.054729624082855
21544,3.4064289774390297
21545,3.6410518066752218
21546,3.896035040149381
21547,4.008962534676513
21548,3.722882033406151
21549,3.471693629336796
21550,2.803393354163572
21551,2.344877907884257
21552,1.9891054782829336
21553,1.9874348953578143
21554,0.8856598574894458
21555,0.5468488192756832
21556,1.290578392443034
21557,2.4486566363785283
21558,3.4984260590099625
21559,3.4984260590099625
21560,1.1924812862696728
21561,0.8378590636965573
21562,1.0387267084187064
21563,1.7443930132468362
21564,3.030584487866562
21565,3.072970665901995
21566,2.9556547503378203
21567,2.96455867140287
21568,3.046618933088369
21569,2.4049459277284284
21570,2.07069111711703
21571,0.7580898290319599
21572,0.6177884910008434
21573,0.596194426798194
21574,4.127441008357275
21575,3.084762156217099
21576,3.121891253623664
21577,3.0702976046172576
21578,2.81059152426525
21579,2.81059152426525
21580,3.8726620282252475
21581,2.4128755844881677
21582,1.3520359504639639
21583,1.1910939393671716
21584,0.681704835671969
21585,0.22345598202568542
21586,3.5284856026740337
21587,3.3783326387773904
21588,3.3526777500836364
21589,3.8467477970013433
21590,2.080755604869222
21591,1.3436867828640662
21592,0.913057872682193
21593,0.2396705327011291
21594,0.6204665324095107
21595,3.4884976681727355
21596,3.118755170644336
21597,3.405261451890403
21598,0.8502204415397244
21599,0.40929073307405034
21600,0.10336405348864311
21601,3.6054558561190007
21602,3.277299721092672
21603,3.5204024439319492
21604,1.7253521576637445
21605,1.5155030747417895
21606,0.9661018672164464
21607,0.06693138812634405
21608,2.63521142672859
21609,3.8776869907768985
21610,3.5134616370175236
21611,3.4469213368755076
21612,3.0949107793650135
21613,3.100618665946976
21614,1.4809747693771684
21615,0.7600860439780743
21616,0.6650193842003018
21617,0.4766165922832098
21618,1.6222680031822378
21619,2.674853688465443
21620,3.1818619651520685
21621,2.3849076913161302
21622,1.7556392560087848
21623,1.402414156345004
21624,0.8708496070408955
21625,2.053226309448794
21626,2.378171206556677
21627,2.767433175167926
21628,3.3615366035957446
21629,3.371747804757086
21630,0.6755852004518825
21631,0.2971576277577557
21632,-0.34910997448948855
21633,0.028574521766463315
21634,3.3447711334616455
21635,3.369301073740757
21636,3.6078058256802246
21637,0.4429688751200929
21638,0.38559469737129926
21639,1.4454808238110375
21640,4.001167337719239
21641,3.118902457134511
21642,3.0271106794048994
21643,2.3791094440033422
21644,0.1583595395880682
21645,3.7997565079925577
21646,2.316073167483931
21647,1.3337993780902362
21648,1.183474665892594
21649,0.37731698476918346
21650,2.5158408563189663
21651,3.3017696133450953
21652,3.5469391654851665
21653,3.7220100519166985
21654,3.6218411599291884
21655,1.407381618651975
21656,1.2570569064543329
21657,0.32472179804640705
21658,1.3829060142674654
21659,3.6689604777845446
21660,1.214007332048652
21661,0.7831299389686676
21662,1.4517997080924168
21663,2.923453591494083
21664,3.143308433511444
21665,3.443878329216516
21666,3.150445664104075
21667,2.195738862054095
21668,1.8147023758547334
21669,1.4798009579876419
21670,0.840719209815907
21671,0.49147655941798685
21672,0.2844819835109364
21673,0.17897104499247424
21674,1.1107703821559811
21675,3.120098186263966
21676,3.3297585920273893
21677,3.5332518843283394
21678,2.045154985168212
21679,1.6854217533377251
21680,1.1076756182286873
21681,0.633320753569162
21682,0.2971576277577557
21683,1.4509332571386886
21684,3.692925141208396
21685,3.2407058062108245
21686,3.790372603431843
21687,3.5886946401382027
21688,-0.08951286272265552
21689,0.29826764258457694
21690,4.008605936851469
21691,3.3268549146250175
21692,3.497304735134981
21693,3.2375986547829734
21694,-0.012961205072305918
21695,0.3431153341379095
21696,1.4283763162640868
21697,3.7958898217105106
21698,3.6113462120202144
21699,3.49852942239561
21700,3.5363867267165205
21701,3.276680646364513
21702,3.878221019646871
21703,3.3978664175853153
21704,2.4850437029649135
21705,-0.2587319796639519
21706,1.128366373225205
21707,3.3441499540270003
21708,3.892288482801894
21709,3.343098608710563
21710,-0.047833313514328825
21711,0.16090460222896844
21712,2.787026454839587
21713,3.397885221950111
21714,3.2421415839642678
21715,3.366835812918597
21716,3.6147491644178182
21717,3.7593333154826696
21718,2.370309403929265
21719,0.5960491794274916
21720,0.3257245411008069
21721,1.069454114268158
21722,2.6802147629160067
21723,2.9693569561811177
21724,3.168684299450449
21725,3.2124977172740503
21726,3.274274022140107
21727,3.2407601801176216
21728,2.225166478261215
21729,0.5584803132855871
21730,0.41093866206248486
21731,2.718648408498347
21732,3.3624311250352177
21733,2.7672168477346615
21734,2.069533167372085
21735,1.6504594110040045
21736,1.1118144586615593
21737,-0.10559095452509189
21738,0.26872189415496955
21739,3.7289156221391297
21740,3.365573375680246
21741,3.1058672953282382
21742,3.1058672953282382
21743,3.247119788550821
21744,3.630567784951439
21745,2.291264598174626
21746,3.7611499272823736
21747,4.2880995134440845
21748,4.2880995134440845
21749,4.86421592898326
21750,3.810963222069747
21751,2.9129955194875485
21752,3.713012907980207
21753,4.511664791863296
21754,4.9363605078389945
21755,4.575878702913383
21756,3.2353798002531953
21757,3.0630534973088084
21758,2.027393822389443
21759,2.163024155167337
21760,2.567301782447082
21761,3.624073741289568
21762,4.377816196453557
21763,4.506651356812004
21764,4.339346396824196
21765,3.8212319331020534
21766,3.026049179116948
21767,2.210476028038757
21768,1.1320952873042287
21769,2.541697949315041
21770,4.520994118087628
21771,3.451161011965224
21772,1.189992535689227
21773,1.6246338536274418
21774,2.4912249762395917
21775,4.231921228212245
21776,4.049856290909177
21777,4.390840005169585
21778,5.0229127041059884
21779,4.676083802042135
21780,4.174008931358632
21781,3.800857289050827
21782,3.566927014692946
21783,2.895028696663966
21784,1.2803044914360493
21785,1.6563184410177996
21786,2.5340394885795723
21787,3.792199043812852
21788,4.3340420653377505
21789,4.3144887328444534
21790,4.31978102831056
21791,4.846525436735209
21792,4.3561684557261495
21793,3.7689838952018486
21794,2.587337065681853
21795,1.3188239516885472
21796,4.66293470357516
21797,4.6738510575198715
21798,3.545069210986614
21799,4.549497939141163
21800,4.833523353803937
21801,4.923926998743831
21802,3.4511817327617127
21803,2.3256488371161845
21804,3.11358783915344
21805,4.673722426384447
21806,4.673722426384447
21807,4.773697556872828
21808,4.944436090304493
21809,4.041687201032979
21810,3.6989487686388594
21811,2.724879912121764
21812,1.797970330902345
21813,1.9342736556567892
21814,2.2019972133962917
21815,4.044284873859955
21816,4.358298272339282
21817,4.6135754525731105
21818,4.577808033390304
21819,2.724338762133457
21820,1.1995618449427683
21821,0.7666361218992904
21822,3.682952208178854
21823,4.353533268497148
21824,4.215265858985807
21825,4.4000219107574425
21826,4.558209924773106
21827,2.898138116813643
21828,2.514249728236248
21829,4.474413184332918
21830,4.541044193839417
21831,1.001813633820874
21832,0.6345267139123086
21833,2.2648712185499402
21834,4.568125714115051
21835,4.463666350348002
21836,4.675722290478049
21837,4.675722290478049
21838,5.137873546922303
21839,4.880857984443601
21840,4.306962072854223
21841,3.1878989552696653
21842,2.1160106662198435
21843,2.279127581378382
21844,4.8241199317313574
21845,5.15143495880019
21846,4.348114599278707
21847,1.563823416685467
21848,0.9194788222051462
21849,2.4928376778154675
21850,3.784678373781375
21851,4.731807992757279
21852,4.6179499285747925
21853,4.790726660342724
21854,5.258753923582116
21855,3.3819579664352104
21856,3.1206610372804633
21857,1.3254876437846288
21858,2.6911705488007405
21859,3.3381443219534437
21860,4.610849036394582
21861,4.705973178388711
21862,4.805547390236828
21863,4.9762859236684935
21864,4.092560794911603
21865,3.5347429513384028
21866,1.8802854462245058
21867,3.4165450067003937
21868,3.7655202543959243
21869,3.9050040431134874
21870,3.6687857225518443
21871,2.433344970329204
21872,1.5077078552544192
21873,2.3489241221801307
21874,4.756656160258354
21875,3.9034239535136384
21876,3.8538468262364636
21877,4.397597479563046
21878,3.949342375746454
21879,3.305375654634865
21880,1.6365613551793317
21881,0.8923932409496749
21882,4.497099267709572
21883,5.045815555690987
21884,0.8775954199456897
21885,4.374097448149504
21886,4.3463005861134185
21887,4.465033341609689
21888,4.02124600311033
21889,3.3525351659569487
21890,1.0724269195472769
21891,0.5370384084861385
21892,2.152322376216672
21893,4.029046159601836
21894,4.521131429671732
21895,4.521131429671732
21896,5.040293185741158
21897,4.0566713203113
21898,2.6532338285532946
21899,2.0172266686698648
21900,0.9740782247161318
21901,4.196582971723976
21902,4.310003834307603
21903,4.338742487944074
21904,4.703925211742871
21905,3.068548973973939
21906,2.8211235707983784
21907,4.154465632349341
21908,4.398382921034868
21909,4.474653355685002
21910,4.474653355685002
21911,3.925841527771008
21912,3.302493185542448
21913,2.89090116388071
21914,1.70736783647906
21915,1.8217078007798315
21916,3.0610383571983806
21917,3.2200912224119307
21918,3.262477400447364
21919,4.538752287216543
21920,1.697271703174207
21921,0.5495407822389947
21922,0.4182949883065915
21923,1.7596819166507929
21924,3.2656494755898513
21925,4.600385901751486
21926,4.3907373148688285
21927,5.1794819450138005
21928,4.699636832206931
21929,3.0407386161976646
21930,0.606284055955978
21931,3.676114196783677
21932,4.92013667129328
21933,3.8917462801433027
21934,2.4908722700514794
21935,2.0278543111084666
21936,1.4552299614635253
21937,0.5136605947407072
21938,3.148926027741101
21939,4.559690053523598
21940,4.375802060526742
21941,5.055895489101451
21942,2.1319772394425422
21943,0.6085495796909997
21944,1.0357072838625945
21945,2.1729709306775105
21946,4.347919325076884
21947,4.967591726638657
21948,0.6686649680297543
21949,4.344433229267007
21950,4.2582333243334585
21951,4.5936181510757566
21952,5.135796674881689
21953,3.894365445791376
21954,1.1098847059688832
21955,2.120500091026099
21956,3.9601133373341257
21957,4.27671425916625
21958,4.306276389000642
21959,4.550429644684889
21960,4.219706458901476
21961,2.6952828674769957
21962,1.8170693329800205
21963,1.0296669029160392
21964,1.7643406258980066
21965,2.1800396030315254
21966,3.265401439403339
21967,4.077838759853894
21968,4.572343946077623
21969,4.572343946077623
21970,4.678847559770004
21971,4.764926121696512
21972,3.33672814965519
21973,4.16402299860248
21974,4.273870909685493
21975,1.9118178325629043
21976,0.7495832634908325
21977,0.5377618840341605
21978,0.9794607935948826
21979,2.116724440409798
21980,4.684527159093415
21981,4.188132931518424
21982,4.5198959913481405
21983,5.100860773579532
21984,3.1670428411654115
21985,0.8299266900315581
21986,0.5991425053868533
21987,1.001505633231321
21988,3.219962971959266
21989,4.634111988903492
21990,4.35849384765521
21991,4.5287692091512275
21992,4.5287692091512275
21993,5.038947953549568
21994,0.5780190130024819
21995,0.3875494210471864
21996,0.7242985421093339
21997,3.026941782661507
21998,3.763506557656998
21999,4.3704138781144435
22000,4.414227295938043
22001,5.043076968725351
22002,4.779126825030103
22003,0.6257161978851408
22004,0.5629426332023296
22005,0.8540129414496367
22006,2.972232664425233
22007,4.885096059144828
22008,5.057464951853108
22009,2.793176743557496
22010,1.7068171036554332
22011,1.0904682883271093
22012,1.8674099594903433
22013,3.470417307511666
22014,4.300465468052426
22015,4.872144574758424
22016,4.64900101490609
22017,1.0924568353397013
22018,3.6566289508911116
22019,4.032108834901314
22020,4.5367256657954895
22021,4.6298975937640625
22022,2.606467269947336
22023,0.8460204661537559
22024,3.9216392807856697
22025,4.310426605153693
22026,4.132143770723412
22027,4.61790636060693
22028,1.3787496292281913
22029,1.3084745547317105
22030,1.6437581563596613
22031,4.746031211969699
22032,4.928712465608109
22033,4.412346076374685
22034,4.985596450521436
22035,4.952985730738192
22036,4.687319917356419
22037,4.216625513245026
22038,3.891914357596969
22039,2.188411619711154
22040,1.8774118805762168
22041,2.4790014389605695
22042,4.674814460361488
22043,4.758712714287755
22044,2.245139682476949
22045,2.0151083658143087
22046,1.564629703558288
22047,1.879960572685379
22048,4.1909139054735345
22049,4.339346396824196
22050,4.526291319836621
22051,4.673638055453515
22052,4.32871797761248
22053,3.349254440249205
22054,1.6183896256687769
22055,4.719077213014045
22056,4.520994118087628
22057,4.520994118087628
22058,4.520994118087628
22059,4.656029154233624
22060,5.301479561420629
22061,5.2663698458854755
22062,4.849497379229666
22063,2.7792626939362437
22064,2.3119976531107116
22065,1.5103071447595613
22066,1.257590051961599
22067,3.624404939629727
22068,4.674018726066245
22069,4.390840005169585
22070,5.29470074395136
22071,1.4994660419007746
22072,1.2803044914360493
22073,5.078554005774224
22074,4.099524686146523
22075,4.31978102831056
22076,5.204459559327814
22077,3.9264058075858506
22078,3.113733587591853
22079,1.6920207009777322
22080,3.858882286564132
22081,5.007921537738309
22082,4.562601276567582
22083,4.6549973501758775
22084,5.118866660457028
22085,4.990222538670212
22086,4.416326627080834
22087,3.6419650031434765
22088,3.2495724310213574
22089,3.053506461720343
22090,1.1115816862943357
22091,0.9363066463531896
22092,4.964268914705676
22093,4.6387480921836
22094,4.528698004467207
22095,4.563527100803214
22096,4.6557601750552084
22097,4.6557601750552084
22098,5.239898238934553
22099,4.369693664052121
22100,3.722771907316689
22101,2.3509546575631046
22102,2.0135585010244634
22103,1.5721657685308936
22104,1.4598665623699183
22105,2.5609289717759003
22106,3.8402010590989497
22107,4.487726328727365
22108,4.597451991734312
22109,4.9975389438917714
22110,3.609581072969617
22111,2.999413088303053
22112,2.6369427177384366
22113,4.466228716956216
22114,2.3355981143802844
22115,1.2101290769210051
22116,2.3406549784982156
22117,4.751191221705515
22118,4.4000219107574425
22119,4.9522110731617985
22120,5.272223567550859
22121,4.576851520954093
22122,4.02876909867346
22123,1.6403788843496265
22124,1.2771820948204797
22125,4.613838624041462
22126,4.962804073398493
22127,4.387954082674801
22128,4.425083180081365
22129,4.541044193839417
22130,4.541044193839417
22131,4.639718351543247
22132,4.977078958374001
22133,5.164004641441407
22134,2.4657407883538562
22135,1.8699496978446812
22136,1.1273756387019618
22137,4.557694761808265
22138,4.937346724625058
22139,4.675722290478049
22140,5.289097533845156
22141,2.5910129940370785
22142,0.6741818976961708
22143,1.1418639345634662
22144,3.3867176926840035
22145,4.832622254816603
22146,4.41722766807223
22147,4.452056764408237
22148,4.6549973501758775
22149,4.6738510575198715
22150,4.922010510868086
22151,3.0738968480932516
22152,1.1062732595880516
22153,4.904995142037466
22154,4.511456902982319
22155,4.455960157625307
22156,5.118041687411557
22157,5.139643584492507
22158,4.873977771110734
22159,4.313401666709227
22160,1.783936871208277
22161,1.314501514109675
22162,4.705973178388711
22163,4.799497905820172
22164,2.8784176051010397
22165,2.2696830743063274
22166,1.924402191016706
22167,2.0221787342675905
22168,3.987874522304414
22169,4.143686640132842
22170,3.200081904403613
22171,2.015745487916136
22172,4.628246681052324
22173,4.048359793410148
22174,4.781512335908789
22175,5.036838046483207
22176,5.07018040209347
22177,2.589322673906865
22178,2.1687543165804457
22179,0.6792831877954593
22180,1.1645939216975716
22181,4.407559184155115
22182,4.574266927178207
22183,4.743702998807318
22184,4.048882730294199
22185,3.3798643127821464
22186,2.441454480444357
22187,1.943398139091205
22188,1.1203045781477532
22189,1.2928545357602654
22190,2.4391116544920206
22191,4.367840077689743
22192,4.4328532203541915
22193,4.330954060422351
22194,4.3463005861134185
22195,4.3463005861134185
22196,4.826344546959015
22197,2.866414145215075
22198,0.7229855867133341
22199,4.521131429671732
22200,3.122709257704876
22201,0.6907706551521147
22202,2.045462052356506
22203,3.181496204787956
22204,4.495952637667668
22205,4.38790357737541
22206,4.4310469651025635
22207,4.338742487944074
22208,4.162896454291359
22209,4.337347834089396
22210,3.670571951953946
22211,1.540223113149828
22212,1.215027176623222
22213,1.2252603594057616
22214,3.943206298526459
22215,4.073416697515552
22216,2.7485330197238214
22217,2.2945425962971284
22218,1.8962986330871194
22219,1.524450103511837
22220,2.929726449545407
22221,3.815031350567425
22222,3.8979018297583505
22223,4.624830849143051
22224,3.893029016963366
22225,4.260141807160415
22226,4.265707621271172
22227,4.3907373148688285
22228,4.560331020285427
22229,4.879593680164645
22230,5.043426507864735
22231,1.3508360401146953
22232,0.8798899267393864
22233,2.1287064434762013
22234,3.5960361031262913
22235,4.821329098912667
22236,0.9768238478010788
22237,4.4178930352560455
22238,4.4178930352560455
22239,4.4178930352560455
22240,4.604711484587312
22241,4.892536073093755
22242,5.181090047840568
22243,2.5419282978698114
22244,0.6636661537273274
22245,3.1197812097295112
22246,4.50991376250751
22247,4.2147729005643
22248,4.2585863183879
22249,4.54681464141724
22250,5.263944989020038
22251,2.652748880572916
22252,1.6556582788063434
22253,1.1012916603129133
22254,0.995027285350181
22255,2.093298978049615
22256,4.916994216861905
22257,3.1825882172034055
22258,1.8753419802549474
22259,2.571677746296731
22260,2.4459824691698913
22261,4.171372671157008
22262,4.541391474439295
22263,4.214516058884161
22264,4.455489464101838
22265,4.859874162782059
22266,4.2880995134440845
22267,3.5706279332768895
22268,4.469286336016783
22269,2.971898949447093
22270,3.156518780827509
22271,2.2569338432304598
22272,2.665602232516796
22273,3.7454150839755704
22274,1.8324822226246464
22275,4.442765162070956
22276,1.8444729579035308
22277,4.780930832496034
22278,2.3036689247614373
22279,4.009591650569406
22280,4.4211691304015
22281,2.143706454790324
22282,4.55480817959045
22283,1.5374211290062694
22284,4.5985440257113535
22285,1.1427806022229716
22286,4.674814460361488
22287,0.4182949883065915
22288,4.92945124771942
22289,2.141381053990131
22290,4.9825541013066985
22291,4.369292826065771
22292,4.092560794911603
22293,4.311000007092057
22294,3.4343104420649304
22295,4.463355760934629
22296,1.8333461644726008
22297,2.3913440193729727
22298,4.472579470167718
22299,1.249767770717649
22300,4.651860320325519
22301,4.254772577634424
22302,4.714670635409126
22303,4.225262028924988
22304,2.5976233196147773
22305,4.481430363362033
22306,1.2842392869332073
22307,2.713838526782952
22308,1.0873255164678042
22309,1.547174133239145
22310,3.7262167559703476
22311,0.5598174390406386
22312,4.887045865474513
22313,2.1387692800462363
22314,4.570324122339181
22315,4.4916402721677935
22316,4.483865020681064
22317,4.5287692091512275
22318,5.014782252675232
22319,4.861533693201964
22320,4.262691413176635
22321,2.5197796522194627
22322,3.7691931422608027
22323,1.468243622539607
22324,4.641883097304266
22325,0.40290234352515464
22326,4.086985388315741
22327,3.945279951569459
22328,4.390840005169585
22329,4.498039268114851
22330,4.646061658712845
22331,4.498039268114851
22332,4.933784697363267
22333,4.86241020025323
22334,2.411862356031341
22335,5.190420119172331
22336,4.90116504760192
22337,3.1597721330214634
22338,4.13435378248253
22339,2.226363242140325
22340,4.153376563348866
22341,3.47276998317021
22342,4.510711486373356
22343,4.462436730543515
22344,4.712398585911672
22345,4.814892345982383
22346,1.716186615557382
22347,4.643210511497967
22348,1.3271382430796932
22349,3.2368383609686173
22350,2.5699736815725673
22351,1.1075390484239709
22352,4.947973142919342
22353,2.6418100414896797
22354,4.605744664294735
22355,4.049518653165418
22356,4.6738510575198715
22357,4.256652050228826
22358,4.791551633388195
22359,1.5709418965243915
22360,5.415219922838409
22361,1.836990491780818
22362,5.398462088071766
22363,3.989052626769434
22364,2.085779041014291
22365,4.407146881788822
22366,1.4730199941878044
22367,4.5367256657954895
22368,1.3118217556962866
22369,4.715976155690571
22370,2.41009344839572
22371,4.0573107654617075
22372,4.6390784012294795
22373,3.3396553707657475
22374,5.16083838087277
22375,1.587976519067167
22376,5.301550617043329
22377,0.5362696108456304
22378,3.175483611319298
22379,0.4050238169132275
22380,1.4723205712573522
22381,0.49244871228484244
22382,4.344884400119456
22383,2.1038444010482538
22384,4.522555425063372
22385,4.319752322380765
22386,4.7490074731605665
22387,4.995140841659162
22388,4.438831095043904
22389,3.896394868438359
22390,2.3729005020572274
22391,1.8873576048551772
22392,1.7513559226895667
22393,3.7187691587839997
22394,4.361289403652156
22395,4.4036755816875885
22396,4.228719488332615
22397,4.358298272339282
22398,4.591797717445115
22399,4.242160802402607
22400,3.8212319331020534
22401,3.1145690179175394
22402,0.8130516547622537
22403,0.668509522541149
22404,4.632228192153546
22405,4.252394956392371
22406,4.394729615291336
22407,4.944582013031706
22408,3.309569032742171
22409,2.6209990436076693
22410,1.0625082879357233
22411,0.8493982347815078
22412,0.7529627883756771
22413,3.50364257901649
22414,5.2488669982193725
22415,4.786770160389175
22416,4.030193390167823
22417,3.4205063151908375
22418,2.9719526594873433
22419,0.7674187670099561
22420,3.4745095691516124
22421,4.498495446684009
22422,4.81055851985347
22423,5.421035853199925
22424,3.4859055246940014
22425,1.2004725155621545
22426,0.8510311827282122
22427,4.422415455221302
22428,4.521687031839279
22429,4.6738510575198715
22430,5.434597265077812
22431,5.33025006026964
22432,3.587581984049818
22433,3.263678495476129
22434,2.1249008084921828
22435,1.2949939315482428
22436,4.4211310612893
22437,4.6012681547490635
22438,4.6179499285747925
22439,3.67944506013954
22440,2.159645318604589
22441,1.4264571040244032
22442,2.1024293149478597
22443,2.239051351627168
22444,3.9896981013275354
22445,4.196831498390948
22446,4.2316605947269545
22447,5.029388777255772
22448,4.48932152770351
22449,3.40533642306737
22450,2.7014470318550203
22451,1.5993429328058733
22452,1.567201215562845
22453,2.388510872645499
22454,4.082524784188131
22455,4.124910962223563
22456,3.987874522304414
22457,4.027209286022498
22458,4.105097324526455
22459,4.102970025150991
22460,3.887085278707233
22461,2.863944740653209
22462,1.2975599220398206
22463,1.145415922410842
22464,1.123821858208193
22465,3.605552447849437
22466,3.8662948561070727
22467,3.8538468262364636
22468,3.8538468262364636
22469,4.726390726435666
22470,0.7081017965464711
22471,2.3018575685124874
22472,3.3842572200457863
22473,4.38161418273423
22474,4.704254790961969
22475,4.370430086748551
22476,4.5689746317121
22477,4.574266927178207
22478,5.304412639432599
22479,5.193729603422697
22480,4.799634500955944
22481,2.9313106570786522
22482,0.8216563060042096
22483,3.143898410167264
22484,4.117998879081414
22485,4.71713671152486
22486,5.005690686271674
22487,5.090294690654263
22488,2.5143073080931204
22489,1.787798849160814
22490,1.0150587294017566
22491,3.0812326677179054
22492,3.8200278079409493
22493,4.5701828826389725
22494,4.465723518871924
22495,4.500552615207931
22496,4.7524685972347145
22497,5.283999547846491
22498,5.2199118671138
22499,4.819865757956493
22500,3.461064455575579
22501,1.1056448959954321
22502,0.6939552491242564
22503,4.4741034823089585
22504,4.460390856333395
22505,4.556161673100501
22506,2.755284451646252
22507,2.2257908903675214
22508,1.7695134966370092
22509,1.2482544459741187
22510,2.1017740841367836
22511,2.361663048649241
22512,3.6483859170394566
22513,4.197609020076494
22514,4.022503383629711
22515,3.539063185002673
22516,2.7248876453203814
22517,2.292553850043946
22518,1.6326077997746449
22519,1.5081014459918962
22520,2.1466651946703315
22521,3.8979018297583505
22522,4.640835559942572
22523,4.275618771205843
22524,3.322114975525408
22525,2.7917670867632394
22526,2.420925620987888
22527,1.1427806022229716
22528,0.21339759791047722
22529,0.6314903819598268
22530,4.3611295376514505
22531,4.302836718677736
22532,4.3907373148688285
22533,3.8689453946583536
22534,2.538313182507122
22535,1.8568125981040025
22536,0.6680685472827144
22537,1.0279475772973468
22538,4.653360446452199
22539,3.8646563776383096
22540,3.7132432941902414
22541,4.189040438698214
22542,4.189040438698214
22543,4.189040438698214
22544,4.288962289564256
22545,4.638339329925504
22546,4.8883873710325
22547,4.678883397771773
22548,3.129934260011996
22549,0.7550810792452272
22550,0.5198236939113389
22551,2.103189502699434
22552,4.217336844555474
22553,4.477701220458583
22554,4.418945448253895
22555,4.720738730697902
22556,3.8812765156685005
22557,3.1597721330214634
22558,1.4486542886838911
22559,0.8278049105379001
22560,4.170943971394849
22561,4.54681464141724
22562,4.54681464141724
22563,4.679767138132214
22564,5.0937977466544595
22565,4.75864098825091
22566,3.935460694036555
22567,3.202103632176138
22568,2.2427978221456466
22569,0.6864174194695951
22570,3.133948906421332
22571,4.1213935377817466
22572,4.529552272957353
22573,4.301376712060612
22574,4.5769363772500276
22575,4.5936181510757566
22576,4.7265915648370695
22577,5.014416153343513
22578,4.674105767669189
22579,2.807415683340714
22580,2.280096032883818
22581,1.7628495763266312
22582,1.4554460033373793
22583,1.151278452267419
22584,1.1215857679639023
22585,3.3650828944004805
22586,4.306276389000642
22587,4.694854928957889
22588,4.826103023827164
22589,1.5776413073363207
22590,1.1911233749911003
22591,0.9437147922187766
22592,1.4399032892669656
22593,4.120894967985773
22594,4.39218140481188
22595,2.700405596143732
22596,0.5495407822389947
22597,0.5242770702614856
22598,1.0041174071752146
22599,3.1075771064849183
22600,4.5735754773472745
22601,4.391379913075905
22602,4.391379913075905
22603,4.391379913075905
22604,4.722777899831392
22605,5.0543228212182685
22606,5.00971914940348
22607,4.737136088453977
22608,3.9003658446131753
22609,3.076244728264538
22610,0.5721214604664514
22611,3.1544925872027236
22612,4.330967354615541
22613,4.481430363362033
22614,4.481430363362033
22615,4.79741607719644
22616,5.138878483858238
22617,4.7950888082004335
22618,3.9787901448274896
22619,2.133451975810312
22620,4.271125733624603
22621,4.40230726547881
22622,4.633549625677976
22623,5.176352656017307
22624,4.7749978098543195
22625,3.9698992660056316
22626,1.8795627254209535
22627,1.2422036776103949
22628,1.861562188924252
22629,4.503560302627027
22630,4.498039268114851
22631,4.6009813273348135
22632,3.9745460513316027
22633,2.6363143005675944
22634,1.3856627741958947
22635,0.9005743754528345
22636,1.9522846341490727
22637,3.8515183390800907
22638,4.349678954335168
22639,4.196783373487714
22640,4.240596791311313
22641,4.479118504369244
22642,4.479118504369244
22643,4.623667186226411
22644,3.9476562448370602
22645,2.2658570931005997
22646,1.4415450930760467
22647,1.1495764259003374
22648,2.190632386219048
22649,4.453890954333556
22650,4.53016138898369
22651,4.53016138898369
22652,4.693566650630346
22653,4.824814745499621
22654,4.30021225840522
22655,3.6083124036916647
22656,2.8297099924975346
22657,2.3677863265328005
22658,1.8959856580875127
22659,1.6016192947797874
22660,1.4133533747092075
22661,0.8214609728506377
22662,0.7355088621533751
22663,1.2316973592015639
22664,2.7002907844230637
22665,4.731980866490092
22666,4.40766066361269
22667,2.1942618448512214
22668,0.9391480857212265
22669,3.2386123456186815
22670,4.203206880697862
22671,4.169272868129976
22672,4.319752322380765
22673,4.319752322380765
22674,4.438149735095492
22675,4.8351132529153045
22676,5.13500151776446
22677,2.721371784847085
22678,2.207552988171693
22679,2.0987139682821345
22680,3.2483151002147763
22681,3.053203310394834
22682,3.206886885655619
22683,3.12973619504903
22684,3.927348537849412
22685,3.9544064492612163
22686,3.6887406358794443
22687,3.323605313806376
22688,2.3104629896724616
22689,1.9707736910681832
22690,1.9260790531830758
22691,3.180271415318489
22692,3.3023993234473417
22693,3.3461351695682455
22694,3.422405604218381
22695,3.821226968619842
22696,3.917479337391205
22697,3.196600382745051
22698,2.827980849409765
22699,2.780911153595124
22700,2.608584850650737
22701,1.7978505563121192
22702,1.9247098853005415
22703,3.0919850439794523
22704,3.038239567446519
22705,3.186672058797182
22706,3.5784510963211824
22707,3.6891683195786715
22708,1.1169594771056937
22709,1.0683030677536993
22710,3.080198503218469
22711,3.7889491800451562
22712,3.1097738624489306
22713,3.2496422806729908
22714,3.2496422806729908
22715,3.7765691592742026
22716,3.3602751874970656
22717,3.1877340636664697
22718,3.8878524497507314
22719,3.1452580002699495
22720,3.1452580002699495
22721,3.3165383536417887
22722,3.8574284289812986
22723,2.1373837643471787
22724,1.318013676471978
22725,1.318013676471978
22726,2.1756410627421934
22727,3.2346360056851258
22728,3.1406524629756247
22729,3.1459447584417313
22730,4.091961941392727
22731,3.349229919829386
22732,2.1843200439715638
22733,1.5326888608330602
22734,1.4790773979637928
22735,2.067624870606859
22736,3.9461860235575363
22737,3.3187642408816576
22738,3.1674033294332906
22739,3.3439308554807106
22740,3.362784562824704
22741,3.460630685790189
22742,3.4631062188891715
22743,2.6394232810012435
22744,1.7306397981699584
22745,0.8982680887590879
22746,1.1645488586389101
22747,2.0409325635589872
22748,3.0103419999700405
22749,3.6776867105109363
22750,3.4050875085806096
22751,3.252460606108045
22752,3.0370985520426133
22753,1.748042793515535
22754,1.3683221694134904
22755,1.9334675177464669
22756,3.0194807995603115
22757,3.154935309655605
22758,3.2687489263933123
22759,3.147124431393381
22760,2.1478550688486235
22761,1.531134693522819
22762,1.483508452756817
22763,1.994350820591895
22764,2.4903391846222713
22765,3.1908391736295214
22766,3.2166584865721517
22767,2.545322877358796
22768,0.73483222188178
22769,3.8664550818838577
22770,3.1180934968341787
22771,3.1233857923002852
22772,3.834735695495299
22773,3.9968069140668243
22774,3.6290764219892115
22775,2.5802903188932236
22776,0.8790105332114022
22777,2.01190091727054
22778,3.340102445759146
22779,2.9997682358924918
22780,3.1363007536145906
22781,3.2313753416711997
22782,3.3101950464721916
22783,4.1265322382787675
22784,4.031248842715746
22785,3.654014361663512
22786,2.557869478768244
22787,3.3660534383098324
22788,3.3660534383098324
22789,4.297303450732368
22790,0.6935267563248722
22791,1.0065062257164532
22792,1.9099666965416504
22793,2.965651707731746
22794,3.6642654526553913
22795,3.4997370962008847
22796,3.7982781084005297
22797,3.0216378573336247
22798,2.659813667374152
22799,1.7218837867818955
22800,3.2202433474638306
22801,3.2915993025808463
22802,3.4598057127447164
22803,4.13502152111456
22804,2.967874785716111
22805,1.221470778510095
22806,2.1894170382264098
22807,2.914685714256128
22808,3.4521666797186525
22809,3.8666640020419627
22810,2.9513563014073614
22811,3.0038599546486906
22812,1.4929293866268505
22813,1.5199587215247599
22814,2.851770129450362
22815,3.138533983042534
22816,2.922649236598778
22817,2.493039682430562
22818,1.225228357248374
22819,1.9719523064360973
22820,2.743181746652829
22821,2.697963074130507
22822,2.7882543650773948
22823,3.0351074687548754
22824,1.8816632700134104
22825,0.6986280464241607
22826,3.6234641801683187
22827,2.91241526409216
22828,4.182077879491995
22829,2.0326555807677806
22830,0.8232413229230346
22831,1.9305807754754047
22832,2.6905772071156244
22833,3.4020207956416453
22834,2.93114974511579
22835,3.04656218083491
22836,3.04656218083491
22837,3.5396719831633434
22838,3.871375473094243
22839,1.797855914423023
22840,2.637363830848754
22841,3.0628328271850926
22842,3.422945292163659
22843,3.874808910616468
22844,4.0857584258611865
22845,2.8990069673749557
22846,2.712512715501347
22847,0.9680107625673977
22848,0.6661100236107298
22849,0.8643026026187322
22850,2.7159578128232713
22851,3.3860426725934047
22852,3.1106771824872874
22853,2.965074365604635
22854,3.1109570741492845
22855,2.9951677342460563
22856,3.409638663414228
22857,3.6963225340077908
22858,2.625597641175626
22859,1.858536552461963
22860,1.0529169091049688
22861,1.714418024539131
22862,2.2246282187683586
22863,2.6698455754312107
22864,2.768310300930588
22865,2.6892268150920264
22866,2.146623876008389
22867,2.252836000919994
22868,1.4796328999785144
22869,1.2670010586000349
22870,1.8948886642733307
22871,2.1778660186272396
22872,2.299236717064371
22873,2.799797503905811
22874,2.799797503905811
22875,3.545757979343454
22876,3.6049122053270612
22877,3.235808778074759
22878,2.853219023832284
22879,2.4528169766702224
22880,2.222520946204496
22881,2.003540426426239
22882,1.279886508612558
22883,0.8600607602731879
22884,0.5069170327485196
22885,0.544396907516839
22886,1.4499151911677062
22887,3.305817757889348
22888,2.8358844373379384
22889,3.1193854774541903
22890,3.2802142551995117
22891,3.958679606597262
22892,3.614889930939456
22893,2.9547104876667754
22894,0.6963921720150656
22895,1.7706754835890923
22896,3.0254190087578374
22897,2.5737898490607845
22898,2.5220939329869
22899,2.6619623512109603
22900,3.0251818968124797
22901,3.8635448236719583
22902,3.814434138532901
22903,0.5391685525400403
22904,2.683387635776416
22905,3.174414598343218
22906,3.160852716021197
22907,3.160852716021197
22908,3.3190245279357646
22909,3.7708881463885735
22910,4.10259163631947
22911,3.9231396903757894
22912,3.5879829319722383
22913,2.9190327112187355
22914,1.7954796528903698
22915,0.6380877704002764
22916,0.6932043444366041
22917,2.6759123728603598
22918,3.402520000845052
22919,2.8393992725638078
22920,2.8628233588553447
22921,3.0093760974964407
22922,4.141610229079434
22923,3.625885189525247
22924,0.6483788618754933
22925,1.7616353681728594
22926,3.28394929890754
22927,3.28394929890754
22928,4.013461914941086
22929,2.932121641341611
22930,1.8674104946916714
22931,1.2675158899953776
22932,1.0250204473169422
22933,1.0168539703693031
22934,3.717878744727584
22935,2.6656441248522347
22936,2.266635397604325
22937,1.0648653700406234
22938,0.8385764321789315
22939,2.36751459630387
22940,1.802509211868649
22941,0.8600607602731879
22942,0.46925626635153966
22943,0.8795266577722509
22944,3.3947250273381724
22945,3.0835652569487833
22946,3.6820970024874735
22947,2.1042529728059387
22948,1.0514305349792479
22949,0.6538644350140131
22950,2.710623750333572
22951,2.8658912051104406
22952,3.0057596233345008
22953,3.161340472408758
22954,3.0151486978507718
22955,1.2140553036896735
22956,0.5706095851495996
22957,0.5893556297499154
22958,0.9036451993442851
22959,3.502701763074807
22960,3.2909528623038873
22961,3.207281675671
22962,3.207281675671
22963,4.042199214764694
22964,3.718429962768629
22965,3.0838434131958397
22966,0.3942847598395688
22967,1.5070957271305991
22968,3.2153969179468493
22969,2.4255462963452366
22970,3.0237726179836457
22971,3.170325356624742
22972,3.176551734634624
22973,3.176551734634624
22974,3.9386313427737085
22975,3.674681199078458
22976,2.299816714015421
22977,1.8898656555881523
22978,0.57506812045472
22979,0.5122945557719086
22980,3.282325199843345
22981,3.707793102708128
22982,3.741805178451768
22983,2.980128159344772
22984,2.3790935628383965
22985,1.3813856761120702
22986,1.0247016449049668
22987,2.177553805875325
22988,2.9392611691574073
22989,3.062059107382707
22990,3.2659338515285725
22991,3.419905699057448
22992,2.414627220073611
22993,1.5565998805563437
22994,1.2128137415308866
22995,0.7158207174147395
22996,2.510239666387648
22997,3.1838894349456957
22998,3.313468218952365
22999,3.386785694018099
23000,2.50255418320015
23001,2.2270703070928817
23002,1.7601448986986503
23003,2.5944459789179586
23004,2.8848857990681935
23005,3.0379794461810676
23006,3.0379794461810676
23007,3.719035517775755
23008,4.062073297808995
23009,3.90854409966015
23010,2.3278269920339114
23011,1.3514735306334422
23012,1.2811984561369614
23013,3.3810984539401265
23014,3.12973619504903
23015,3.12973619504903
23016,3.7628185011271515
23017,2.808009351138898
23018,1.8417737969118448
23019,3.422405604218381
23020,3.4864494052418102
23021,3.8698881013965476
23022,1.7132308814344424
23023,1.6170115738214228
23024,1.5693853330554208
23025,1.5751351492229442
23026,2.3956437671278397
23027,3.179360899181
23028,3.932986377068528
23029,2.611152980543916
23030,1.167916581791375
23031,1.4162132820988855
23032,3.2496422806729908
23033,4.193441625930011
23034,3.268360875357329
23035,3.132238926574112
23036,2.460340608545132
23037,1.3672796643355647
23038,1.221813852636128
23039,1.4941507356907548
23040,2.9263972607959423
23041,3.0210470064976804
23042,4.172365984010755
23043,3.328866510785939
23044,3.3669293525106183
23045,3.2387453085607594
23046,2.5668469905317792
23047,3.4431644228176426
23048,3.0271204553944946
23049,3.0670177581375175
23050,3.1459447584417313
23051,3.0675837286279677
23052,3.79064478113714
23053,3.396768631310027
23054,3.1501931035818687
23055,3.362784562824704
23056,4.291487520370852
23057,3.8664901362026556
23058,1.2954847133782228
23059,3.3294095490612627
23060,3.346091322886992
23061,3.5026024062059298
23062,4.1778182145757725
23063,4.116165836466997
23064,3.800194596276275
23065,3.1568277806004956
23066,1.9479376358528169
23067,1.2892502326034119
23068,2.5721986368521823
23069,3.4213135702413404
23070,3.4213135702413404
23071,3.501434247826883
23072,3.3737563311284084
23073,3.06628669731491
23074,2.5486611984914656
23075,2.3180610602572576
23076,1.7239842800380991
23077,1.6273540011358385
23078,1.614108207451899
23079,3.06946847519239
23080,3.3021313602469657
23081,3.431710144253635
23082,3.431710144253635
23083,3.809394166402993
23084,2.306953567571808
23085,1.9182129198186355
23086,0.6838751171960982
23087,0.7820017165542396
23088,1.9466653697155323
23089,4.197897705068441
23090,3.1865530817469034
23091,2.9160242399289973
23092,2.30315124568725
23093,0.7911574992432827
23094,2.913313036037867
23095,3.2313753416711997
23096,3.0679495857180554
23097,0.848023694397524
23098,0.7388858467727024
23099,0.65387157254101
23100,0.9920179298549487
23101,1.840108001751159
23102,3.6858835331780395
23103,3.3781653184999927
23104,3.0607756586611714
23105,3.0394394960502784
23106,3.3660534383098324
23107,3.758523224502997
23108,2.923848036493378
23109,2.777702413066136
23110,3.100921966274797
23111,3.2171542208174078
23112,3.362784562824704
23113,3.9845530411485504
23114,4.310864862610256
23115,4.206517657802084
23116,0.9906491078270234
23117,0.8517324493100732
23118,1.118013219189895
23119,3.8302889488260825
23120,3.141007024414567
23121,3.3082810764065758
23122,3.3082810764065758
23123,3.7502453686431765
23124,3.360181258517565
23125,1.804506075760256
23126,1.2704912837729554
23127,1.7447810706511782
23128,3.531886438663931
23129,3.962916370813327
23130,3.733025499377724
23131,3.4228491212610623
23132,2.47694113668236
23133,2.0520451456633553
23134,1.8315879687005217
23135,2.273784025740227
23136,2.5421530181707745
23137,2.900191235236931
23138,3.1891486698120346
23139,2.809908762481716
23140,2.062439912106557
23141,1.7033178306653816
23142,1.1742712525626926
23143,1.3534092905504829
23144,3.8292408944870466
23145,2.7882543650773948
23146,4.040073777632082
23147,3.9854335008259976
23148,2.866423662070737
23149,2.302231627339831
23150,0.7864810803922804
23151,0.7274466551751725
23152,2.9631912350935288
23153,2.942316593935259
23154,3.0821850121593193
23155,3.414179693736262
23156,3.880331280566297
23157,4.059576162170085
23158,3.66548105970333
23159,2.819204467108476
23160,0.9406934619390026
23161,1.0625992397457946
23162,3.0618301589379877
23163,3.132911599495334
23164,2.8680632719232513
23165,0.7525237774226109
23166,0.8943954435978261
23167,3.2991631259792205
23168,2.482067546629188
23169,3.1790650817277033
23170,3.2010415387184565
23171,3.2010415387184565
23172,4.161664787905887
23173,3.685712316703878
23174,2.2430372863497654
23175,0.662925429638588
23176,1.6693260354673236
23177,2.388030113740693
23178,1.322585184506855
23179,1.0922886257226707
23180,2.4660524879942507
23181,2.9958453988703257
23182,3.18177422524157
23183,3.1230740158055816
23184,1.9262484360515815
23185,1.931560092852128
23186,1.681651624899464
23187,1.3478835412463377
23188,1.38976387105231
23189,2.009914278816328
23190,2.716927024714886
23191,3.295640387470579
23192,0.46925626635153966
23193,2.855350450081642
23194,3.5736508909874294
23195,2.877308785738407
23196,3.017177203962467
23197,3.1193854774541903
23198,4.106553725058336
23199,2.5294853105091337
23200,1.4974202384125648
23201,0.6098278117444895
23202,0.8925898684503348
23203,3.237680112630525
23204,2.9768737434330323
23205,2.9768737434330323
23206,3.604930165272173
23207,2.988305041919598
23208,2.154374683499306
23209,1.6913567245562944
23210,0.6491689186878327
23211,0.5330054533694086
23212,0.8414661389540667
23213,3.0949689187850473
23214,3.160852716021197
23215,2.205430711317638
23216,0.7320860820610805
23217,1.5072477183016386
23218,3.1667546359079037
23219,3.9158366133118268
23220,3.235748146722072
23221,3.0610041771109695
23222,3.235748146722072
23223,3.2038498782143083
23224,1.9063002355934733
23225,3.437658697500336
23226,0.953464194804303
23227,3.4624537923811363
23228,0.6408197425162276
23229,1.6765164023731987
23230,2.7128829214690744
23231,1.7067955508097103
23232,3.3829677812392083
23233,1.624251728736783
23234,3.2163913603650065
23235,2.3053702425079066
23236,3.0574507722116726
23237,2.519549553985379
23238,3.2672675250818104
23239,3.097163172369308
23240,3.397068259766015
23241,3.509406296470936
23242,3.8489318782188238
23243,1.7495926583053805
23244,3.7842384181362414
23245,1.3607861044408847
23246,2.6180417330141648
23247,3.2924173062269855
23248,2.3947301451485674
23249,3.186672058797182
23250,1.4374181487832682
23251,3.8680591267564455
23252,0.9789501329640806
23253,3.3032156617820254
23254,1.4910324465722788
23255,2.9662416115474954
23256,2.6867526142388787
23257,2.752448060163811
23258,3.1300314839618744
23259,2.1827271210417454
23260,3.7947993988665654
23261,1.8501705919220468
23262,3.1442106562009218
23263,2.0501160977933806
23264,2.391390533577328
23265,3.2362055833714396
23266,1.4473658009821155
23267,3.113109762950892
23268,2.555034659121722
23269,3.2496422806729908
23270,2.880070916487428
23271,3.3759123891477096
23272,3.446156698809099
23273,3.898704517535684
23274,3.696274290681974
23275,4.228551341465164
23276,2.9736682959538903
23277,2.039047822545734
23278,2.4713167893155745
23279,1.2474214581315723
23280,1.196223886084594
23281,2.1380686072628072
23282,0.5069170327485196
23283,3.202568665502601
23284,1.782987128597446
23285,2.8811785882736203
23286,2.84793436426783
23287,3.1452580002699495
23288,2.8893587126682987
23289,3.9830831947522483
23290,3.1096070368762083
23291,3.725382299431118
23292,3.1096070368762083
23293,1.4043163403427334
23294,3.1096070368762083
23295,1.5317231911701403
23296,3.9546800634369794
23297,3.9831948776554507
23298,3.015838752922568
23299,2.929449340984014
23300,1.62472678599587
23301,3.588957681598823
23302,0.5673000747434372
23303,3.734027818800121
23304,1.762257978616148
23305,3.3722803621816673
23306,3.341368032493809
23307,2.7415183237000313
23308,2.8718793634268107
23309,1.2764993749493416
23310,3.179951647492026
23311,1.2681850835581954
23312,3.6215107632866923
23313,3.2020970743682047
23314,3.9681049748538704
23315,3.296075812126518
23316,4.0047250426056245
23317,3.9519847428053883
23318,0.6761367506082083
23319,4.27472968560421
23320,3.1584053261655085
23321,3.076020876427283
23322,3.982380106463879
23323,2.835489250302258
23324,1.5702884458448672
23325,1.043835313399263
23326,0.9590167284196445
23327,3.0683717658668144
23328,0.603635256305404
23329,3.1148921889545416
23330,3.176551734634624
23331,3.346091322886992
23332,3.2596393409517486
23333,3.993956463221129
23334,3.6851072438165313
23335,3.4164732558604576
23336,4.0562666779197185
23337,2.7614004306001987
23338,1.0874546536286194
23339,1.252099342090604
23340,1.5978181723554208
23341,1.8637537092665928
23342,2.907533457122249
23343,2.4314234939218595
23344,3.157630970889016
23345,3.345043135591205
23346,3.923311510600493
23347,3.836211811204915
23348,3.570123343967351
23349,3.932464179976278
23350,2.670894234252424
23351,3.68393270924507
23352,1.8517739123815007
23353,3.1588291831580295
23354,1.0233184209498605
23355,2.7598513639128024
23356,1.7810790418068418
23357,3.51978613596773
23358,2.739515190606616
23359,3.8743214167150755
23360,3.2659338515285725
23361,3.5523057175598494
23362,3.7151928238730894
23363,2.9662416115474954
23364,3.223318813177714
23365,0.9146842430015442
23366,2.701930952740057
23367,1.049942644128041
23368,0.6075676501966358
23369,3.1995602243206696
23370,0.888743537947962
23371,3.26470586230164
23372,1.440573673194798
23373,2.903662119206267
23374,1.7973288386275463
23375,2.9022409744756725
23376,2.835275923753354
23377,3.0421093926997327
23378,3.6369032858909742
23379,3.1233857923002852
23380,3.400047481771195
23381,3.2766955171602397
23382,1.2842765511054677
23383,1.326958779484323
23384,0.44337557512185644
23385,0.6947220528374524
23386,0.5308004704934713
23387,1.0642387918065404
23388,0.829251759361345
23389,3.6785071738969557
23390,2.805510468193578
23391,2.9964323353905304
23392,3.484090806519295
23393,3.2313753416711997
23394,3.0379794461810676
23395,3.811594683249311
23396,3.5313096186079176
23397,2.854562188474644
23398,2.915357208477673
23399,2.051657607634757
23400,1.8897051902512738
23401,1.53683086829521
23402,2.9397823581350386
23403,3.177007913203782
23404,3.479637572255464
23405,3.9709916292706633
23406,4.166762773904551
23407,3.355139307189513
23408,2.1808164518335493
23409,1.7129936445095557
23410,1.0169747608378341
23411,0.7927904471899876
23412,3.079585803663904
23413,3.3439308554807106
23414,3.362784562824704
23415,3.4931989841333513
23416,3.3948941910870456
23417,2.8495953147570297
23418,1.3384103570099304
23419,2.0939689776777635
23420,3.316105920611428
23421,2.956918184173336
23422,3.0034386072610633
23423,3.9511597697599155
23424,4.015911182024949
23425,3.1135009334233463
23426,2.706577856561364
23427,1.566298942565304
23428,1.1828520087848073
23429,1.7920007322549856
23430,2.250552734363926
23431,2.714939735705337
23432,3.028499330993835
23433,3.3570425377245234
23434,3.4521666797186525
23435,3.196600382745051
23436,2.302035684556144
23437,1.7684363707652582
23438,1.4766043819053218
23439,1.3948577652620522
23440,2.9731408278874936
23441,2.8173207560460054
23442,2.900191235236931
23443,2.947221601361708
23444,3.2708875006025058
23445,2.647266664668604
23446,1.1526771883600433
23447,3.0630143059255626
23448,3.2369381245588915
23449,2.8378314923545673
23450,2.7882543650773948
23451,3.193644665581469
23452,3.7415985518735777
23453,3.6416438251681917
23454,1.4007268444809544
23455,1.0292362128505586
23456,1.9326966836757555
23457,3.37136963234625
23458,3.257908137016933
23459,3.2632004324830395
23460,3.2632004324830395
23461,3.0852412833174805
23462,2.522511757402076
23463,1.5805714942407632
23464,0.7797018635759605
23465,2.881000345544432
23466,2.9159474503933382
23467,3.04656218083491
23468,3.92467201299033
23469,3.6607218692950796
23470,3.0261353197222904
23471,2.5338031971784716
23472,2.181696360056517
23473,1.4998646965774274
23474,0.9767080910704572
23475,0.5437737472785209
23476,3.0414966645741996
23477,3.2010415387184565
23478,3.0930298733345793
23479,1.7292925160864787
23480,2.9144280057574368
23481,2.9664290806095837
23482,2.9951677342460563
23483,2.9481052314258265
23484,3.623986829540909
23485,3.4051729905298043
23486,2.84395619043268
23487,1.414374253792675
23488,1.0922886257226707
23489,1.8198705878213703
23490,2.873717490741473
23491,3.1055037905914347
23492,3.18177422524157
23493,3.029011186735655
23494,2.452656815631802
23495,2.382227605731456
23496,1.3146272993660368
23497,1.7147212649428112
23498,0.2745522080360002
23499,3.1193854774541903
23500,3.7635159450250963
23501,2.178920822815685
23502,1.0374159352493917
23503,0.6256289145846795
23504,3.790423709304242
23505,2.9768737434330323
23506,3.5385979671200958
23507,2.6415757274627283
23508,1.1699889107800092
23509,1.6895562108502762
23510,3.4067965454249034
23511,2.9141391053914916
23512,2.949086210240398
23513,2.671413600472196
23514,1.1607201361005042
23515,0.937846849975559
23516,1.8413073208007542
23517,3.235748146722072
23518,3.3502438330611604
23519,3.8021074515139692
23520,3.961041947928798
23521,2.97321688958679
23522,2.71374509962687
23523,2.3162512940207423
23524,1.3302268512629805
23525,0.885251663252782
23526,2.860921703819825
23527,2.911568063667023
23528,3.5413499689435244
23529,1.710946746613893
23530,2.107421510682376
23531,2.4276236032159724
23532,2.890624529549141
23533,3.0127524376779937
23534,3.100469354127483
23535,3.1300314839618744
23536,3.422591619911943
23537,3.4749338419843347
23538,1.8282863733577903
23539,1.389711193994319
23540,0.9468294993970351
23541,1.1197523199302575
23542,1.3943597295708376
23543,1.7553558155022124
23544,3.002111645021006
23545,3.229928754012888
23546,3.359507538019557
23547,3.359507538019557
23548,3.755428516665581
23549,3.3562580501963653
23550,2.2073474072249617
23551,0.5752383483064336
23552,2.5947467798620147
23553,3.029227130892359
23554,3.172817957063654
23555,3.596279125906785
23556,3.9709735624777465
23557,2.63729273570041
23558,0.5788567992588338
23559,0.8587975077909524
23560,3.4863486070846266
23561,3.161340472408758
23562,3.161340472408758
23563,3.6609353669478177
23564,2.6322041722771417
23565,2.330860803891776
23566,1.7504742529191373
23567,1.8071056701694808
23568,2.7760941350901147
23569,2.9884285012328755
23570,3.0118525875244124
23571,3.207281675671
23572,3.2922076392949107
23573,3.684230736765266
23574,2.1348083777506233
23575,1.1589693429635215
23576,0.45949733260876807
23577,0.40963768231753706
23578,2.5830729457923556
23579,3.000348531692109
23580,3.0406124196558557
23581,2.671413600472196
23582,0.7401373901079057
23583,0.7214344674353432
23584,2.5283638275560816
23585,3.1216353054574806
23586,2.134809721858452
23587,2.911208387078913
23588,3.0577611257200092
23589,3.1409491970632866
23590,3.157630970889016
23591,1.253614979734045
23592,0.985329928287264
23593,1.547258990153635
23594,2.532958016327158
23595,3.189663416878437
23596,3.8056721683159775
23597,3.5721075696785842
23598,2.0284005490016312
23599,1.25913906975797
23600,0.9535893105529056
23601,1.1781581482803285
23602,2.957316652286932
23603,3.313468218952365
23604,3.6960575118745815
23605,3.0496975836202114
23606,1.8905618768895223
23607,0.6055451025565844
23608,0.48103634151883673
23609,2.926322368717728
23610,3.0247542172922537
23611,3.1580329700095757
23612,0.7651915574662994
23613,1.0256721717767923
23614,1.909431791875598
23615,3.0935553941059752
23616,3.0018532482877864
23617,3.0205922945971544
23618,3.064231829188536
23619,3.740606784314668
23620,3.005092312789823
23621,2.694386964089682
23622,2.132051150788721
23623,1.5617732924378167
23624,1.0759191221923494
23625,1.0873297370906685
23626,3.1574312624650474
23627,3.342335273299156
23628,3.388579176959277
23629,3.5341123894112845
23630,3.676572274949902
23631,3.838783670132257
23632,2.9103155873490625
23633,1.9216729384569882
23634,1.3900100116547376
23635,1.4674466957364414
23636,1.9183737375681242
23637,3.244719411934449
23638,3.4452513825109543
23639,3.8850416937253045
23640,3.731172047598655
23641,2.0816850809845926
23642,0.9568726092061005
23643,3.1591852021110984
23644,3.2136028521819475
23645,3.2136028521819475
23646,3.761485635358671
23647,3.663849499581112
23648,3.8060962157989815
23649,2.9183472079901764
23650,3.053938325393634
23651,3.053938325393634
23652,3.7137216204995442
23653,3.4676277713784893
23654,2.4695725250676217
23655,1.8897828349799193
23656,0.9199035089627745
23657,0.7845588664632137
23658,1.0393153850004802
23659,1.975526626690842
23660,3.060512537674667
23661,3.060512537674667
23662,3.0149948091021814
23663,1.4824584124467928
23664,1.0004640004566718
23665,0.9764375890992051
23666,3.0471109587466816
23667,3.8364540333097485
23668,3.08967490291916
23669,3.127312499950566
23670,3.1704558876777207
23671,3.3209273177816234
23672,3.3209273177816234
23673,3.5002628521756867
23674,4.192418616047547
23675,0.7853178675227436
23676,2.76787498745021
23677,3.470057738501054
23678,3.1053461466044343
23679,3.0593448344539
23680,3.0941739307899088
23681,3.5422345725914273
23682,4.078749310252468
23683,3.663639259896216
23684,2.9833583648963384
23685,2.3985143889636666
23686,2.380626642265586
23687,3.1603100964679105
23688,3.3874871429822364
23689,3.5490972319963574
23690,3.691557117534975
23691,3.2253326478359665
23692,1.7165681986826762
23693,3.1295283397556517
23694,3.533228221553622
23695,3.533228221553622
23696,3.702793624696295
23697,2.749916490455157
23698,0.2885195676156805
23699,1.745363905424804
23700,3.807579801247721
23701,2.8937056518544457
23702,2.3074810664787604
23703,1.9467909704591202
23704,1.8000234942879432
23705,3.0313568848570784
23706,3.9625199311120394
23707,3.8020752834453666
23708,3.369591572002609
23709,2.7652586337040406
23710,0.844279334734464
23711,0.38825795882387343
23712,0.25234785535340315
23713,0.16186098202339044
23714,3.093703702571519
23715,3.057648849297434
23716,3.3430729701298123
23717,3.8415163424194994
23718,4.1112246759473905
23719,0.9598805471341281
23720,0.1702357395134303
23721,0.49234156722006706
23722,2.7631069942652617
23723,3.496558779698856
23724,3.2041705407163135
23725,3.1315416448772346
23726,3.3209273177816234
23727,3.5328311505188488
23728,3.8415163424194994
23729,0.492063996913589
23730,1.8364432227814296
23731,3.0027569575248725
23732,3.041345181216125
23733,3.1826611519577783
23734,3.523460485072068
23735,2.49481091043132
23736,0.9636464021942922
23737,0.7090763226045096
23738,0.6275166718636184
23739,1.4831354124719907
23740,1.6079066372045498
23741,2.9029276198914804
23742,2.9227364018723025
23743,3.399463475596488
23744,2.9103155873490625
23745,2.338190825959027
23746,1.8545747578429852
23747,1.6043049845557393
23748,0.9171108580624452
23749,1.337460821036573
23750,2.6360880335394734
23751,3.0532472228818484
23752,3.508819107501932
23753,2.215059246646249
23754,1.4893036754125257
23755,0.7540784657633359
23756,2.875370801902372
23757,2.9546583890312728
23758,2.734873077486659
23759,2.70059258455757
23760,3.575426317077078
23761,3.3366765627003474
23762,2.7118720439339192
23763,1.6523926798348674
23764,0.2259815654253598
23765,2.7665966465648126
23766,3.078306610906778
23767,3.2449020142173954
23768,3.5968944210793197
23769,2.777234966318292
23770,2.2127060486004937
23771,1.324283779092363
23772,0.8848145177322229
23773,0.3271967713502315
23774,3.2805312968318554
23775,3.037390941432986
23776,3.037390941432986
23777,3.48853470700945
23778,3.8642059913460947
23779,2.730685183330709
23780,0.8405733308033608
23781,0.49169757379509055
23782,0.24074100430159565
23783,0.005978493114436651
23784,2.4337521961739603
23785,2.1333602049673344
23786,3.0255886309299944
23787,3.184345000599953
23788,4.106126689948728
23789,3.586540098543299
23790,2.7544379767988225
23791,0.9564547564800826
23792,0.22486766552040846
23793,0.23224700199073312
23794,2.625769957979589
23795,2.846081950781724
23796,3.387066427887734
23797,0.5845984531360868
23798,1.7183804111247118
23799,2.1609679571254747
23800,3.0254623867913972
23801,2.895091295935104
23802,3.066955327993161
23803,0.9281608494192642
23804,1.2417347536782797
23805,2.4431209234840807
23806,2.861710091337795
23807,2.9445805705287205
23808,3.531891476277025
23809,1.7867533639101276
23810,0.3675515364278513
23811,1.2573593175204085
23812,2.7137750737782813
23813,3.405711431001542
23814,2.981033008161229
23815,2.8068419500449036
23816,3.6509510923511677
23817,4.037956666790153
23818,0.1903948257044833
23819,2.5962498936435274
23820,2.5554921571628757
23821,2.946218687203567
23822,3.6480097676870926
23823,2.0628436479471106
23824,1.1533490446965722
23825,0.648790798585349
23826,1.5316723177128904
23827,3.135493974783446
23828,3.135493974783446
23829,3.6686660226749925
23830,0.6462659935589953
23831,0.4811672632511278
23832,1.6315657611432033
23833,3.2513078536625826
23834,2.8190744865547734
23835,3.2336819933251575
23836,3.2336819933251575
23837,3.2336819933251575
23838,3.7026015591510637
23839,2.66189302031852
23840,1.3224212963381312
23841,0.7747459029707371
23842,1.5518938085153084
23843,2.9191566659464185
23844,2.847442475931109
23845,3.246132421668214
23846,3.4637447234769954
23847,3.7724299153776455
23848,1.8039032218143616
23849,1.2999637689589156
23850,0.841822198269596
23851,2.8747635679440893
23852,3.16770823126431
23853,3.16770823126431
23854,3.3696654486747493
23855,3.041561341532386
23856,1.7705638601088503
23857,0.8556071248636983
23858,0.4553342824736734
23859,0.4086137202181092
23860,1.3561934089264938
23861,1.779578827009823
23862,2.95190872409748
23863,2.9804182887694104
23864,3.4496128729425974
23865,3.8853245830939347
23866,1.755147611408007
23867,1.344266019691117
23868,2.8188918769747953
23869,2.8560209743813605
23870,3.0798515384466816
23871,3.0798515384466816
23872,3.2245518700627054
23873,2.0433315483630246
23874,1.4903976453816334
23875,0.39510087492044355
23876,2.5690483740302117
23877,2.879700689384575
23878,2.8846507106614374
23879,2.9217798080680026
23880,3.1446439342902544
23881,3.1446439342902544
23882,2.063139434358027
23883,1.1848955725145531
23884,0.28260201590417405
23885,1.5944281059048422
23886,2.631582754179666
23887,3.34855361128525
23888,3.1863903950543135
23889,3.1863903950543135
23890,3.3679174124885414
23891,3.4862559271993208
23892,2.7501372054672153
23893,0.4673744867324826
23894,0.05081284737839502
23895,2.435547444551227
23896,2.9937459469021803
23897,3.1707720963996766
23898,3.1707720963996766
23899,3.3353491141453793
23900,2.084048603702323
23901,0.6172044058679775
23902,2.380838326314953
23903,2.957568026622511
23904,2.9044616389276294
23905,3.078625173391585
23906,3.358034973036976
23907,3.2816166011435475
23908,2.664609547578319
23909,1.6673814309475798
23910,2.945355557208947
23911,3.249308254214541
23912,3.488482998010028
23913,3.1711540390178237
23914,2.5332424365417348
23915,1.9546837719652923
23916,0.7202747437305226
23917,1.1207091557728854
23918,2.0398881525922485
23919,3.399860069037372
23920,3.399860069037372
23921,2.3755223534980607
23922,1.3875931513640611
23923,-0.028773244263954986
23924,0.05865165110765987
23925,2.6639350918902176
23926,2.8097115823908654
23927,2.8468406797974306
23928,2.8647732896700693
23929,2.8647732896700693
23930,3.38531914907976
23931,1.771935270365354
23932,1.3088572935988472
23933,0.8261307907645186
23934,3.806331032576763
23935,3.0852404449430684
23936,3.194019614766571
23937,3.5321089531866616
23938,3.4543793800144225
23939,1.3106258682413168
23940,1.112734118554948
23941,1.752840980957162
23942,3.1813659812053405
23943,3.224509368932495
23944,3.388579176959277
23945,3.802342188264553
23946,1.1388849232500646
23947,3.544803635527609
23948,4.01592797044838
23949,2.747255151436884
23950,1.54137772869305
23951,1.1604809308249298
23952,0.5640629308939383
23953,2.9431025213131656
23954,3.6644520880594547
23955,2.9940572850979184
23956,3.1764737547753823
23957,3.2136028521819475
23958,3.4213623720852446
23959,4.135300253693896
23960,4.100190538158743
23961,2.9509959732199147
23962,1.3529511174502382
23963,0.916106894729569
23964,0.6900213400367657
23965,1.0100101579882084
23966,3.053938325393634
23967,3.595381000899447
23968,3.9542863503346486
23969,2.986960237581779
23970,1.4704878553828309
23971,0.7845588664632137
23972,3.09043466746784
23973,3.884247664811901
23974,2.9558650603632857
23975,3.060512537674667
23976,3.353084147522272
23977,2.950865538605016
23978,2.0547183489903427
23979,0.6952325359441475
23980,3.3209273177816234
23981,4.175660781280905
23982,3.0299913279250523
23983,2.4513807284974884
23984,1.9268904638390834
23985,0.6351044540948219
23986,3.0018862317729402
23987,3.323110854706972
23988,3.8509197644920774
23989,4.017096932143692
23990,2.538137757608469
23991,1.2261127556809854
23992,0.831375242240356
23993,0.7523033054302773
23994,0.7527330277049187
23995,1.6545212549272263
23996,1.8058777774342905
23997,3.3412432393221154
23998,3.3874871429822364
23999,3.85376851271733
24000,2.879716412860453
24001,2.514312790547887
24002,2.4826325367836892
24003,1.4762625925986053
24004,1.149328589848796
24005,1.0546696645463156
24006,1.3711212897453897
24007,1.5043949195060329
24008,3.1573678743311353
24009,2.080674832182748
24010,1.8362621260351843
24011,0.36343080522593685
24012,0.24539918997797705
24013,0.6017031527704348
24014,2.8492505116877456
24015,2.944449009562617
24016,2.944449009562617
24017,3.5427588517258304
24018,0.6259430100278934
24019,0.21494893334423693
24020,2.7292375069882437
24021,2.994227787450513
24022,3.218392288390729
24023,3.218392288390729
24024,1.3160177786918528
24025,0.5245208274767503
24026,3.493534307215859
24027,3.3430729701298123
24028,3.3430729701298123
24029,4.211795958286951
24030,2.9655552225915383
24031,2.1154089099494917
24032,1.4365437056363892
24033,0.5516889057934359
24034,3.3209273177816234
24035,4.211795958286951
24036,4.155106712503591
24037,3.709380731045283
24038,2.402947834341598
24039,2.211011151678083
24040,1.915992633008395
24041,0.35643599072091525
24042,0.6135494372266805
24043,2.9245227127873354
24044,2.9819813154682953
24045,3.016810411804304
24046,3.1826611519577783
24047,3.8266127305105933
24048,2.974724326578258
24049,1.9627568221956067
24050,0.6628318810803642
24051,2.082115831831878
24052,2.5315071971391316
24053,2.9575654982083113
24054,3.5606726459703446
24055,3.7031325315089623
24056,3.865343926691317
24057,3.5367102449931456
24058,2.395675499705378
24059,1.3986390240288828
24060,1.8684516446488635
24061,3.0254076883063648
24062,3.1892572182424113
24063,3.244698966801641
24064,2.031784938525902
24065,0.6137771277322195
24066,0.5921830635295701
24067,1.7442694374555305
24068,3.2058989072842117
24069,3.9178693372413265
24070,2.199240512511329
24071,0.5180075589612604
24072,2.876306307868126
24073,2.917145817304458
24074,2.954274914711023
24075,3.2449020142173954
24076,4.046238753936598
24077,1.8961191988071742
24078,0.5149606255589222
24079,2.550299582639503
24080,2.813506852068883
24081,2.8593921365110218
24082,3.037390941432986
24083,3.1985570343055723
24084,1.8592722230374243
24085,3.184345000599953
24086,3.7753030182535623
24087,4.050468355345388
24088,1.4987645401526053
24089,0.5149853983942341
24090,2.9076664902221547
24091,2.85089427092277
24092,2.85089427092277
24093,3.2643158335330282
24094,3.5428366122497033
24095,3.1448310022344237
24096,2.5566023331946504
24097,2.0622771114929983
24098,1.799753409074198
24099,1.293640045396918
24100,0.8378641226928497
24101,0.6206666092452473
24102,2.924934635603869
24103,3.22697718347408
24104,2.7056682490682658
24105,1.9848607787680232
24106,1.462115040153834
24107,1.4507820781132437
24108,0.9252831284792059
24109,1.3786872424245906
24110,2.4183100052089466
24111,2.3224860118153705
24112,2.9445805705287205
24113,3.389431590738407
24114,3.6570047286716245
24115,2.903602066080592
24116,2.3394061004106725
24117,1.52449110562993
24118,0.14654110068333245
24119,0.10490300680266053
24120,2.843971047451469
24121,2.9907040075939193
24122,2.9907040075939193
24123,3.310827829077741
24124,3.7158088965079963
24125,2.647707327714549
24126,1.9635114270857552
24127,0.9349324125037165
24128,3.063735682324309
24129,0.524781276648788
24130,3.064231829188536
24131,0.32793527268056577
24132,3.064231829188536
24133,1.5810687569030168
24134,3.757531625452948
24135,2.969311898914093
24136,2.752485115776397
24137,3.00139093912808
24138,1.6403410083634782
24139,3.3203234405309696
24140,2.2089250589378957
24141,3.3832565640358405
24142,2.775789660014692
24143,2.748363278330154
24144,3.470875177568019
24145,1.5929868060381345
24146,2.3383934250957576
24147,0.2501615848854779
24148,2.248041990779175
24149,0.11338896289203675
24150,1.165689801827729
24151,2.593199780932734
24152,0.836433790609251
24153,3.312483757489041
24154,1.115989437333049
24155,2.934821722585072
24156,1.0735583864556635
24157,3.3599808307743415
24158,2.741992908994746
24159,4.044337307011638
24160,3.4257261393266165
24161,3.3781912348632845
24162,3.4452513825109543
24163,0.29965732392495403
24164,3.544803635527609
24165,0.1788867564185011
24166,3.742581808186687
24167,0.23400333045482857
24168,3.331982878164485
24169,2.915012628267019
24170,2.2662618991064294
24171,4.086072131122273
24172,0.7043642689250549
24173,3.8151323984646233
24174,0.5687841149960478
24175,2.1263801028569973
24176,1.834157633271794
24177,0.5079260218377044
24178,3.2136028521819475
24179,0.21780828896387874
24180,2.6182502432442947
24181,0.193307479165855
24182,2.358289223747054
24183,2.5783245913117914
24184,1.7784995336593508
24185,3.2294506478424845
24186,0.7288937464533208
24187,3.9809277465056527
24188,1.9462213996785702
24189,3.638328868672067
24190,3.060723704340981
24191,3.3315582718345707
24192,2.9948642068181233
24193,2.620797772073341
24194,2.9154986035127006
24195,0.5370926232486363
24196,2.881218110583611
24197,0.547598356580215
24198,3.2724078406215695
24199,1.3498145302347315
24200,2.703653745106724
24201,1.597249135754631
24202,3.163157077178206
24203,2.6380021558069786
24204,3.007768898844525
24205,2.941841674411537
24206,2.921035964027277
24207,3.1381461014299186
24208,3.5091443293822047
24209,3.4554181950221112
24210,3.815235737376642
24211,3.597878080560729
24212,3.4198151827272825
24213,3.7407577611107015
24214,2.694206900722997
24215,1.9386007345837943
24216,2.617860028659061
24217,0.9487939748618804
24218,0.6869182445530015
24219,1.0120679495787646
24220,1.853722613164899
24221,2.677983856207975
24222,3.123898272635743
24223,3.760211330699335
24224,3.8089480440763372
24225,3.317928144605943
24226,3.7299347998225967
24227,0.7125550134175241
24228,2.228193304426908
24229,0.041805823724074216
24230,0.9755482641661416
24231,0.12879247078197653
24232,0.5303231041553156
24233,1.5737157140003817
24234,0.3779910075890566
24235,2.766529348981094
24236,1.7584261860817794
24237,3.0798515384466816
24238,3.3064290808812427
24239,3.5312303279417048
24240,3.323110854706972
24241,3.9498925589184113
24242,2.059740652822868
24243,3.3714854905805365
24244,1.169858287139834
24245,2.686959078662519
24246,2.874087074795233
24247,1.0342516561730155
24248,3.1056722181510796
24249,0.5796294329490375
24250,3.1254810001319018
24251,0.12492373052781187
24252,3.5064942317235523
24253,3.7713567408370623
24254,1.9157673019674144
24255,3.3723178347887317
24256,1.0971007154237011
24257,2.708263003338574
24258,1.9964059232639042
24259,1.7419019258857427
24260,2.7640423121545155
24261,0.15030259459991666
24262,2.9485216123634843
24263,0.1328986715001724
24264,3.433675968536967
24265,3.1863903950543135
24266,3.8452535102349126
24267,3.643157798994765
24268,3.9761397869579866
24269,4.045094071399939
24270,3.468201443345521
24271,3.8140882185393505
24272,3.1193177007202992
24273,-0.07193330028828396
24274,1.2934787289042116
24275,0.13993862343489513
24276,0.34352578933611844
24277,3.05132963911188
24278,3.000241103841246
24279,2.066717156766499
24280,3.685924087070765
24281,2.949932529078579
24282,3.02933899851956
24283,3.698498169079063
24284,2.858767546550384
24285,3.3706658777390333
24286,2.895896643956949
24287,2.7183289359633194
24288,2.944449009562617
24289,0.11458868602050162
24290,3.2026355884524036
24291,0.039549495620669076
24292,3.94988865570472
24293,1.7759805822797148
24294,3.4203807372482853
24295,3.0619433995658554
24296,1.5644150259663332
24297,1.8213102391473723
24298,0.44432263300728636
24299,1.3173707862919266
24300,0.31138437975006716
24301,0.7981106730861612
24302,0.6089791604527455
24303,0.7156775486845212
24304,3.529269685357281
24305,0.5449315325463534
24306,3.098752567253178
24307,1.3583781497941056
24308,2.9769392347862293
24309,2.7433365689181644
24310,3.218392288390729
24311,2.9891689750325483
24312,3.2806414213989603
24313,3.249308254214541
24314,3.6036145816768377
24315,3.6309428835486455
24316,2.220795742699175
24317,3.787381254402526
24318,1.9042088929058558
24319,1.1297391411610058
24320,1.6159931077441574
24321,0.8109090952513612
24322,2.7125950916629096
24323,0.17058789208973582
24324,3.023531462406073
24325,2.901641132265086
24326,3.0228197529614254
24327,3.5546669555316845
24328,3.5328311505188488
24329,3.697126841070302
24330,3.6654986944890826
24331,3.822240093464902
24332,2.281448673463654
24333,0.7558821450904686
24334,0.30073233629994106
24335,0.16982168505393141
24336,1.642740065112143
24337,0.07596203269530342
24338,3.0974242579858737
24339,3.325973652622094
24340,3.096712548541226
24341,2.241566964276989
24342,3.3209273177816234
24343,3.690290829037111
24344,3.0094372591477385
24345,1.0000589066100647
24346,0.8431706094849638
24347,3.647640599397073
24348,3.165979378132049
24349,3.499437879130214
24350,3.808123071030864
24351,4.035952616791253
24352,2.3292906226371644
24353,1.037093594268676
24354,3.353219571936367
24355,3.399463475596488
24356,3.2555486611055597
24357,1.1562678283333514
24358,0.9373249697431754
24359,1.4450540068552276
24360,2.8444009609141974
24361,2.9639874130698205
24362,3.046857892260746
24363,3.046857892260746
24364,3.3611212503004686
24365,2.9397222681467507
24366,2.615028244653513
24367,1.0980567630677158
24368,0.8334330514516067
24369,3.664612365247249
24370,2.737721681964135
24371,2.706674905690713
24372,2.706674905690713
24373,2.706674905690713
24374,3.7263305258680024
24375,1.1498450794279316
24376,0.6473586017786922
24377,0.32056027426676886
24378,0.18762202100954972
24379,1.6684060568533357
24380,3.461707632149552
24381,3.2449020142173954
24382,3.4808561574472425
24383,3.80382931772512
24384,4.149543711056563
24385,0.3707362306973057
24386,0.6504813685361749
24387,1.761845112636982
24388,2.7275794195885923
24389,2.9025355242381763
24390,3.7946361964028443
24391,3.4668039050628146
24392,2.2134264378691237
24393,1.425186142834954
24394,0.36572654774879665
24395,1.516125045640873
24396,3.117972687312715
24397,3.0248769214853466
24398,3.0597060178213553
24399,3.184345000599953
24400,3.4666178263529113
24401,2.2566076043452314
24402,2.050219212384702
24403,0.45554930990358444
24404,1.5039549511233734
24405,3.291729884657543
24406,2.8578129633823
24407,2.9508098779493093
24408,2.822155617286297
24409,2.959671300507365
24410,0.7914126253834148
24411,0.6206666092452473
24412,1.5397892473122494
24413,2.727832558202271
24414,2.8578565291364213
24415,2.8817912478767145
24416,2.9792184831312762
24417,3.0254623867913972
24418,2.4457073915587295
24419,1.7707714145380913
24420,1.7942658432603102
24421,1.240816328067386
24422,1.054641675615238
24423,1.7604001384872192
24424,2.4709604580595643
24425,3.299428331960591
24426,0.7754115073267099
24427,0.041805823724074216
24428,-0.1636310278054187
24429,2.7544794220512023
24430,2.9907040075939193
24431,3.3261549333403413
24432,1.5930527993053856
24433,0.1962856931208902
24434,0.4560451146973794
24435,2.8955542472248244
24436,3.639706701875631
24437,2.592621254569441
24438,2.946218687203567
24439,2.946218687203567
24440,3.6892380914885763
24441,0.10722586372140512
24442,0.44020003744548314
24443,2.921550379238231
24444,2.8457930504157787
24445,2.8916783348579176
24446,3.135493974783446
24447,3.7772301409116147
24448,2.6077088419504655
24449,2.084048603702323
24450,1.635409916602211
24451,1.2488390557763922
24452,2.5343369965569993
24453,2.836836944558648
24454,2.8711992104434176
24455,3.3939163672504127
24456,3.416093492416293
24457,1.70899215716395
24458,0.42857207652835105
24459,3.2442845179897453
24460,2.90902701537154
24461,2.9521704030986946
24462,3.246132421668214
24463,2.047108949766878
24464,0.720037523281055
24465,0.5479215811979887
24466,2.0315538148768892
24467,2.8986982866843825
24468,2.5011503511520954
24469,1.3067891553727753
24470,0.5903118435560197
24471,2.770901996705313
24472,3.3500606199259426
24473,3.4496128729425974
24474,3.6177514451607173
24475,2.922101878725944
24476,2.3579059130560247
24477,0.3675515364278513
24478,0.14654110068333245
24479,0.4233172161083067
24480,2.44971746237866
24481,3.223331626172291
24482,2.794520649495081
24483,3.6899328390398907
24484,0.2614881309503617
24485,0.129838551390686
24486,1.5454993728125195
24487,3.335136459902157
24488,2.993687883140679
24489,3.1446439342902544
24490,3.171518361539617
24491,3.461046716423067
24492,3.8516087223959903
24493,0.6983297905933333
24494,0.44402960801276625
24495,2.9782532793452057
24496,2.9036502327345763
24497,2.938012498619346
24498,2.981825916442947
24499,1.6103414325559027
24500,1.1192425313324743
24501,0.7313036260525791
24502,-0.06612131347511416
24503,1.2903371213269705
24504,2.9155702631938096
24505,3.1707720963996766
24506,3.6440343060460303
24507,4.059161534554965
24508,1.692557577158629
24509,1.3059867163328103
24510,0.3049926103353328
24511,0.23952208391004517
24512,1.3628438158970024
24513,2.8460351115541314
24514,2.8606482211040283
24515,3.078625173391585
24516,3.666720164937627
24517,3.9262063672357375
24518,3.5171805832727436
24519,2.0957667085069542
24520,0.5388275652948943
24521,0.5027594091857337
24522,2.1016861100698385
24523,2.925546775228125
24524,3.20306435055442
24525,3.517323716877644
24526,1.6269654900958335
24527,0.45858142177789163
24528,0.2173084543453
24529,0.7740421214503913
24530,1.433097168337649
24531,2.7206344048729187
24532,2.9301506969370164
24533,3.3003078160207173
24534,3.3870865089128794
24535,3.0235000991243717
24536,1.7791395861972308
24537,0.34733937583604635
24538,1.525170542240232
24539,2.8402099724471674
24540,2.8647732896700693
24541,3.0451958858063333
24542,3.7723247235187456
24543,3.267192060475029
24544,2.6242277814021353
24545,1.3132812530578497
24546,2.203293944611436
24547,3.4741495058525733
24548,3.7950057023219266
24549,3.4180533532766195
24550,3.384371476783239
24551,3.4613576498009135
24552,3.918386387263101
24553,3.1538929757123904
24554,1.5669925452451108
24555,1.3022856824552915
24556,3.5731271860705176
24557,3.734096478164333
24558,3.8103669128144686
24559,3.874410713837898
24560,4.071835817872231
24561,3.0843622640731527
24562,1.4304477292359492
24563,1.0711916012766187
24564,1.3423559975959907
24565,3.7659778248959688
24566,4.151629530109414
24567,3.816572656879662
24568,3.410381433896213
24569,1.6148046900132689
24570,0.7836389395346913
24571,1.317458810408734
24572,2.2832001697469257
24573,3.591521022551631
24574,3.591521022551631
24575,3.591521022551631
24576,2.7004935090812623
24577,0.8434346786378564
24578,1.2941569503256303
24579,3.384231304604307
24580,3.1594496877959153
24581,3.4027657718565547
24582,3.9597943592871148
24583,2.591018202836964
24584,1.3287775423230757
24585,4.6301824581489335
24586,3.9037995750491272
24587,3.410760696183608
24588,4.04164895254162
24589,2.1078708909205477
24590,1.5861513481139402
24591,3.7198090885071085
24592,3.738662795851102
24593,4.439106250602539
24594,3.9273690749617085
24595,2.6030870302529596
24596,0.7773465405397052
24597,4.32201780464456
24598,3.5840222509055955
24599,3.8784806392323277
24600,4.220985361084275
24601,4.263784566698684
24602,2.1331676141430864
24603,1.4468818402650756
24604,3.7330044441872925
24605,3.8893955564229707
24606,4.047987227312152
24607,3.709519848473508
24608,3.03348867019453
24609,2.6129857656696283
24610,1.3146571166602499
24611,1.262429242235155
24612,1.3176106501738727
24613,3.7529816988759617
24614,3.882560482882631
24615,3.5536020526265277
24616,2.1887191161331843
24617,1.88941466796539
24618,0.3407789873862627
24619,3.2366857169200673
24620,3.2738148143266326
24621,3.3353429823697405
24622,2.445164758088013
24623,0.4377915558012417
24624,3.264546901125768
24625,3.921469028261722
24626,3.5072529409066444
24627,3.4421773786452765
24628,3.6158533470701943
24629,3.9534057588790197
24630,2.9720642176718473
24631,2.380893294859072
24632,3.5715521736824836
24633,3.4513472519056188
24634,3.7405340288092774
24635,3.7405340288092774
24636,3.842658550238181
24637,2.441546225623551
24638,0.5235749587569457
24639,2.0552600541389543
24640,3.4469607070501667
24641,3.4817898033861754
24642,3.7198090885071085
24643,3.738662795851102
24644,4.211581939011696
24645,3.9068150061843947
24646,2.0315808509170403
24647,1.125704504559525
24648,1.0086864298490885
24649,2.24896321180824
24650,3.493556006295715
24651,4.487335039823557
24652,3.8116334073057545
24653,3.486934485896617
24654,3.415692182529789
24655,2.402717583957383
24656,2.0783450401042516
24657,2.8807069186068746
24658,3.345564047002208
24659,3.841525630841693
24660,3.841525630841693
24661,4.0798370606761525
24662,3.1559006374591183
24663,3.3409176087982178
24664,3.4031206144029946
24665,3.545946898868847
24666,1.1490230917866087
24667,0.9301101726430722
24668,3.0190124430739713
24669,3.0561415404805365
24670,2.3513502667528647
24671,0.44882418788236467
24672,4.2527684603594915
24673,3.6437837849428805
24674,3.649076080408987
24675,4.153620494927305
24676,4.282614989244385
24677,3.810413012559253
24678,1.9492717407373803
24679,0.7105352207484403
24680,0.5064850734297741
24681,2.9155287263147938
24682,3.429009814071762
24683,3.429009814071762
24684,2.373523990029021
24685,1.549165611148026
24686,0.9662189287528212
24687,3.45340442042954
24688,3.6114517874981265
24689,3.6114517874981265
24690,3.782589473603798
24691,2.989909230561069
24692,2.4167051565051287
24693,1.0821003544295433
24694,3.620742817705611
24695,3.3347732771203282
24696,3.2780010578209433
24697,3.256655063760416
24698,3.7238662278288186
24699,2.7691946250578856
24700,2.198202610702195
24701,0.8323511351433116
24702,0.8323511351433116
24703,3.3463415686877545
24704,3.476895850865297
24705,2.9248318916493785
24706,1.5002743800257539
24707,1.370571615965124
24708,1.1543968467721237
24709,3.1854155360939753
24710,3.2682860152849007
24711,3.8020775971613543
24712,1.8947976478605641
24713,1.5776436475601356
24714,0.23358736349341347
24715,0.01240067907431777
24716,4.165711176523813
24717,3.6988714970950687
24718,3.3255733230233906
24719,3.2144058486332954
24720,3.3686221779636027
24721,3.3686221779636027
24722,3.607256588018846
24723,2.837005856407391
24724,2.0754004211414308
24725,1.62666245292581
24726,0.3918602883104081
24727,0.38596942089400127
24728,4.396539751684926
24729,3.259118506230628
24730,3.298374702381131
24731,3.6247310181472896
24732,3.8702677070676916
24733,3.5470209208122387
24734,2.199867915337704
24735,1.6517317329934758
24736,3.0414776106366053
24737,4.117574868400786
24738,3.4364298396977486
24739,3.3619285094832456
24740,3.4974671192035136
24741,3.659666184915253
24742,4.0021709067671996
24743,0.8104184350661633
24744,0.4337726681425294
24745,2.9534291483419937
24746,4.312485346287253
24747,1.4233274798818998
24748,0.8773182161508941
24749,0.4294928148619428
24750,0.40499200506391897
24751,2.9974167430967857
24752,3.992547815407001
24753,3.625258706775246
24754,3.2875001900531693
24755,4.122221092579831
24756,3.867992096467727
24757,3.5383638558023773
24758,2.178540832132336
24759,1.8570557637445673
24760,0.7596061070960527
24761,2.9913735502538374
24762,3.288364447233901
24763,3.320105219768268
24764,3.954308190337904
24765,1.8293087870641915
24766,2.9155702577021576
24767,3.092393772692555
24768,3.3097161185507264
24769,3.669366350264937
24770,3.7989451342716065
24771,3.7989451342716065
24772,3.9990164330075624
24773,0.8134611969612927
24774,0.3205740105513158
24775,3.976908080781779
24776,3.226455775563187
24777,3.4874154370350734
24778,3.550626357222519
24779,4.160012898404291
24780,3.917200653942325
24781,0.46125746863806244
24782,0.7552493945631845
24783,1.9349460770700286
24784,2.9206609723315164
24785,1.7950544678159484
24786,0.7565169844154606
24787,0.3458771897894346
24788,1.9838748101623507
24789,3.704079566197407
24790,3.519603653065056
24791,3.370711670542655
24792,3.619089566977623
24793,3.7040155306015334
24794,1.6987320877299525
24795,0.6315269282396505
24796,3.81931718255251
24797,2.7925434436187
24798,3.588359625941247
24799,4.279305504994019
24800,2.2210728710929164
24801,1.7513025041139703
24802,0.7813568473751455
24803,0.3262732119185655
24804,0.2634996472357544
24805,0.6238514174801708
24806,1.764556145871533
24807,3.7255555700631393
24808,3.496212702933155
24809,4.146350337674796
24810,1.4182769698356952
24811,0.9622631145933295
24812,0.9573621913234375
24813,0.7566160584444176
24814,0.7505120911929585
24815,0.82670419919095
24816,2.038354664884685
24817,3.3723548753179684
24818,3.6149520262817023
24819,3.691222460931838
24820,0.961959386369438
24821,0.6702659476759556
24822,0.4329525537679409
24823,1.412722439572517
24824,2.2897401798034522
24825,3.8521555336508237
24826,3.1371367680999436
24827,1.4463380783194024
24828,0.8567883286342369
24829,0.28000919818166403
24830,0.17527392122240584
24831,0.7117657232774474
24832,3.0750394457568504
24833,3.272337188258461
24834,3.9024470015578063
24835,3.456490589167871
24836,1.901166062707879
24837,1.4084423577226641
24838,1.0103360944390325
24839,3.384371476783239
24840,3.9555856477913944
24841,2.8083283912852446
24842,1.7406077683098622
24843,1.3474919292223162
24844,2.0203113823330185
24845,3.150235395283958
24846,3.616270573797672
24847,4.033002384727079
24848,3.644921854292109
24849,2.4667121284362072
24850,2.0372611563656338
24851,1.3975374055347083
24852,2.323590125339187
24853,3.55763980052539
24854,3.9144103162466317
24855,4.030699077477133
24856,2.8256537071686116
24857,2.155112042304811
24858,1.2303240364068833
24859,0.8972664311813847
24860,0.7569650931502685
24861,3.656596584812999
24862,3.5543919251450657
24863,3.591521022551631
24864,0.9305200842777532
24865,4.091733924251072
24866,4.516096289955627
24867,4.30706086501394
24868,3.562844309351048
24869,2.391898877367477
24870,3.461196741003774
24871,1.0748355983158326
24872,3.384371476783239
24873,3.6475429527137093
24874,3.8332665181722994
24875,3.357260183108801
24876,3.60318004293699
24877,3.1965787852024805
24878,2.7502302395985296
24879,3.4027657718565547
24880,2.187894426297569
24881,3.5883794878724564
24882,1.4197000065741394
24883,3.945172178101629
24884,2.1721335134650923
24885,3.664447150750181
24886,2.652777008544008
24887,3.1837796169534704
24888,3.541386413536151
24889,2.8250994228760664
24890,3.8103669128144686
24891,2.0112285127492613
24892,4.025642224404525
24893,1.5534092859287154
24894,2.3214689520993934
24895,1.0786322125490375
24896,1.2645305211995257
24897,0.9432875700494776
24898,1.7615891352198543
24899,2.294286968628205
24900,1.8726630835075069
24901,3.2091180830332617
24902,3.0778030824289635
24903,3.4160529916497144
24904,3.746452581711631
24905,3.4160529916497144
24906,3.7659778248959688
24907,3.7413442524426106
24908,3.9144103162466317
24909,3.1280253943541143
24910,4.144121215423545
24911,2.7959930548697463
24912,2.394580602446879
24913,0.9013696166055802
24914,3.4204710749237996
24915,4.690178756438035
24916,4.498633922877962
24917,3.567916946357186
24918,3.786077863327992
24919,3.738662795851102
24920,3.71779113102635
24921,3.836508918816587
24922,4.3421705805490936
24923,2.042478681747728
24924,3.8214664670204286
24925,1.1627739904426129
24926,3.1086129406592313
24927,1.0623414206479846
24928,1.812109187279775
24929,1.0425070724342513
24930,1.3663046217507502
24931,3.2709396619380735
24932,0.887622450039585
24933,3.887899998411085
24934,2.2485364516811366
24935,4.32543694480746
24936,4.458774961694574
24937,3.861073535035328
24938,3.4027657718565547
24939,2.6898440593639403
24940,4.180699565499628
24941,1.078398678624745
24942,0.9432875700494776
24943,0.9993267418146662
24944,3.4874740691492336
24945,2.0467572546137878
24946,3.4593810202343063
24947,2.840047894662316
24948,3.2439471793692705
24949,3.264102112855116
24950,3.2431155073327678
24951,3.5186629170430987
24952,3.6150243757041536
24953,2.5560594981039078
24954,3.596975038476381
24955,1.9012200568726714
24956,2.671012570589266
24957,2.393231060630541
24958,1.2149153725092494
24959,4.084058612543141
24960,0.9096839079967262
24961,3.197716256452027
24962,1.3366203378157744
24963,0.520932161101923
24964,2.3023616971539655
24965,0.402900545853963
24966,3.544022400667097
24967,0.9195836906014604
24968,3.9012383694590147
24969,4.468997117362341
24970,3.640852543647425
24971,3.7430058144742837
24972,3.5247735586300313
24973,3.3906986844412255
24974,4.179013640668534
24975,3.340635277835847
24976,4.422348415835897
24977,3.340635277835847
24978,3.227425603064164
24979,3.5173324452970554
24980,2.3016202657471267
24981,3.9658165158863725
24982,0.6250144439734461
24983,3.002689007077218
24984,2.183211800825612
24985,2.054828933849663
24986,3.458226605179385
24987,1.7146142459453058
24988,3.493055701515394
24989,0.5342270022070721
24990,3.703890139560708
24991,4.4213923607026775
24992,3.7205719133864372
24993,3.4050482812387113
24994,3.7205719133864372
24995,3.6158533470701943
24996,3.1807926400354503
24997,3.6158533470701943
24998,2.471941350283885
24999,3.596613068649847
25000,1.3517583536304465
25001,4.031738511241027
25002,1.0973689229054109
25003,0.9297345558240776
25004,2.2407396127328387
25005,0.38470360448039514
25006,3.491048081268203
25007,2.073023442137651
25008,3.5534920133791075
25009,3.203394140433752
25010,3.809274878837428
25011,4.333228747642343
25012,3.809274878837428
25013,3.4861763482416275
25014,4.086820660457304
25015,4.198020527133808
25016,3.3791049051700432
25017,4.444922180964055
25018,1.9891942632876323
25019,2.1972271216741364
25020,1.772784512776223
25021,0.39307836197043505
25022,1.671591236150911
25023,3.9258251545893987
25024,1.6705324549093965
25025,3.869077217159749
25026,3.099852485588733
25027,4.458483592841943
25028,3.2600212889084053
25029,4.401794347058583
25030,3.4488340700946463
25031,2.5546541360970694
25032,3.47667360467013
25033,2.2844381129983016
25034,3.882560482882631
25035,1.1201941626102045
25036,3.9706364745967258
25037,0.7390874332979787
25038,4.091566927229009
25039,3.3808630861937803
25040,2.828315046186885
25041,3.563440436811514
25042,1.3887925274228445
25043,3.5801222106372435
25044,0.5010271452121045
25045,4.073300365065586
25046,2.092542627870597
25047,3.1721586017173697
25048,3.434418742477183
25049,2.646517212186791
25050,3.8912752385217773
25051,1.2243193205451481
25052,4.175027080463462
25053,0.9560997589888989
25054,3.5293640924710576
25055,0.9868003723551599
25056,0.7034104331991461
25057,2.0019531559109587
25058,0.6671652554642914
25059,2.5007217676364677
25060,0.9775531595737411
25061,3.317949211227312
25062,2.2570538286814363
25063,3.746401488847564
25064,4.1889331462770185
25065,1.7831394604277853
25066,3.5763971559704157
25067,1.6550057010326769
25068,1.9860271046305014
25069,1.3826343885962935
25070,1.439997247004925
25071,1.1720827804105434
25072,0.6111005812808782
25073,3.372552953220843
25074,0.47519047781040785
25075,3.2580471296072924
25076,0.893094826597746
25077,3.3409176087982178
25078,3.863991928661149
25079,3.570266794033106
25080,3.7405340288092774
25081,3.330099576082648
25082,3.855515805281862
25083,2.3433779499866985
25084,4.3376378911123705
25085,1.5627306367327447
25086,3.1427150783406366
25087,1.1613910410196546
25088,1.5605231739494618
25089,2.0903956866887223
25090,1.0855261450835882
25091,4.418188819856739
25092,0.7745315282504409
25093,3.006564413203364
25094,0.875563371632112
25095,4.076106051879979
25096,3.20527243081956
25097,3.9547189632574264
25098,4.2876196079087965
25099,2.917402837495491
25100,3.5671656288270315
25101,1.2658367498226426
25102,3.738662795851102
25103,0.7864061532769561
25104,3.2068715342868503
25105,0.4104646434665545
25106,0.5911938013882834
25107,0.9012293633733053
25108,3.5801222106372435
25109,3.208762083119111
25110,3.8356839457711143
25111,3.4880880552194897
25112,4.178188667623062
25113,3.3456733162486514
25114,4.282640251346247
25115,3.649076080408987
25116,3.7208947602111797
25117,3.3133560180263744
25118,1.240669955319533
25119,3.527888116665192
25120,0.9098553174647537
25121,3.825289603732339
25122,1.8598021093679373
25123,3.6736094890306212
25124,3.3803931433382166
25125,2.9374907672985158
25126,3.9212453897869715
25127,0.7145401962520955
25128,4.118670493821305
25129,0.7489483521608417
25130,3.760010281133115
25131,1.928645034667686
25132,3.42959533782965
25133,3.9090335155226494
25134,3.0843622640731527
25135,2.8550148188404196
25136,2.535654183764117
25137,3.6114517874981265
25138,2.452923496216243
25139,4.308797252935488
25140,1.969307428100202
25141,2.132037424109347
25142,1.2025488045099537
25143,1.6227440084656775
25144,1.6402817638884868
25145,0.7566700410331504
25146,1.7347230112915555
25147,0.8087704699674564
25148,2.158120649085188
25149,3.0740477876834604
25150,2.8835957813873736
25151,4.0968209955692885
25152,3.3447134186453593
25153,3.2780010578209433
25154,3.0181208238784785
25155,3.568723411149348
25156,2.693426800385241
25157,3.6225163635788222
25158,2.1052118998461204
25159,1.4420810729758342
25160,0.789808834611956
25161,1.0330972680223303
25162,0.7682147704093065
25163,0.9085432431413029
25164,3.2997761108795958
25165,1.8811170337218706
25166,3.6660735870523298
25167,2.5579690552477503
25168,3.216822938386857
25169,3.08267239973612
25170,3.006564413203364
25171,3.3031981809606
25172,3.006564413203364
25173,3.4006254162151617
25174,3.4536940540087726
25175,3.476895850865297
25176,3.857040993752934
25177,3.2097628037888883
25178,3.542207356261919
25179,3.371362905609481
25180,1.726223093641151
25181,3.4080067990531955
25182,0.5434028967237737
25183,2.6420133903119893
25184,2.0809260458801475
25185,1.808930754410011
25186,3.7999612247798633
25187,1.02791602057615
25188,3.3828024136552166
25189,1.1226507584521943
25190,3.7968278046981294
25191,1.4755725631877183
25192,4.3759569262215425
25193,1.613024791664225
25194,2.990753557798225
25195,1.9947376877268517
25196,2.3441379309659514
25197,2.6076153556699637
25198,1.419597577610996
25199,3.2682860152849007
25200,0.9430017115543498
25201,3.6869201688575464
25202,0.566310825886824
25203,3.414474669460306
25204,0.9755010472797075
25205,3.011646350031028
25206,2.1641912017033906
25207,0.8707253058453429
25208,3.9749315861394066
25209,0.422712607644927
25210,3.379818452307716
25211,3.124879427644914
25212,3.3878573482408774
25213,3.2515349460398606
25214,3.27021263029922
25215,3.9811993812435658
25216,3.429009814071762
25217,4.24482699364535
25218,4.07758292603178
25219,3.515453462033183
25220,4.024299424198506
25221,0.5634255821611336
25222,1.94109043476207
25223,0.8035459925752096
25224,0.46358362675860043
25225,3.6839836921349565
25226,0.22882111557144139
25227,2.827881548334491
25228,2.8759176327282585
25229,2.865010645741056
25230,3.573609342206405
25231,3.259118506230628
25232,3.4882335167655487
25233,2.912127635106552
25234,4.125094195455747
25235,0.706977992407476
25236,4.332539905113706
25237,0.4457361800749957
25238,3.8220113523055455
25239,0.30280045891092294
25240,0.43655219141847246
25241,0.7815060092989919
25242,0.43973678539061417
25243,1.9503046998892775
25244,1.9225873332997594
25245,3.684480233561542
25246,3.436718740063694
25247,3.318785121756091
25248,3.3779166648474828
25249,4.254464229066639
25250,3.2492624041844707
25251,4.006893368707277
25252,3.357423294097659
25253,3.5849968188310912
25254,1.9060331800646868
25255,2.814514425918272
25256,1.0020165642000176
25257,0.499426661612655
25258,2.0908220921488057
25259,0.8413157828938688
25260,3.271457408426233
25261,2.021012465400712
25262,2.181166777521283
25263,3.3890451102908443
25264,1.8324251831322298
25265,3.6216237946480194
25266,1.4920051901485043
25267,3.6216237946480194
25268,2.6104862978601533
25269,3.6216237946480194
25270,2.47917439020718
25271,3.7098880145012996
25272,2.6354548902454473
25273,4.052392736353247
25274,3.8003423068039592
25275,3.6228990763841
25276,2.4474503843611086
25277,2.263404370247591
25278,0.3383226404526718
25279,0.7496106644766205
25280,0.4328609963707093
25281,3.6269117065219496
25282,1.6034855667536034
25283,3.643593480347679
25284,3.3686221779636027
25285,3.643593480347679
25286,3.9279650690286907
25287,2.8276033560411475
25288,1.0107033227125681
25289,1.0059746397767637
25290,0.5235098678700837
25291,0.7487771491467005
25292,1.9467378944459932
25293,0.8568953412943819
25294,3.3232161514018546
25295,1.7067116194349705
25296,3.032169287198939
25297,1.9682223696917365
25298,3.259118506230628
25299,2.427086465912175
25300,3.834631768291344
25301,3.3632486074954224
25302,1.2542552282403407
25303,3.5342234223279645
25304,0.30896355808155457
25305,3.5342234223279645
25306,3.4974671192035136
25307,3.973809908850672
25308,3.4974671192035136
25309,3.5759410780553873
25310,2.2210728710929164
25311,2.6845683367048805
25312,1.6941548435575522
25313,1.4076953389165439
25314,1.3497452393201608
25315,0.8019963694540839
25316,0.3786560941062019
25317,0.6670188083717377
25318,4.019295397103212
25319,3.2812065538787962
25320,3.5449007734069746
25321,4.000751723364958
25322,3.2401531277684437
25323,3.03014616267638
25324,3.283966545592045
25325,2.465950197006461
25326,4.044795626260286
25327,1.8687842803835792
25328,2.8686986042863265
25329,0.422712607644927
25330,1.7677370841192912
25331,0.23358736349341347
25332,0.8006357843814554
25333,1.95517462033953
25334,1.9413405127728176
25335,2.874122771355884
25336,3.389445652996535
25337,3.5059358475161377
25338,3.330643577780324
25339,3.3376232499532823
25340,3.7797163707278822
25341,3.2635848729697523
25342,4.207340961670632
25343,3.4874154370350734
25344,1.3952775674775486
25345,3.8647286294647873
25346,0.9617221659199713
25347,3.5758956616551174
25348,3.504661292493573
25349,2.8913692497371
25350,3.7957165194487246
25351,2.1723680178352565
25352,3.224979327085171
25353,1.5411547744186134
25354,2.0522374035593662
25355,1.1271700417984227
25356,1.0513662880420371
25357,0.6340235713509861
25358,1.0972917675026137
25359,4.103124003342791
25360,0.6709783818963144
25361,3.2687162703682024
25362,1.2918156076613745
25363,3.571750721188428
25364,1.635941067009104
25365,3.571750721188428
25366,2.0593264850924315
25367,3.571750721188428
25368,3.885594295061148
25369,3.5171357370092124
25370,3.4329744821056583
25371,2.1945713167234846
25372,1.4030109466464582
25373,1.280209371033186
25374,0.3383226404526718
25375,4.116541154725884
25376,0.7754779378326861
25377,3.4145250883662563
25378,3.4874154370350734
25379,4.049343831360148
25380,0.3296078890783868
25381,0.8322098095963475
25382,0.3246930682155127
25383,0.13364802421258667
25384,2.988140525815206
25385,0.12783603739941687
25386,3.71951416999288
25387,1.6797838255844797
25388,3.4272962514751364
25389,3.531523683524289
25390,3.3058453677747677
25391,3.588359625941247
25392,3.8140879062559314
25393,3.987556238522291
25394,4.081271950191651
25395,3.5830638467319758
25396,4.006612353657859
25397,2.930726904956262
25398,3.584715803781674
25399,3.2933473930273376
25400,0.478176611093692
25401,3.3371608108509387
25402,0.33266800918787315
25403,3.4795309291074257
25404,0.8041781276555072
25405,3.496212702933155
25406,3.050674905964661
25407,3.694133091149968
25408,3.619089566977623
25409,2.8770075165712616
25410,3.619089566977623
25411,2.2327909758975477
25412,3.986679731471026
25413,1.8800551661027136
25414,4.265238041838995
25415,1.699705936203727
25416,3.6986538961922633
25417,3.096707963365023
25418,2.962535174460158
25419,3.3447400395430726
25420,1.1779874582878156
25421,3.691222460931838
25422,0.25058218506609575
25423,3.977853735969217
25424,0.5000871430776359
25425,3.3601644095957446
25426,2.8546395963362214
25427,1.6857104170511747
25428,3.3826317010018885
25429,0.9134814084315183
25430,3.4264451188254896
25431,0.42899298024336424
25432,3.588359625941247
25433,3.042126180860161
25434,3.6714472322583713
25435,3.6492592745784203
25436,3.933753781899859
25437,3.7788380585850896
25438,1.4068928998765788
25439,3.9655776715972366
25440,0.5466772529742491
25441,2.4891590224736326
25442,2.7999304780999474
25443,1.8675302413712807
25444,2.5018068691319155
25445,0.22498275627100708
25446,3.461988531884611
25447,1.9188950742964013
25448,4.010242097413888
25449,3.4284513488359116
25450,3.752436196093539
25451,3.234422956395813
25452,3.49401457013649
25453,3.272337188258461
25454,2.4972187611051244
25455,3.3416246447474385
25456,3.4161682931415696
25457,3.7155674379721604
25458,3.819262065080038
25459,3.979195050373941
25460,4.010914144785895
25461,3.729191731283418
25462,2.7222528071196557
25463,2.0430744271393424
25464,1.2306453247047742
25465,1.053789779533001
25466,1.7251104521372802
25467,3.230938962046402
25468,3.2594485267183324
25469,3.7788380585850896
25470,3.9673129619546317
25471,3.5077252314377305
25472,0.26269881659402056
25473,4.085973398144362
25474,2.9594054532108287
25475,3.2715520538023783
25476,3.272337188258461
25477,2.8135263100949772
25478,1.1796407701669718
25479,4.011356153329485
25480,3.6617403616097772
25481,3.6280584851163966
25482,4.072393887695422
25483,4.089430123116291
25484,3.6232456309410987
25485,2.254420050299093
25486,1.7320781125858498
25487,1.6094835959545297
25488,3.8552937561803713
25489,3.9397326354367586
25490,3.33858359060484
25491,2.70485036705713
25492,1.555799090838549
25493,2.322931334101299
25494,3.1379593171310556
25495,3.8235440644565197
25496,3.971976555807183
25497,3.971976555807183
25498,4.138895637097165
25499,3.417324368962386
25500,3.077466674497496
25501,0.8971948921816417
25502,2.3232526485950777
25503,3.4348853061174953
25504,3.7873646397430907
25505,3.824493737149656
25506,3.824493737149656
25507,4.2680609716576265
25508,4.450413994285714
25509,4.415304278750561
25510,3.161132982015158
25511,2.3380789759266647
25512,1.9326660024616127
25513,0.9813427409632092
25514,3.413100871420884
25515,3.6549201104270965
25516,3.403136696129073
25517,3.698538808571147
25518,3.8841525245870487
25519,4.078752066758868
25520,3.2896255343255323
25521,1.0811956323748302
25522,3.5163436359658107
25523,4.174122945041828
25524,3.7570409475526017
25525,3.4528050913664194
25526,3.802065716845839
25527,3.434939237492361
25528,2.6377273180830083
25529,1.0577710455493543
25530,1.4871656754812548
25531,3.558436631860793
25532,4.13227257986998
25533,3.971635510449127
25534,4.54734966433916
25535,1.668646733858822
25536,0.9075042484378066
25537,0.7927407019966354
25538,1.18526561717339
25539,4.405636516175793
25540,3.8797952876201878
25541,3.7539996418939774
25542,3.788828738229986
25543,3.953544627984462
25544,4.111453353830355
25545,4.4336803585440805
25546,4.372027980435305
25547,3.0351704444801455
25548,2.6477132847252807
25549,1.8576310970466552
25550,1.2493105691945843
25551,2.2551538439265344
25552,3.3709673002012424
25553,3.6892884565775006
25554,3.77337549625798
25555,4.014911036109857
25556,4.014911036109857
25557,4.0950317136953975
25558,3.287709996726217
25559,3.1138225507971424
25560,2.5190506904500927
25561,3.8105479384365126
25562,3.9401267224431806
25563,4.112315742237817
25564,4.0788330342167605
25565,3.2510742744423826
25566,2.234374681076254
25567,3.4488329736708785
25568,4.537384267541174
25569,3.9740400248852428
25570,3.635002657599903
25571,3.8131054820116477
25572,3.284769026256609
25573,1.2092831766153542
25574,0.5218847949214742
25575,3.632118861365273
25576,3.823992237709364
25577,3.823992237709364
25578,3.6092596127742222
25579,1.9466033790140957
25580,1.035853371336884
25581,2.15064447111089
25582,3.2553769217525343
25583,3.445742282963313
25584,2.6447325043561336
25585,0.8113169936890176
25586,1.0183219163712505
25587,4.19442791512545
25588,3.9527818031051334
25589,3.971635510449127
25590,4.102049931757777
25591,4.387908986418251
25592,4.566727006578564
25593,3.5098987389095266
25594,2.7205120445625974
25595,1.6315772479757338
25596,2.289015690656392
25597,4.533385201229703
25598,3.6556889374650874
25599,3.690518033801096
25600,3.8592134735261063
25601,3.8758952473518358
25602,4.244344100918775
25603,2.8387915155216787
25604,2.592890710686446
25605,1.1727360826696835
25606,1.1640601912706254
25607,3.025140656078088
25608,3.4248143985734383
25609,3.5437305345899266
25610,3.9520376461199893
25611,4.126881547059398
25612,4.256164108082706
25613,2.9734482067681127
25614,2.4619255131212965
25615,2.296951742417016
25616,1.8073994422432542
25617,1.6502471926417963
25618,2.1574618578473004
25619,3.377184558574106
25620,3.4302636851592117
25621,3.0193928134873995
25622,2.946465067211422
25623,2.6348287587908383
25624,2.450171912956986
25625,3.897107797463289
25626,3.223410291825392
25627,3.210962261954785
25628,3.7200537937170712
25629,4.066755066269764
25630,1.772773089815536
25631,1.3298474468182515
25632,0.694704786471477
25633,1.0439879081124441
25634,3.2607448644378936
25635,4.390360090875863
25636,3.802431489853053
25637,3.85192267558205
25638,3.1973517266302824
25639,1.9223170711045967
25640,2.2042436805515426
25641,2.9675115076335765
25642,3.6226933690880503
25643,3.72157167168148
25644,3.7064719458344277
25645,3.144088936130573
25646,2.7678503763880147
25647,0.7888942118157595
25648,0.5975304074007513
25649,0.9145097488168737
25650,3.2233539727579776
25651,3.884066138324398
25652,3.7098882975623955
25653,3.8051353425144145
25654,3.8051353425144145
25655,4.015562188201827
25656,4.301421242862302
25657,3.792073486992785
25658,1.6627799901122045
25659,0.9385698856211353
25660,0.6042784494416611
25661,0.9515290147065946
25662,3.126030569002243
25663,3.874389629719601
25664,3.505746281317326
25665,3.803534775718833
25666,3.7021849114688368
25667,2.979679432405513
25668,1.060484889430476
25669,3.3783225957723593
25670,3.3731001950405983
25671,3.4739514467690986
25672,2.153789685185081
25673,1.8415055457403326
25674,1.871570235521085
25675,1.3923915398006437
25676,1.580730070213887
25677,2.539330624909272
25678,2.70664904039287
25679,3.7887222055562524
25680,3.531322285852138
25681,2.604059615396671
25682,0.8115262097682275
25683,0.4746522850732744
25684,0.35524915273873375
25685,3.639916757656954
25686,3.6395613907193396
25687,4.157526428650124
25688,3.5483159188369897
25689,3.043604025239448
25690,2.3879597048603864
25691,2.0299692830928557
25692,1.3638648230092516
25693,0.4759535274306406
25694,0.507631210139321
25695,0.946304537314348
25696,3.5548585795139864
25697,3.5837700161316155
25698,2.0592554096598126
25699,1.6116335750363162
25700,2.027925728862513
25701,3.99209996456067
25702,3.750773274331312
25703,3.8678050755544224
25704,3.0211125947503294
25705,1.707123586116136
25706,1.1279936837195752
25707,0.5126028747483531
25708,0.9840743276330075
25709,3.7033885449244077
25710,3.5443370612404705
25711,3.829762685287189
25712,3.829762685287189
25713,3.9428607290993245
25714,4.420728760023874
25715,3.075296773118384
25716,2.617418842607204
25717,2.212499102926994
25718,1.8179441688192401
25719,3.0493995244155685
25720,3.878905518789236
25721,3.6459295301293904
25722,3.5871274549131793
25723,3.8598844211199745
25724,3.876566194945704
25725,4.298548139986385
25726,4.315584375407253
25727,2.494986754366862
25728,1.0029820229525723
25729,1.0138109809019245
25730,1.0464055377086423
25731,2.0202051510105186
25732,3.1748242581881323
25733,3.483442611019978
25734,3.5265859987471324
25735,3.685463625807143
25736,3.7150257556415345
25737,4.082053322587295
25738,3.693971754152725
25739,2.8423606274459488
25740,1.445249588386414
25741,0.9268448194908986
25742,0.8423682885338685
25743,1.32272768399058
25744,1.6412148956838528
25745,3.494638112528443
25746,3.88181548148292
25747,0.8115262097682275
25748,2.926105552674666
25749,4.0828637810857025
25750,3.520068750102608
25751,3.6810989920513615
25752,3.6810989920513615
25753,4.228967152559174
25754,0.4512696783237068
25755,0.46915770937772716
25756,4.263518485776057
25757,3.5666553361417153
25758,3.765434276204716
25759,3.765434276204716
25760,4.183613229456808
25761,4.138366929929309
25762,3.1272591411635737
25763,2.23981648662365
25764,0.4543297984331933
25765,4.276935637159149
25766,3.6647640978005978
25767,3.708577515624199
25768,3.812773121993911
25769,3.812773121993911
25770,4.123717619295844
25771,1.5724028261954188
25772,0.28458566995846213
25773,2.929425229571898
25774,3.160882597536258
25775,3.720497546083432
25776,3.782043180957535
25777,3.8651307872746594
25778,4.12459412634711
25779,4.103076908296398
25780,3.6534948536608693
25781,1.1217349479454513
25782,0.4540287571758369
25783,0.7894128141362033
25784,3.5353137919038455
25785,3.723283283059717
25786,4.147279985238708
25787,4.215304591829679
25788,3.474790998558862
25789,2.5492368981320737
25790,2.2500102926439642
25791,1.0108209322502892
25792,1.0047169649988306
25793,1.0162143956052103
25794,2.5808374726363583
25795,3.6730469014153715
25796,3.781299023972391
25797,3.8575694586225264
25798,4.129346959416917
25799,3.8315330105485734
25800,2.344396382892396
25801,1.5078289812942156
25802,1.4407991201641601
25803,3.195823632584345
25804,3.4482571592116193
25805,3.7176742861668526
25806,3.965427840970267
25807,2.682111504136985
25808,1.8372245208150415
25809,1.2463353193505002
25810,0.43914169471916087
25811,0.407163457756235
25812,2.0193189551865354
25813,3.149825078992527
25814,4.214731950365182
25815,3.5135184526788863
25816,3.5288210653913166
25817,3.9546948074952795
25818,3.9821155494478213
25819,3.0240111174426048
25820,2.202293895309132
25821,1.763079394630645
25822,3.5030190726691504
25823,3.7048837493369318
25824,3.6280584851163966
25825,3.6280584851163966
25826,3.757130686515506
25827,3.2728545027347105
25828,3.3195608282413884
25829,1.564277349187505
25830,1.6169969959147417
25831,2.186547744658788
25832,2.698827169950155
25833,3.257100582630084
25834,3.78040959591885
25835,4.016003070086898
25836,4.016003070086898
25837,4.209329432133633
25838,4.18007923160885
25839,1.6060821631259237
25840,1.5728274665830348
25841,1.7510460229084022
25842,1.8403683620571687
25843,3.7021241409181584
25844,3.8301317897519103
25845,4.08826531703768
25846,2.5360850980597447
25847,2.1230553628770883
25848,1.7763049623164044
25849,1.0374962302127586
25850,3.824493737149656
25851,3.8308177612894054
25852,2.9945811696361306
25853,1.2277159057682867
25854,2.30304426615217
25855,3.440265793535638
25856,3.698538808571147
25857,3.698538808571147
25858,4.3517433013528155
25859,3.160348791479823
25860,2.503846597770357
25861,1.4937782156114374
25862,4.744660874163099
25863,3.659739999982872
25864,4.160606660013373
25865,3.6170406264804895
25866,3.260519166319212
25867,2.09996363010317
25868,1.297056180999255
25869,2.3424141760021175
25870,3.8205465953446236
25871,3.971635510449127
25872,4.069481633414615
25873,4.530591829572518
25874,3.9367203692306862
25875,2.5197860101885574
25876,4.102529839961997
25877,3.9368628541587327
25878,3.8704248293043046
25879,3.4838198446581266
25880,1.2159630654954516
25881,2.0868097334619398
25882,3.938640601459718
25883,4.224314274718706
25884,4.195064074193923
25885,3.028705999028105
25886,2.30190755134572
25887,1.9126096809390105
25888,1.6151954174251246
25889,1.5300420462806579
25890,3.160008720290825
25891,3.591068019747322
25892,3.633454197782755
25893,3.9401267224431806
25894,4.028202714157276
25895,3.705852190084526
25896,3.077466674497496
25897,2.480169924937324
25898,1.8610301576425972
25899,0.841582032581395
25900,0.6196932555974379
25901,0.48699378497419565
25902,3.6402949530660096
25903,4.130402608044897
25904,4.059940399399269
25905,2.1919215743861344
25906,1.0827431541877919
25907,2.2971063075295883
25908,3.316529682444551
25909,3.788296440018344
25910,4.16311983139585
25911,2.437419125828067
25912,0.5968522670557278
25913,4.132594689197201
25914,3.8820089698004767
25915,3.742660225374483
25916,3.9735067434073024
25917,4.374347574540363
25918,2.063242667443061
25919,0.5270251426125859
25920,3.2572552121383427
25921,3.742733743764759
25922,3.971635510449127
25923,4.510037760795204
25924,2.8999805212132745
25925,2.546126521499234
25926,0.86924514119608
25927,4.068656660369142
25928,4.3908836650828675
25929,3.475185806340046
25930,2.991843597302996
25931,1.7301920639613564
25932,1.1763105687694204
25933,1.9374231383411766
25934,2.0539359372297414
25935,4.047161788114122
25936,4.047161788114122
25937,3.33858359060484
25938,1.6336252900926045
25939,3.2553460317429472
25940,3.4493042041522233
25941,3.460055037765031
25942,3.5127797236998677
25943,3.6262968982998474
25944,2.0349682669524953
25945,1.657765675554764
25946,1.0742266101900153
25947,0.9339252721588994
25948,0.9123312079562502
25949,1.311936378685135
25950,4.486575970035572
25951,3.210962261954785
25952,3.210962261954785
25953,4.217736490726873
25954,3.5750698130657255
25955,3.124001006327548
25956,0.5321264327118744
25957,0.5704859771276848
25958,2.1585470748533866
25959,4.107580955778996
25960,3.8572149710481565
25961,3.8572149710481565
25962,4.029800519296157
25963,2.3967771234193758
25964,0.8386948852989371
25965,0.6465174264914866
25966,4.08088728644333
25967,1.0998247600056923
25968,3.648421212843762
25969,1.4782819263462115
25970,3.5266965074320753
25971,2.2578017590824695
25972,4.146537180186663
25973,4.5766017869846545
25974,0.38557074813048636
25975,3.8065313176842057
25976,2.950703265963935
25977,4.074543355263149
25978,4.037792067743468
25979,3.460806818850637
25980,3.744717393898404
25981,2.6805125113186645
25982,4.440783318850327
25983,2.0603638611811705
25984,3.6344005419803382
25985,3.8121503684532168
25986,3.7164755927092967
25987,4.080046871110325
25988,3.338199722520031
25989,4.133885638141146
25990,2.5146485329367207
25991,3.654273148561085
25992,1.7618908696467224
25993,2.759345996945853
25994,1.3583313144193068
25995,2.5479201884322573
25996,1.2603733213359611
25997,1.770403264615734
25998,1.0489874588240953
25999,1.2934490622706931
26000,1.921169512570023
26001,3.8642036763961976
26002,2.6040192166538967
26003,4.172378345118221
26004,3.189537587082246
26005,3.922407711413479
26006,3.46653557221231
26007,2.684806111753722
26008,3.5096789599394644
26009,0.8824000340302062
26010,3.6160488358483063
26011,1.422648805022786
26012,3.6923192704984418
26013,4.567021073056796
26014,3.5053911869953183
26015,4.0171120737389545
26016,2.988947613255682
26017,3.9435422183961615
26018,2.3410167806683218
26019,3.824493737149656
26020,1.5825166145953522
26021,3.9507638456243743
26022,1.2721190888262608
26023,3.4116401452819076
26024,1.468916089391836
26025,1.0255305123649374
26026,2.6706425325622454
26027,1.459157623613992
26028,2.749035218428303
26029,4.573253377708739
26030,3.3481342846699773
26031,3.8930324987475498
26032,3.872835233636792
26033,4.184299547624753
26034,3.029601846955217
26035,3.6845127387542895
26036,0.5756195411098484
26037,3.490693460091717
26038,3.176862208963697
26039,2.0825323244982115
26040,4.271666876827734
26041,1.2498254834449425
26042,4.006491228094197
26043,1.0811956323748302
26044,3.474776364281721
26045,2.348794783099238
26046,3.5119054616882863
26047,3.487634187702428
26048,3.6395613907193396
26049,3.6544477045167656
26050,4.353070407381971
26051,3.659739999982872
26052,0.6372432074926997
26053,3.4868025156659255
26054,2.024358923419231
26055,3.860301959914362
26056,4.464926901863759
26057,3.27758150137349
26058,3.5156023833634835
26059,1.0660853369405003
26060,3.5156023833634835
26061,4.790201836829319
26062,3.970272983078363
26063,3.990598499347155
26064,2.553882387697317
26065,3.863689983071778
26066,0.43062534732687474
26067,3.9527818031051334
26068,3.579155637404517
26069,4.3553406880750885
26070,3.7037770837330832
26071,3.5304528076868404
26072,3.7037770837330832
26073,2.948413415369165
26074,4.153664130214899
26075,2.7004558551700577
26076,2.5750873434525294
26077,1.0808139226431102
26078,0.6813265062006403
26079,2.260832829798851
26080,2.0986334943739506
26081,3.3229224432568563
26082,3.0282147815776703
26083,3.953544627984462
26084,3.9132399273245326
26085,4.39731240849083
26086,4.228719783759802
26087,2.908015281848181
26088,3.6557615331879063
26089,1.5482991011109353
26090,0.9315105090646054
26091,1.2950350023055301
26092,3.5439840671860248
26093,2.8860980560684624
26094,3.876566194945704
26095,3.808204592593989
26096,4.012689085325912
26097,3.8668396841525827
26098,2.2642492324271823
26099,3.437532621381475
26100,1.7523257062898019
26101,1.496787349737769
26102,2.5107051774434086
26103,1.6638759811135142
26104,3.3952296345800272
26105,1.8689253354223332
26106,4.0013526767211545
26107,2.392572269392654
26108,3.2441178837148663
26109,3.397109847338046
26110,2.225264927780905
26111,0.585120384332337
26112,1.8023120278538847
26113,1.0247736852155105
26114,2.096236243979631
26115,2.132595106718749
26116,3.0523120129924184
26117,3.6635247878006654
26118,3.4515819043965634
26119,3.4555389012943696
26120,3.752236697476251
26121,3.492667998700935
26122,3.968464642272462
26123,3.6402949530660096
26124,4.052577670353004
26125,4.346070816316649
26126,3.044215021084999
26127,3.524595856516311
26128,2.6186727895264528
26129,2.790491143204218
26130,2.1689231764311265
26131,2.453664523272594
26132,1.1657698455361911
26133,0.7808985950869073
26134,0.44223579979663624
26135,0.6183202413273048
26136,3.7745386080521843
26137,4.558983991219049
26138,4.001766517289607
26139,4.190071788797773
26140,4.086523780338862
26141,3.6692479587718383
26142,2.5263824901948695
26143,3.823992237709364
26144,0.9515988200043981
26145,3.862972808358146
26146,0.6125593583857659
26147,4.330563585123913
26148,0.9208107912192173
26149,4.163493087512478
26150,2.0353699579601607
26151,3.1786623865039045
26152,3.0629261590508827
26153,2.741537769608549
26154,4.087853323910441
26155,1.4731758493653737
26156,3.765434276204716
26157,0.7807154344720325
26158,3.984512819191021
26159,0.5063653937257152
26160,3.6175782605854807
26161,4.470820378158714
26162,1.6748260599705265
26163,3.7078311290384742
26164,1.1504002847598371
26165,3.9735067434073024
26166,0.647791464284846
26167,3.9735067434073024
26168,3.125460539200337
26169,4.08848851987989
26170,4.0345021491134325
26171,4.553165594700676
26172,3.812773121993911
26173,4.445881304848991
26174,3.769084903121157
26175,3.852009844507158
26176,2.153862874023329
26177,2.7983040618574577
26178,0.9719050288099562
26179,1.6286372306411623
26180,0.2903976567716318
26181,0.6199531892740093
26182,3.8795490297673694
26183,2.1328810831121934
26184,3.782043180957535
26185,4.425211238425168
26186,3.1748936239134062
26187,3.9169115845267615
26188,0.7180947409085762
26189,3.7775628401007677
26190,0.5168023218586483
26191,3.916166300453372
26192,1.864980026761667
26193,1.1386666646053307
26194,3.8003412032988155
26195,0.7213515092863851
26196,3.703954930761119
26197,1.1138764244631394
26198,3.723283283059717
26199,3.5079702374894106
26200,3.887816646166256
26201,3.988694698731576
26202,3.087492323918889
26203,3.761760337167924
26204,1.3561464149377058
26205,3.8758952473518358
26206,1.2222067947621544
26207,4.354515715029617
26208,1.7773269651769663
26209,3.793046376596723
26210,2.090337446203468
26211,1.3420872161653927
26212,3.280158671299318
26213,2.584340479167701
26214,3.8575694586225264
26215,3.508901438253918
26216,2.880045097860724
26217,4.226913907557924
26218,1.9642335254199899
26219,3.9173301168121895
26220,1.253859509001824
26221,3.488023054041082
26222,0.9528948107120103
26223,2.9513744171225937
26224,0.6271453123223895
26225,1.3943402414046173
26226,3.847253070173522
26227,1.3363701610224212
26228,3.847253070173522
26229,1.7024282898412173
26230,3.920570545239256
26231,2.9437520160894657
26232,4.0046835733198
26233,3.4916903821876564
26234,3.6609160984573523
26235,3.460055037765031
26236,3.1914355156519227
26237,3.6096257707571806
26238,2.1676691374188275
26239,2.1304481655368743
26240,0.5602911586202372
26241,3.3141903420732914
26242,3.7243906666975573
26243,3.4751937061234157
26244,3.476389355272321
26245,3.2605393892319574
26246,3.5288210653913166
26247,4.086473539528876
26248,4.150238786227129
26249,2.7495632916274286
26250,3.437267017590243
26251,2.1779453228224406
26252,3.606043831897077
26253,3.6431729293036423
26254,4.329947542333859
26255,4.484200339958163
26256,4.351569243399268
26257,3.7804751472464924
26258,2.700895767199858
26259,1.486112797111923
26260,0.5905783125500066
26261,1.080691041893759
26262,3.6983141443588705
26263,3.56983989515923
26264,3.6226933690880503
26265,3.6226933690880503
26266,3.962327491557157
26267,4.1560540004699575
26268,2.426164367569153
26269,2.0894536547667126
26270,1.4333521706031531
26271,2.0290689155578177
26272,3.8051353425144145
26273,4.377751507090371
26274,3.196507399393126
26275,2.7734629927390353
26276,2.5795428067913444
26277,2.125463501959277
26278,0.6074630434138029
26279,2.0002083622729985
26280,4.180439707100522
26281,3.6932026171965493
26282,3.5912571542531837
26283,3.534484934953799
26284,3.534484934953799
26285,3.4610529125118368
26286,2.2759883066059374
26287,1.0489874588240953
26288,2.1052363233425013
26289,3.6923192704984418
26290,2.60723699245065
26291,2.2820885911006923
26292,1.301827458016091
26293,1.9624429662765135
26294,3.265263805479052
26295,3.3481342846699773
26296,3.8335795012872618
26297,2.157367993783024
26298,1.9309615399306876
26299,1.2227037464365187
26300,0.13406246831963792
26301,1.6811065957268427
26302,3.6395613907193396
26303,3.840229302616871
26304,4.059719645300141
26305,0.9197403323804227
26306,3.3376303825955502
26307,3.9150179025459155
26308,3.2887111288258977
26309,3.030450470976312
26310,3.067579568382877
26311,3.5156023833634835
26312,3.8245692280886727
26313,4.0020222833391434
26314,3.1226124424541797
26315,1.1008612927518528
26316,0.6153510332661503
26317,0.4244622481562431
26318,0.9242645540381306
26319,3.093460391955388
26320,4.255166498917157
26321,3.6222990251316713
26322,3.7037770837330832
26323,4.337873818844404
26324,4.138647944978726
26325,3.6178592756348977
26326,2.1016785202238895
26327,0.5677194487846807
26328,4.1796898795364825
26329,3.5005236434168694
26330,3.829762685287189
26331,4.176550202531734
26332,1.2712015164952708
26333,0.5972190728851312
26334,0.5727182630871077
26335,0.9433943291205938
26336,2.0189615417460556
26337,4.076166526938239
26338,3.99974667273918
26339,3.571226312606184
26340,3.034201524873205
26341,1.3998579401211406
26342,1.2265667693586888
26343,1.7843326484082098
26344,3.7150257556415345
26345,4.13063523774446
26346,2.3574459978279902
26347,1.3677575082546218
26348,1.0618223805732447
26349,3.242204585901169
26350,3.88181548148292
26351,4.013321938003473
26352,3.5459354599819197
26353,1.7566590470007328
26354,0.4746522850732744
26355,0.35524915273873375
26356,0.9182364825718249
26357,2.0327956493127686
26358,3.6480800460712755
26359,3.4829396526960426
26360,3.6810989920513615
26361,3.744309912238807
26362,3.646326668584011
26363,3.1355359686942443
26364,1.9859167932263164
26365,1.521786730735763
26366,3.779208236233787
26367,3.6037844335482805
26368,3.7442063171357742
26369,2.5485857890830976
26370,0.4675389790347542
26371,0.9469366723946459
26372,2.061495839135589
26373,3.867628999308136
26374,3.8976990856178215
26375,4.334192295993878
26376,4.218666957756685
26377,3.206701893417302
26378,1.1764798476335865
26379,0.42199967300042357
26380,0.665648539733669
26381,1.7802077064746136
26382,3.948075734773324
26383,3.676684128259831
26384,3.782043180957535
26385,4.3482597591489025
26386,2.5750873434525294
26387,2.1960645229216724
26388,1.8015095888139192
26389,2.874716111335624
26390,2.816173104064336
26391,3.5791272097274467
26392,3.7066015092339875
26393,3.8321047439835536
26394,1.7380867665065833
26395,3.5451464439112907
26396,3.6292334835917703
26397,4.000064398393609
26398,4.09432373456366
26399,3.3636135693932574
26400,1.2002255915637505
26401,0.7116218432794195
26402,1.1075047077791005
26403,1.7531871327289232
26404,2.4872013580121433
26405,3.4052009510797396
26406,0.3197385623846201
26407,0.8773271199334801
26408,3.3277446071283867
26409,3.5288210653913166
26410,3.637397681462031
26411,0.8647157136252742
26412,1.1207314249610318
26413,1.89399818624251
26414,2.854686374201174
26415,2.94882345081305
26416,3.304577681040128
26417,3.4000062370538546
26418,2.211658178655445
26419,1.2916692260252354
26420,1.1558123979197525
26421,1.553097327397987
26422,2.8528974837319305
26423,2.963998971584501
26424,3.102148855837425
26425,1.7192501425676585
26426,0.9756346923413983
26427,1.3249698933540515
26428,1.307574200245646
26429,2.9052009237971603
26430,3.011632183774175
26431,3.141210967780844
26432,3.311605094834739
26433,3.73449500532717
26434,2.9432167228959027
26435,1.8541690231499879
26436,3.183443581599012
26437,3.028513087256969
26438,4.122356772896083
26439,3.6086547129166977
26440,3.257465200003631
26441,2.008857478754663
26442,0.8170178475715588
26443,1.1533715010942194
26444,1.9790898839672522
26445,3.141642051941636
26446,2.872870461142286
26447,2.878642773572547
26448,2.878642773572547
26449,3.9676170889728297
26450,3.55364053603093
26451,1.041312818651564
26452,3.395064177223486
26453,2.918841212782123
26454,3.31248480910003
26455,3.344280074661821
26456,1.1354049284620673
26457,0.768577405625996
26458,3.041683100559931
26459,4.095144473561198
26460,3.2009811392657355
26461,2.981855269625232
26462,3.131465056060514
26463,3.283416544849394
26464,1.6174936118107461
26465,0.7252998830256293
26466,3.319503212415616
26467,3.3253882652651345
26468,4.029279726774083
26469,3.967627348665304
26470,3.5983537168414417
26471,3.32929547366652
26472,2.9544394357464987
26473,2.6941374386235983
26474,2.2821427448787635
26475,2.752041340953415
26476,2.9154890959520987
26477,3.311553299919458
26478,3.648554341006849
26479,3.8109378618139367
26480,3.4827134717726005
26481,3.153460045124624
26482,3.086925676135685
26483,1.391881894253969
26484,1.4054569543977284
26485,1.8324151109615368
26486,2.3824711918675803
26487,2.6758721572297386
26488,2.769252024149893
26489,3.1296355538068568
26490,3.5636484194889713
26491,3.321725977704544
26492,2.999277581369534
26493,2.9432167228959027
26494,2.5586640214349177
26495,2.8142340902795033
26496,2.858199811154217
26497,2.858199811154217
26498,3.9997454970234725
26499,3.4199795496148595
26500,3.1801527193551578
26501,2.2346294187536717
26502,1.2163989857358473
26503,0.34073190936136905
26504,0.6345263956062955
26505,2.8356886940614396
26506,2.8317798441798705
26507,3.0040962027107643
26508,1.9375132776177424
26509,1.4000226246372536
26510,0.505449574853647
26511,3.800329380888706
26512,3.253114572339493
26513,3.153610708408703
26514,3.153610708408703
26515,3.315984843192556
26516,3.7918746333163806
26517,3.6002131514343083
26518,3.3114923313617197
26519,2.682765407850025
26520,0.6412744907474031
26521,2.8984333513676726
26522,3.131465056060514
26523,3.315984843192556
26524,4.162326374808565
26525,3.35537436791792
26526,0.40353713935709046
26527,0.7000559458192959
26528,1.8578122156081458
26529,3.076766762441162
26530,3.055999212353236
26531,3.282591571803921
26532,3.8399434691487744
26533,3.038267751201314
26534,2.59219185969452
26535,1.679038941913281
26536,1.117863782555542
26537,0.7436030331715261
26538,1.4873326063388772
26539,2.021515945722915
26540,2.605114024420608
26541,3.1893035891247714
26542,3.21595194157822
26543,3.1840592196132333
26544,3.0519423032657063
26545,1.6038328847548509
26546,3.2103207950733452
26547,2.8969383850950687
26548,2.081392420850813
26549,0.7347960112726891
26550,1.817144536270971
26551,4.119299421784528
26552,2.607353389673782
26553,2.651554727479794
26554,2.651554727479794
26555,3.0103321155322202
26556,3.5470641235482603
26557,0.35492597496565015
26558,0.23070716562185792
26559,0.6082029878920678
26560,2.8122641064469596
26561,2.7000189493330486
26562,2.7681451772624857
26563,3.03060592853743
26564,3.03060592853743
26565,4.100074127578177
26566,2.463475696707707
26567,0.687680200830332
26568,1.7354245978631142
26569,2.982158052006611
26570,3.4129446073456364
26571,3.7887880173070134
26572,3.4664707759708415
26573,2.4020067915231533
26574,0.2294407461419288
26575,0.4239786325532909
26576,1.5092396146794673
26577,2.4104155751527463
26578,2.869689641857247
26579,2.985239307515815
26580,3.2497715190266185
26581,4.056657106470342
26582,3.9649596249159456
26583,2.811495896232927
26584,2.1163734005629253
26585,1.5494363885242375
26586,0.5799490539333971
26587,1.4212643514322458
26588,3.4771647832776424
26589,2.934880628560609
26590,2.6666564253733256
26591,2.760793501985201
26592,2.6976457695279885
26593,3.535250537991204
26594,2.860573958855008
26595,2.3409821130753663
26596,1.330251477140535
26597,1.5492818423285366
26598,2.641793840202973
26599,2.7071685227359157
26600,2.50441781201012
26601,2.2519190296344753
26602,1.9262389167918035
26603,1.1413534397528657
26604,2.0764347389401188
26605,2.133152799736468
26606,2.6534850906860057
26607,2.6534850906860057
26608,2.7778051538823685
26609,-0.1272572721064639
26610,3.2172215877214043
26611,2.7159248117955994
26612,3.13050762443202
26613,3.324117037429466
26614,2.4842919228488594
26615,2.1263015010813286
26616,0.3869229027942509
26617,0.225633222732192
26618,0.1951204259009811
26619,2.994634811839626
26620,4.067958412122697
26621,2.641664079327006
26622,2.7463387406753688
26623,3.6178960709591585
26624,0.42112878482237975
26625,2.9986180444165393
26626,2.6545549085246583
26627,3.116595932670291
26628,3.968329132755494
26629,0.5513661338200855
26630,2.566878433246427
26631,3.5676918348135827
26632,2.7048346026555334
26633,3.019385907645192
26634,4.036602547643889
26635,3.7924239901517502
26636,3.4039648401150577
26637,2.9410468215167906
26638,2.616334551330508
26639,0.249271829672842
26640,0.22410098977837176
26641,3.083976285618914
26642,2.619383338306166
26643,3.056670159947104
26644,3.2468984161507026
26645,3.7227882062745272
26646,3.931458163027268
26647,3.3194296195333353
26648,0.8679459376709514
26649,0.6550347797402831
26650,0.6658637376896355
26651,1.979938250255518
26652,2.84787984620781
26653,2.8774419760422014
26654,3.217874262945212
26655,3.5548753040326027
26656,3.309845541772743
26657,2.9923211906420177
26658,2.2241806365042094
26659,1.2535558851308872
26660,2.2746722502086776
26661,3.5039103476041564
26662,3.629195725623489
26663,2.7924183280121504
26664,1.7555747557240349
26665,0.19758271175756978
26666,0.1651662264809314
26667,1.6304217826677463
26668,2.5506114438688705
26669,3.679128603992785
26670,2.951581706836346
26671,1.4916579888775443
26672,0.508099155768145
26673,3.6708469693185606
26674,2.59426830105868
26675,2.945538241206116
26676,2.9874168045368448
26677,2.24432458037209
26678,1.6322111488287214
26679,0.34707620325576866
26680,0.14682715964382725
26681,0.11762771333482092
26682,3.6385022461460377
26683,2.987284701970175
26684,3.5574769429405912
26685,3.959585340970497
26686,3.004669077250682
26687,1.0878756604513118
26688,0.8934302352005563
26689,0.2845850597850533
26690,3.4837411512248035
26691,2.779107641523268
26692,2.971666403315538
26693,3.108859375456058
26694,3.333915296022994
26695,2.5740030521758337
26696,1.0314646311267883
26697,0.18818160691176225
26698,2.4445018144790467
26699,2.661146970026662
26700,2.91290650541772
26701,3.840697636806296
26702,2.94764998729216
26703,2.3111164809071596
26704,1.7520699498795338
26705,0.5995192422282379
26706,1.343248815395589
26707,1.6562592964220926
26708,2.953234501729661
26709,0.8416047598760132
26710,0.3947966515417959
26711,0.7316412204353974
26712,1.3650580196681985
26713,1.766149390208787
26714,3.036761901537197
26715,3.036761901537197
26716,3.1641847424263263
26717,3.209007021512343
26718,2.480078687970365
26719,2.1665848461421318
26720,1.8361402295383447
26721,0.030403363351894013
26722,2.7474512123475057
26723,2.5384749667555946
26724,2.76499402138307
26725,2.76499402138307
26726,3.7695692364946303
26727,1.8529102438884246
26728,0.9173406555323472
26729,3.1656508461193997
26730,4.142544783028389
26731,3.293942067146858
26732,3.705303910736305
26733,3.46701649313059
26734,1.5285115550974464
26735,1.2548542296626368
26736,1.7826024681604085
26737,2.1981931160452595
26738,2.547477409137489
26739,3.1784192904875606
26740,3.7959530192288637
26741,3.7294850063711453
26742,3.382202036098223
26743,3.1840592196132333
26744,2.805770150844171
26745,2.7512745209554477
26746,2.5472213374403316
26747,1.175437579708476
26748,1.3601944392369913
26749,2.7919696362570807
26750,2.998580790717315
26751,3.603436602979363
26752,2.5825092519580624
26753,2.169479516775406
26754,1.7809543326358357
26755,0.8214965139499548
26756,0.681195175918838
26757,3.015754723280933
26758,3.0324219371385377
26759,2.9603868593275315
26760,3.0606666931414095
26761,3.241042167439524
26762,4.08724705736093
26763,3.307023838380456
26764,3.0909133876246035
26765,2.4344111939151376
26766,3.0957292032329837
26767,4.105220013129186
26768,2.972385146668808
26769,2.878642773572547
26770,3.815550344728373
26771,2.1406452464825407
26772,1.1609485923505138
26773,1.9866669752235462
26774,3.1660113512993817
26775,3.0447974915143643
26776,2.9506776989434016
26777,2.9735125490959686
26778,3.4945861980881587
26779,0.768577405625996
26780,1.027343608942335
26781,1.795653942888575
26782,4.142949032569161
26783,4.126191197802519
26784,3.6646492567678224
26785,2.5190871591966317
26786,0.4287810765634238
26787,1.7834840992466876
26788,3.8315990082171085
26789,2.8196639095769527
26790,2.9138009861888294
26791,3.1336485929858626
26792,3.1336485929858626
26793,3.801278055388959
26794,1.3240756675010843
26795,0.9141939196021318
26796,0.8041711952355691
26797,1.5955884237147306
26798,1.7478873101433503
26799,2.821352019340222
26800,3.1857359283086266
26801,2.3369409846646385
26802,1.2949329999002401
26803,1.1454006862546646
26804,3.000056769800188
26805,3.271816911344347
26806,0.41164336059987494
26807,3.2511325370314577
26808,2.7461078623500663
26809,0.5033102631209714
26810,1.7619513823734692
26811,2.719184277748539
26812,3.2054334325467995
26813,3.0040962027107643
26814,3.9464373727439273
26815,3.7793668751324936
26816,3.3574629197013737
26817,2.4754520293219584
26818,0.4409366229662058
26819,0.22876260579690544
26820,2.7355476208741836
26821,2.863530736641387
26822,2.867632473333326
26823,3.153610708408703
26824,4.162326374808565
26825,2.8363369653513493
26826,1.5774841085930864
26827,0.5277908001076671
26828,1.6130517822338435
26829,3.3696939943109507
26830,2.902535088059611
26831,3.131465056060514
26832,3.131465056060514
26833,4.105637129025205
26834,0.9144432309954797
26835,3.251813326689115
26836,2.797255022993972
26837,3.520975264133861
26838,2.8852156694199964
26839,0.8709669367763635
26840,1.5878001811914706
26841,2.2533270030456016
26842,2.674424702807416
26843,2.7685617794192914
26844,3.113033154474636
26845,3.1893035891247714
26846,3.660129754980836
26847,3.5129294850421937
26848,3.0298685136201873
26849,1.3691349228699237
26850,1.076525871475323
26851,0.9769004918914526
26852,1.3722878679140984
26853,2.2806887394197144
26854,2.7772013669903215
26855,3.3581907778995417
26856,3.175479737459747
26857,2.8240106388190913
26858,1.6812918227372569
26859,0.8750973493038054
26860,0.7132019470700397
26861,1.0168010090843747
26862,3.196908394469613
26863,2.7749943031297404
26864,2.969307748418675
26865,2.651554727479794
26866,2.9394560271131875
26867,3.8896792693372415
26868,2.9394560271131875
26869,3.7401482202357004
26870,2.9394560271131875
26871,3.00111660152255
26872,2.9913400173403013
26873,2.1718663010851627
26874,3.4966339539835656
26875,1.7195710631880132
26876,3.785984698145503
26877,0.19234762120604773
26878,3.3532999115471767
26879,3.7746152896490637
26880,2.7609579201311307
26881,3.2828470349644974
26882,2.8698618949726242
26883,3.521965446661517
26884,3.1784192904875606
26885,2.5896852797013175
26886,3.296568457334385
26887,3.6490881395259303
26888,3.633569498421776
26889,2.7375053632493787
26890,1.3438412829457196
26891,2.650030227164649
26892,1.74606863387461
26893,2.7441673037765244
26894,2.3521074973166654
26895,2.848376004739208
26896,3.141210967780844
26897,2.848376004739208
26898,3.5382814990334954
26899,3.7837233112992337
26900,3.165527675889537
26901,2.0181730738304693
26902,2.7312302656520395
26903,0.01748108687166403
26904,0.6444476554850889
26905,2.497415684338054
26906,1.040503346152319
26907,2.985239307515815
26908,4.066275435659488
26909,3.725661309150443
26910,3.0606666931414095
26911,3.5116111241254964
26912,3.0606666931414095
26913,3.0335917779970933
26914,3.748370028936124
26915,0.2563312062293718
26916,1.0192032409749083
26917,0.43647805728048084
26918,0.7979980734481977
26919,2.54708655816149
26920,2.8047442332128494
26921,2.726384423164461
26922,3.118361855411844
26923,2.8111042179889854
26924,3.608539613912895
26925,3.2190942489695256
26926,3.3598212573683575
26927,2.5796423394061496
26928,3.349611100101737
26929,1.7797616712259063
26930,3.2203343572560277
26931,1.7215679441621645
26932,2.5638321635465617
26933,2.123662060067044
26934,0.8443721178284564
26935,2.4729463531592737
26936,0.8443721178284564
26937,2.7359309168148496
26938,4.243666893105017
26939,2.7784650562489728
26940,2.824704136170247
26941,2.8547354908991083
26942,2.9506776989434016
26943,3.207371975860372
26944,2.9506776989434016
26945,2.78023425979823
26946,3.478806485739233
26947,2.238197600227792
26948,3.635302313346935
26949,2.3802179355500868
26950,3.9058227123139058
26951,1.939634890189727
26952,3.3272177396075433
26953,1.2616258907272486
26954,2.7044258913713395
26955,1.0547841918400094
26956,2.070763170337409
26957,1.701158027397021
26958,2.895945866464765
26959,1.9806107455465425
26960,2.9900829430766414
26961,2.226532666656623
26962,3.131465056060514
26963,3.324167910887947
26964,3.131465056060514
26965,2.7744883423186746
26966,3.7593063349732185
26967,2.6477985838661624
26968,3.375928436695234
26969,2.875734346711093
26970,2.9948375692674825
26971,2.875734346711093
26972,2.7468800090683754
26973,3.6378354859286204
26974,0.8565904890332596
26975,4.025013185992341
26976,0.6057351025444865
26977,3.7296265908756943
26978,2.8455737127046916
26979,0.9656792591598224
26980,2.915289973446236
26981,0.5377876443614586
26982,3.1169668191601327
26983,2.467545922319485
26984,3.081594598378463
26985,2.5356721502489226
26986,1.8064779749985798
26987,2.789067910338782
26988,0.9932658564122101
26989,3.248809294376819
26990,2.5580228694238443
26991,3.590645142063605
26992,3.1010568218603844
26993,2.5527980964206214
26994,3.17732725651052
26995,1.4489817180217628
26996,3.17732725651052
26997,2.9440995424651906
26998,3.1720422279047225
26999,2.9440995424651906
27000,2.5772703675576727
27001,3.7545217325987417
27002,1.7868384284131738
27003,2.8868626431487363
27004,1.2775373067918347
27005,1.6366271159462618
27006,2.496690346114134
27007,3.0650078052655187
27008,3.1296355538068568
27009,2.586112201990061
27010,3.6947068218367782
27011,2.6802492786019365
27012,2.3128687775738475
27013,3.019385907645192
27014,1.892401249249947
27015,3.17707005992412
27016,0.8802526578149763
27017,3.6529598500479445
27018,0.44621623186497583
27019,1.1809311996766079
27020,0.31351676124173367
27021,2.5873931459878783
27022,0.7552905527685005
27023,2.7135204149180425
27024,1.8338137896569708
27025,2.561685327655193
27026,3.0855763017964435
27027,1.771901274687888
27028,4.120154676681601
27029,0.5550880664306582
27030,2.8699512480142975
27031,1.2469332413420289
27032,2.858199811154217
27033,2.407823253664123
27034,3.08511570592325
27035,2.752837955622517
27036,3.5924435674198505
27037,2.8774419760422014
27038,3.8494299194808947
27039,3.697927110207308
27040,2.8803219924619987
27041,2.3563617065512945
27042,2.5434953725303746
27043,1.754104731686944
27044,0.24429646295553856
27045,1.354979271567751
27046,3.7833347545557743
27047,0.5788975762786094
27048,2.7636536162504344
27049,1.6118884560201532
27050,3.0040962027107643
27051,2.4692732074103994
27052,3.0971821391829413
27053,2.562653074330554
27054,3.587359897683992
27055,3.0713243128465955
27056,3.0444124349023114
27057,3.0713243128465955
27058,2.7795706731024405
27059,2.4844228379248596
27060,0.14659002385803876
27061,0.7686671349126458
27062,1.5333025080530298
27063,0.07817957942302907
27064,2.77349539672145
27065,3.6533967532947615
27066,4.061755092469004
27067,2.655961872280484
27068,2.0541525660467093
27069,2.9172719480431155
27070,0.31405400755507806
27071,2.9172719480431155
27072,0.15893548135376356
27073,3.9009099311695423
27074,2.792172107303199
27075,3.344825665254857
27076,3.809466437198367
27077,2.5433767532268954
27078,2.8083980114477347
27079,0.9195974343543039
27080,3.7918746333163806
27081,0.1524521826412043
27082,3.6440951879905086
27083,1.5933601378943214
27084,2.946404675111592
27085,3.2589477301168275
27086,2.766936198460915
27087,2.7226787003086868
27088,2.5454276705073084
27089,2.662394528988117
27090,1.580424125927658
27091,2.945538241206116
27092,0.5674759953027597
27093,3.408752885479167
27094,4.005492948774939
27095,3.7486483325241884
27096,2.7213532051480636
27097,2.5530938828315377
27098,2.815490281759939
27099,1.1163106105084666
27100,3.039317438527507
27101,1.5730541144176888
27102,3.055999212353236
27103,2.637688844578882
27104,3.7584813619277457
27105,2.791772935117632
27106,3.9864830333128682
27107,2.987284701970175
27108,3.3206614353484394
27109,3.14142767379922
27110,0.8001005658374147
27111,3.766757880811673
27112,3.3231287138934453
27113,3.4495053454832814
27114,3.822513275787924
27115,2.112381691731299
27116,2.54041960961889
27117,-0.014512346755628253
27118,2.254189870773368
27119,1.369846041911229
27120,1.2567726245572306
27121,2.5190635650085147
27122,1.7306326585136707
27123,2.363625159245104
27124,2.4724732719902907
27125,2.8036929655768654
27126,2.6516550831058954
27127,2.684970564911392
27128,2.74503495002605
27129,2.971666403315538
27130,2.6943308877993966
27131,3.5583534499918565
27132,2.7772013669903215
27133,3.6511678313513856
27134,2.889085140409281
27135,1.7533022926469786
27136,2.681252912689156
27137,0.12493793972119238
27138,2.4965960668553038
27139,3.3701269064422386
27140,3.000886712807386
27141,2.7996185270270075
27142,2.675479617603218
27143,2.755284046638538
27144,3.334638666789472
27145,2.896224731591991
27146,2.7434842698901507
27147,3.334948661932133
27148,1.2747727763988534
27149,2.610343086395269
27150,1.693463970018244
27151,0.6628736890380003
27152,2.7956617596027495
27153,2.0500705454484676
27154,3.03060592853743
27155,2.55052149725579
27156,3.26400985012095
27157,2.619832175642598
27158,3.7541876086220007
27159,2.7139692522544743
27160,3.9607300235071574
27161,3.0295049363797966
27162,3.056388767516563
27163,3.226105241974273
27164,2.767594340488189
27165,3.106224491295273
27166,1.941892639502683
27167,2.740202761233995
27168,1.5024180791911808
27169,1.963149234143294
27170,0.5883745806004883
27171,1.459621685127275
27172,0.37620056343118796
27173,1.1635891921831611
27174,0.36819589810214026
27175,0.26866482138309117
27176,2.883699211183732
27177,2.228291296891853
27178,2.848376004739208
27179,2.4228922540935756
27180,3.0216345077382423
27181,2.5162721210137304
27182,2.743692800342015
27183,1.1981280231835596
27184,1.3200085690151862
27185,0.5292276069739176
27186,0.556661229334254
27187,0.11782825872350891
27188,3.530531567132445
27189,0.4919858121862044
27190,2.8655879051653086
27191,1.6046794628244905
27192,2.7755525652453716
27193,2.8514791719547414
27194,2.985239307515815
27195,2.687620361371571
27196,2.617575710285236
27197,2.7557465893010074
27198,0.26304051260324995
27199,2.76499402138307
27200,2.738432306459763
27201,2.92767600327718
27202,2.726384423164461
27203,3.43500386477378
27204,3.256557633649796
27205,3.8221815648374986
27206,3.450749918611198
27207,2.9173589775063364
27208,0.963942969188115
27209,0.7632306951516976
27210,0.7632306951516976
27211,0.7059802155933947
27212,2.568357225056695
27213,2.8547354908991083
27214,3.04717799475472
27215,1.4417474071429548
27216,1.1869208123771795
27217,1.3194451313343933
27218,2.57061461149508
27219,3.0323364027433226
27220,3.4494532889072795
27221,3.1471960734721556
27222,2.4698096637950777
27223,2.2240665670713553
27224,1.997660113219017
27225,1.2422793148346047
27226,0.7686671349126458
27227,0.19758271175756978
27228,0.07817957942302907
27229,0.21829369196919662
27230,1.3056124869210453
27231,3.815320091197572
27232,2.7287964763993307
27233,2.875734346711093
27234,2.9369518853031797
27235,1.4130740361074794
27236,1.597673770801197
27237,3.1851265580622217
27238,2.7463387406753688
27239,2.7463387406753688
27240,3.336471694423991
27241,2.992860862217811
27242,2.058171118383117
27243,1.5634262788693756
27244,1.0549760952912197
27245,0.3028402490278103
27246,0.09195490555605355
27247,0.09811800472668518
27248,2.5145163811146354
27249,3.4979186561091398
27250,2.742030044609388
27251,2.748691985136534
27252,2.9440995424651906
27253,3.5924857227941156
27254,3.366062582562049
27255,2.5740030521758337
27256,2.1005942289471937
27257,1.6589162899491956
27258,1.0377233669009123
27259,0.3646209794641174
27260,0.176570819746427
27261,0.23101736368630812
27262,3.019385907645192
27263,2.211414811650298
27264,1.7697368726522995
27265,0.5728896773768672
27266,0.4987709470973086
27267,1.556955163318367
27268,3.5174713711040315
27269,2.6911592193926044
27270,3.039988386121375
27271,3.056670159947104
27272,3.6156204603591937
27273,2.8999515732716117
27274,2.3309478057155135
27275,1.3095876233024777
27276,1.5861270012291437
27277,2.585264263864363
27278,2.6587008790106417
27279,2.7081106758443556
27280,1.009136676566884
27281,0.7138751373609558
27282,0.45276574611990456
27283,0.9157421451722109
27284,2.3317301476968204
27285,2.9417455288399257
27286,3.212078839459532
27287,3.1618092476019375
27288,2.167838885154431
27289,1.1175625493692505
27290,0.5451608005415707
27291,3.0121487255186175
27292,2.736959764813651
27293,2.7240881002099204
27294,2.9172719480431155
27295,3.034588234053956
27296,3.482075574568103
27297,2.0029110562583416
27298,0.2958538316492431
27299,0.1345641515871842
27300,2.620916338985043
27301,2.945538241206116
27302,2.9784156479605697
27303,3.799487017076823
27304,3.3601891824874963
27305,0.4877931322915122
27306,3.1598346807642024
27307,2.673050534452159
27308,2.7671876110640348
27309,2.987284701970175
27310,1.530921643903387
27311,0.1170896694731633
27312,-0.00047170127560398987
27313,2.971666403315538
27314,3.973652804125521
27315,2.972860807746786
27316,2.1949802316449767
27317,0.35947390922083794
27318,0.36431588796700876
27319,1.422500104188067
27320,2.053035952465126
27321,2.91290650541772
27322,3.1315452343476546
27323,3.581039308883453
27324,3.559932888049691
27325,1.265876098119043
27326,0.8635859630744176
27327,0.6567697217865412
27328,2.5131576667753084
27329,3.0295049363797966
27330,3.5631062830616638
27331,3.7197167795402772
27332,3.4418144131434554
27333,2.3433120916157004
27334,0.6242740957651249
27335,1.0526700071034356
27336,2.9071831175305274
27337,3.4560162505709506
27338,3.5813016285902832
27339,2.8718559580140472
27340,0.14980649568643473
27341,3.7583851647350155
27342,3.3306148776539746
27343,2.292124744566913
27344,1.3590355901426883
27345,3.5299206341142066
27346,4.4761489424430065
27347,4.239890750872509
27348,3.8113500039123536
27349,3.682304605847742
27350,3.6030647411893
27351,3.6030647411893
27352,4.288929544897509
27353,2.7426337850223623
27354,2.014015143298543
27355,3.1441849190898274
27356,3.6890374466600946
27357,3.7795331081218895
27358,4.257196793095014
27359,3.448050381909269
27360,1.4322379148039601
27361,1.7421512906839218
27362,2.2247036676605774
27363,3.9903259605459955
27364,4.03904460161392
27365,3.1802592010484965
27366,2.1611502911978007
27367,0.8311140718292009
27368,4.435996889514267
27369,3.7754616464147044
27370,3.046804346950499
27371,2.4040517043664145
27372,1.3518264756208322
27373,3.4395799872606667
27374,4.41840516857668
27375,3.4074389169726795
27376,3.655116847060315
27377,4.248248407605542
27378,3.9881645921709614
27379,3.312362218338017
27380,3.160985658108739
27381,1.249881565234576
27382,3.6347462560557755
27383,3.6347462560557755
27384,4.088831161413813
27385,3.3223543131430913
27386,1.39709109428419
27387,1.015059767952579
27388,3.5718952066849803
27389,4.318225095765847
27390,3.953126238201113
27391,4.048980906611493
27392,4.405605043546197
27393,4.69871585516711
27394,3.751233695917823
27395,2.788972158287496
27396,2.5972180404725216
27397,1.5630731760137644
27398,2.2011670566422543
27399,4.321655122012046
27400,3.7451728630318786
27401,3.7800019593678873
27402,3.704600732889109
27403,3.1576677989014503
27404,1.7911594778967423
27405,2.240297151466152
27406,3.61867747013254
27407,3.8987073331031805
27408,3.9749777677533156
27409,4.25315463408129
27410,3.398574430557599
27411,3.1440355862386
27412,1.892198640124303
27413,1.443672905809182
27414,1.6622245353230862
27415,3.596694594168381
27416,3.6245341287438646
27417,3.959873769708947
27418,3.959873769708947
27419,4.236129536356877
27420,3.1802592010484965
27421,2.5608411814067598
27422,2.281064886241823
27423,0.5816085773017233
27424,3.4734300517128056
27425,4.4227060356875
27426,3.524650701557776
27427,3.776843658191952
27428,4.533681794841754
27429,4.29730166519699
27430,2.2302164821954356
27431,1.1601139316736722
27432,0.5009075116752746
27433,2.2471107622543283
27434,3.2722323196376677
27435,3.7448698933033233
27436,3.6955398890517723
27437,4.483670971939435
27438,3.983874474448853
27439,2.44996239855963
27440,0.7510163989739986
27441,2.064438998017972
27442,3.6870258266751863
27443,4.067987793076767
27444,4.557288532675492
27445,4.100417592065377
27446,3.6098063734262045
27447,0.9228168120635235
27448,2.0732153099555966
27449,4.221772818885594
27450,3.953126238201113
27451,4.438173341889359
27452,3.683021668115697
27453,2.8090283476800355
27454,2.6235585517831983
27455,1.565105628825821
27456,0.8216848143642347
27457,0.6751498047619686
27458,2.2669184676248824
27459,3.527781124743936
27460,3.835822429666418
27461,4.404780070500726
27462,4.377097029471283
27463,1.3777305152861146
27464,1.015369367105051
27465,2.028986571282749
27466,3.5065834214343528
27467,4.005830877230627
27468,4.283606824918338
27469,4.350225062511791
27470,4.0712577691337355
27471,3.712449999808508
27472,1.6383261567325156
27473,2.098262438599951
27474,3.3978555376612722
27475,3.257813370142267
27476,3.3406838493331925
27477,3.5507189286953134
27478,2.4563625369004574
27479,2.0300746180624927
27480,1.6621121854430518
27481,1.0207615015278613
27482,0.8686175018988835
27483,2.135105588711452
27484,3.360755875533904
27485,3.2597622787728033
27486,3.659986082522282
27487,4.342051143314493
27488,4.338523247146878
27489,2.1614787586841295
27490,2.0988813016967898
27491,4.159233394218029
27492,3.7165721055211884
27493,3.839623225560238
27494,3.8449155210263446
27495,2.752704372277811
27496,1.890667898927743
27497,1.4297434612224569
27498,0.6294267817608568
27499,2.9604613241073636
27500,3.650144320194101
27501,4.02844364801347
27502,4.023448861018696
27503,3.3644353322367837
27504,2.028829829499504
27505,0.8695999737200949
27506,0.3070810312203533
27507,3.843186726499445
27508,3.808688870642437
27509,3.9778351021929996
27510,2.8325068725442906
27511,2.604605635292733
27512,2.101049604509727
27513,0.4830455672606476
27514,0.48623016123278956
27515,3.6558040839566974
27516,3.464298034868089
27517,3.114507761333972
27518,2.542135513723172
27519,1.3116644133569761
27520,0.8945563135414542
27521,0.8981492642890645
27522,2.090444904473362
27523,3.2615495266825287
27524,1.2216020834879395
27525,1.0951212572919657
27526,1.0979192298285134
27527,1.4445879631092544
27528,2.6852982703564434
27529,3.2575957745496438
27530,3.7937993522015256
27531,3.1226931492640833
27532,1.9103116319646356
27533,0.023771806144745923
27534,3.110580692322721
27535,3.5346310015417504
27536,3.6109070316527982
27537,3.6109070316527982
27538,3.2441268064506525
27539,2.4469684008861234
27540,0.9294777442214675
27541,0.6061497485176238
27542,0.416013270582312
27543,0.411481025473334
27544,0.8118364594044918
27545,1.9368601016101294
27546,4.4139263647211955
27547,3.0903281445116306
27548,3.4764881914614376
27549,2.0355887545737175
27550,0.5480476464734159
27551,0.7632567761919521
27552,4.028342628013008
27553,3.7091615693481996
27554,3.7091615693481996
27555,3.871198106614431
27556,4.490401163739736
27557,3.9178430447575785
27558,2.0866447823920495
27559,0.41795303615298457
27560,0.4730696101893121
27561,0.8523429225898869
27562,2.9779093713819176
27563,3.5725381717138522
27564,3.84083056349199
27565,4.437448084503986
27566,3.2375547749178333
27567,2.5515416381834997
27568,2.2868230649399535
27569,0.8109823275448429
27570,1.9419457405057128
27571,2.3544704194178134
27572,3.52566562445452
27573,3.615747354501121
27574,3.9408039520768496
27575,3.830471768287912
27576,3.451117191295938
27577,2.9343997805640236
27578,1.3663228650031285
27579,1.1737997921406544
27580,0.8242990226823639
27581,0.6908218076706364
27582,1.2523973729738929
27583,1.596522832321622
27584,3.421538620571633
27585,3.867112739035211
27586,3.951770445269643
27587,3.2431424213856896
27588,2.7026400353641464
27589,2.1446467494243313
27590,0.771938821067642
27591,0.24345814449322256
27592,0.788977041054643
27593,3.546680928471642
27594,4.3868636309151965
27595,4.301004937831776
27596,0.35661983972833855
27597,0.35170501886546457
27598,2.968633154100338
27599,4.078786339431042
27600,3.619787476601149
27601,3.514082150910597
27602,3.7689878043327383
27603,3.7689878043327383
27604,3.7689878043327383
27605,4.059049695464799
27606,4.383216546599527
27607,3.320581831426994
27608,2.5589392055203932
27609,2.216188851757079
27610,1.9643674384474836
27611,3.7817064939449296
27612,3.692373487255947
27613,3.8149290075949804
27614,4.1551566940536455
27615,4.483491040875164
27616,4.34404263680304
27617,2.004697934619222
27618,1.046493740120282
27619,0.3333937803614139
27620,3.1518156130568595
27621,3.793626524404163
27622,4.497558504030188
27623,0.9535140872601174
27624,0.3099930230779294
27625,3.659708781039935
27626,3.6918312044937385
27627,3.7152095038769932
27628,3.891003211412126
27629,2.6043941394217587
27630,1.2719109637502877
27631,2.4246027146107627
27632,3.836903705588119
27633,3.836903705588119
27634,2.3173089851205924
27635,1.0143715448455193
27636,1.6393528001414621
27637,3.096678179073932
27638,3.7174268793420255
27639,3.7113881264854722
27640,2.1286231938510722
27641,0.7267651725700233
27642,3.6635026578377143
27643,3.522348920813998
27644,4.050993327935017
27645,4.2855204795787385
27646,3.8690395501986177
27647,2.295688162920732
27648,1.124267010497707
27649,1.0444510003364276
27650,2.2427952102414905
27651,3.7254479935748965
27652,4.135955973281919
27653,4.270851878826271
27654,3.9746323403071706
27655,3.594050284365551
27656,3.3679325508197047
27657,2.2545790587031216
27658,1.4334287471405525
27659,1.4772763716001482
27660,2.199589374442156
27661,2.5949304786106064
27662,3.899799367080221
27663,4.0381221481986795
27664,4.238169791496217
27665,4.3047880290896705
27666,3.8480835969608376
27667,2.594087024033351
27668,1.6687798122673805
27669,1.395482557403181
27670,1.8590790167393638
27671,3.0307126784896257
27672,3.694360577177245
27673,3.822368226010997
27674,3.841893469195335
27675,3.9903259605459955
27676,4.104623267221387
27677,4.294794496710329
27678,3.60446055260871
27679,2.767966364211775
27680,2.585264299213931
27681,1.8197534108998366
27682,0.834415138129767
27683,1.3420225649890702
27684,2.2784657397124928
27685,3.4431364324705678
27686,4.2082732260275
27687,4.326923060603472
27688,4.627135753355044
27689,1.226413365250491
27690,0.9378841695043074
27691,4.056435176088604
27692,3.655116847060315
27693,3.655116847060315
27694,3.842088252346522
27695,4.294496878700656
27696,3.576202069657231
27697,1.0377370609159284
27698,1.0377370609159284
27699,1.3864470676182776
27700,4.620152853125606
27701,3.455709669683073
27702,3.629453960589669
27703,3.489113281954423
27704,4.077444414383101
27705,4.4953966752149785
27706,3.327350866478759
27707,2.701246234313659
27708,1.006745476561433
27709,2.3028347155906475
27710,3.8808072046667825
27711,3.7804737776592057
27712,3.9342725308571196
27713,4.715473689933753
27714,3.0709107697904696
27715,1.185723688919929
27716,1.0778453246552995
27717,3.919751224437672
27718,3.936432998263401
27719,4.447576763961939
27720,4.540152006029897
27721,2.996531584965619
27722,1.5825837779242282
27723,3.7398762911708725
27724,4.0531069907837525
27725,3.0709848161881728
27726,2.563013277016932
27727,1.3523111594431245
27728,1.3155558020423455
27729,4.045958306867935
27730,3.46882695545638
27731,1.896636089974692
27732,0.7401959762205967
27733,0.9720457674255465
27734,2.1157065200799146
27735,4.145976749292232
27736,3.625789013662552
27737,4.200153916446518
27738,2.883885410815818
27739,0.5973429580811049
27740,4.343775388304113
27741,4.328684451926359
27742,3.8130904302145048
27743,3.8316978313912586
27744,3.373382719294278
27745,2.788062093643979
27746,1.9096699257947192
27747,1.37923796335082
27748,0.5383064336844409
27749,0.9138085670928356
27750,3.2376192588819728
27751,4.297747052262109
27752,3.721854923011195
27753,3.9563951136862414
27754,4.424611930011472
27755,4.721289620295269
27756,2.857347941662713
27757,2.669795332857522
27758,2.038828769993511
27759,1.5621656114912494
27760,0.5989759060278097
27761,0.46983793154872777
27762,4.320667703597979
27763,3.9342725308571196
27764,3.953126238201113
27765,4.081549204954655
27766,4.630503827364985
27767,4.17363288675487
27768,1.0440246820701364
27769,3.7154185361983156
27770,3.625092694505296
27771,3.6483087355462165
27772,3.114340951724301
27773,1.6246185061162997
27774,1.870988107713423
27775,2.442452792097793
27776,3.3559222282765315
27777,3.5414125177703615
27778,3.910706735236499
27779,2.966405419384701
27780,2.4681838035199437
27781,2.2619589176226036
27782,1.7821386485143844
27783,3.3700160030857886
27784,3.39141708071292
27785,3.4986142290827527
27786,2.685456915308408
27787,4.383450108736794
27788,3.4542752459464796
27789,3.2597622787728033
27790,3.2597622787728033
27791,3.9554871231611872
27792,2.7670777787929843
27793,0.6663643732808721
27794,0.9484828038047168
27795,3.228217685006372
27796,4.186921671336288
27797,3.8449155210263446
27798,4.333951581307108
27799,4.058141494605239
27800,3.390674416893703
27801,2.414604677193462
27802,1.0288670118111627
27803,2.1993889065696983
27804,3.7887106756826046
27805,3.571997472386463
27806,3.650144320194101
27807,3.650144320194101
27808,3.747031168232423
27809,1.332170969706201
27810,1.9481006365549478
27811,3.7935423589661554
27812,3.808688870642437
27813,4.552190546676828
27814,4.527050251971657
27815,3.3984630069108017
27816,0.7801063947206724
27817,1.887670186598193
27818,3.039130640981893
27819,4.015564431559384
27820,3.964605212157071
27821,3.7911015467759968
27822,4.048151286191653
27823,1.1495078178302331
27824,3.6030647411893
27825,1.8533400584652273
27826,3.7117172704495647
27827,3.4656151979196976
27828,3.3328695614263633
27829,3.6273972227085256
27830,1.7523409813401318
27831,3.3875204924071016
27832,1.4307867639440695
27833,3.4519491902991177
27834,3.822676495849044
27835,2.995046753473337
27836,3.976069801730357
27837,2.384026732019151
27838,3.976069801730357
27839,2.2316271515443082
27840,2.8505781566842874
27841,2.3378262400763514
27842,2.7621014754916975
27843,1.934457031636342
27844,1.5445601051686901
27845,2.5664313159385017
27846,1.131098605799599
27847,2.4514057013955037
27848,3.841893469195335
27849,2.713137804931927
27850,4.259501377576158
27851,3.2575957745496438
27852,0.9865591377587459
27853,3.553914294715119
27854,3.8619207480728206
27855,1.2114837693022538
27856,3.8125907438212696
27857,0.771938821067642
27858,3.8125907438212696
27859,0.36003608305034324
27860,3.8125907438212696
27861,4.105073023893284
27862,3.8125907438212696
27863,4.063352302925907
27864,3.93886085229599
27865,3.5929238205154634
27866,4.592026037819891
27867,3.497501904135185
27868,4.135907122836197
27869,3.6109070316527982
27870,3.632385849733372
27871,3.809702307555831
27872,3.235878422318368
27873,4.471677726156256
27874,1.9739185671887503
27875,2.054996927814726
27876,0.9807133185986073
27877,1.3983223985629059
27878,2.288037717311191
27879,3.363619067541362
27880,3.5895038542757485
27881,4.186202701234428
27882,3.4445680143792448
27883,3.127457241918196
27884,4.533551831457088
27885,3.5382778417595504
27886,2.518233015524655
27887,3.916963991986673
27888,2.07748285958242
27889,4.212276717360627
27890,2.322658309308637
27891,3.917107771588035
27892,3.549839825695063
27893,3.2760556690263436
27894,4.378602366089002
27895,1.597396850782006
27896,3.6902270488743008
27897,1.067188685827455
27898,3.490538766019082
27899,0.3344751626608872
27900,3.8757573148447846
27901,1.9138872071170914
27902,3.6885865285745205
27903,4.188331804986747
27904,2.1392245772023433
27905,2.5940346569245563
27906,1.3663915408672256
27907,1.7015197791160814
27908,4.622333086681665
27909,0.615523465478525
27910,3.82361716538636
27911,0.8511065957937699
27912,3.953126238201113
27913,2.0015050936858456
27914,4.241844914556996
27915,3.9534486080800075
27916,0.8613025439133902
27917,3.613796503687603
27918,0.7089704473471314
27919,3.4806500791750192
27920,3.3051647803862947
27921,3.5244634969986204
27922,4.270940532182317
27923,3.817463235265377
27924,3.855222950748272
27925,3.817463235265377
27926,3.936432998263401
27927,3.817463235265377
27928,4.0909526270272325
27929,4.3395334519227005
27930,4.601804384138673
27931,2.6363661560792306
27932,4.175549374630616
27933,2.197465365095154
27934,2.725145315009245
27935,0.4744858446334988
27936,1.1782082083175884
27937,3.6155946889202464
27938,1.09913627150751
27939,3.5293947839866977
27940,1.098039595411551
27941,3.871210081728864
27942,2.0300449307155226
27943,1.784329469634358
27944,2.754303042485164
27945,1.3156224889337225
27946,3.2301533144172354
27947,1.6523949442420054
27948,3.7050471948348638
27949,2.9108401198969145
27950,3.9749777677533156
27951,3.6453094843355127
27952,4.319772871674743
27953,3.6453094843355127
27954,4.02216497900108
27955,4.148647679773071
27956,3.663357209675854
27957,2.3398828557941473
27958,2.2907059086661863
27959,3.7375339550285425
27960,1.8980520749683178
27961,3.867112739035211
27962,2.2943446029519317
27963,4.067158117062027
27964,3.1254080959840573
27965,1.6984015686900702
27966,3.3361622682817633
27967,1.116942298057315
27968,3.8302949857022806
27969,0.36003608305034324
27970,4.200836417222706
27971,0.33044479155112494
27972,3.85310557765264
27973,3.9560295324593926
27974,0.45173430045590096
27975,3.604973747445355
27976,0.5498608998140424
27977,3.689861156572059
27978,3.487521604151211
27979,3.7530720767595054
27980,3.584781227073931
27981,4.041803325522145
27982,3.5900735225400378
27983,3.989175428554385
27984,3.5900735225400378
27985,1.9694502290880063
27986,3.8903247247914883
27987,1.5147500974292367
27988,3.4323546506806286
27989,0.9266266500984033
27990,2.503043703915369
27991,0.5467563176636506
27992,0.7887681097139606
27993,0.7650402074630857
27994,0.9969082777614018
27995,1.9154387053551616
27996,3.658410791645207
27997,1.66062835593574
27998,3.8130904302145048
27999,0.5791294551846832
28000,3.8130904302145048
28001,0.37003017206133826
28002,4.198367548087888
28003,0.8139689405554084
28004,4.409740346709649
28005,4.05069436570268
28006,0.44917818266185716
28007,3.648560069432346
28008,4.2821514751801
28009,3.8149290075949804
28010,3.791485190442234
28011,3.8149290075949804
28012,3.9563951136862414
28013,3.3724475731173196
28014,3.9563951136862414
28015,0.5098779559775373
28016,0.9267323373403923
28017,3.7534703935293057
28018,3.224728032706821
28019,3.7042935177151803
28020,3.751105820411096
28021,3.7841990665586045
28022,3.646646456644048
28023,3.7841990665586045
28024,3.6814755529800567
28025,3.865295218320621
28026,4.7348510321731565
28027,4.156033201104911
28028,3.0224778756345794
28029,4.310357974841527
28030,1.2422178085747204
28031,3.9977764399377143
28032,4.436257767361314
28033,3.3392806813059948
28034,4.245388530906716
28035,2.5940346569245563
28036,3.6599217908413046
28037,2.1810307850898325
28038,3.8191406558406884
28039,0.6176246485875825
28040,3.835822429666418
28041,0.6217270421697089
28042,4.0481559335660195
28043,2.7804231063850793
28044,4.55900769067746
28045,2.861079038570075
28046,4.062799824880949
28047,3.7318912777027227
28048,2.927307818639117
28049,3.8879810772122174
28050,2.67032274097041
28051,1.07377274113134
28052,1.0572679109891707
28053,0.81882123684256
28054,1.0110234694650255
28055,1.6734293070177026
28056,2.8386636172370587
28057,3.382713056592292
28058,4.005830877230627
28059,3.962951855181211
28060,4.0835591816208
28061,4.123509059916361
28062,3.448050381909269
28063,3.943334892814345
28064,2.9659569460413784
28065,3.5459147451049127
28066,1.4738749281116919
28067,1.9194349389758971
28068,1.2333484072409526
28069,1.1536302797722633
28070,1.2179761937583873
28071,0.9849653696035081
28072,1.770583276580575
28073,0.410917315484864
28074,2.8755336246414083
28075,3.372629651046668
28076,3.109483677199171
28077,3.4011392157185982
28078,3.3406838493331925
28079,3.9183316838593187
28080,3.396893187002799
28081,4.063239450457399
28082,3.1323770493504823
28083,3.3124068371259274
28084,2.9904659411907573
28085,2.7271125573226387
28086,0.8470234376962341
28087,0.45894070307080265
28088,1.2242692027075313
28089,0.18664504829283413
28090,4.116167271995588
28091,0.2740699436644489
28092,3.2722103086434107
28093,1.9045963389742089
28094,3.309339406049976
28095,3.0607407104346573
28096,4.0732100487339
28097,4.0253352455138325
28098,3.3245237875387526
28099,3.323886259041663
28100,1.706829799726285
28101,3.4852198234074327
28102,1.2040077130563376
28103,3.555433243760351
28104,0.4749392216480164
28105,3.555433243760351
28106,0.5132987660638266
28107,3.555433243760351
28108,3.589902924560167
28109,3.6247207002493282
28110,3.6270320219667322
28111,4.364396976790347
28112,4.002529914557566
28113,1.8124585752734197
28114,4.606064049054896
28115,4.500867988280554
28116,0.8504510384415603
28117,0.5858873224137826
28118,3.934561793021512
28119,3.6738966323183035
28120,3.6151408601136175
28121,4.330513006766458
28122,4.336030395922505
28123,2.7906843283756118
28124,2.415017268252883
28125,0.5418435424075123
28126,0.7977021386628721
28127,2.8953732346155197
28128,3.214286988278579
28129,3.6890829951991075
28130,3.7239120915351163
28131,3.808688870642437
28132,4.294968800565319
28133,4.078372751605789
28134,1.5615987892152519
28135,0.8609026452170356
28136,3.6988606011630916
28137,3.612660696229543
28138,3.5347609531617383
28139,3.563499606798211
28140,3.563499606798211
28141,3.958616525519312
28142,3.6911712952996476
28143,2.2594602004235638
28144,1.7547926942961338
28145,0.8945563135414542
28146,2.511252450263971
28147,3.0877518484916116
28148,3.3108280680024054
28149,3.508758585646852
28150,3.703667657358661
28151,3.703667657358661
28152,2.719230305685227
28153,1.9450655786652438
28154,1.9355615427342518
28155,1.455292800059562
28156,1.6094996377458417
28157,3.1747252953587184
28158,3.9091870239939053
28159,3.938707118799603
28160,2.6841402227187943
28161,2.17069913712084
28162,0.24345814449322256
28163,0.44786044566328514
28164,1.6003167563810332
28165,4.158274077300925
28166,4.311769352918144
28167,3.928733228932451
28168,3.278870325366262
28169,3.4764881914614376
28170,3.4764881914614376
28171,4.1752431360573246
28172,2.5641967839150888
28173,0.3283120634902556
28174,3.006560463935038
28175,4.036318304390883
28176,3.6985717007971464
28177,3.5966725408653057
28178,3.6398159285924603
28179,3.7091615693481996
28180,4.301631194369692
28181,3.224465844794958
28182,1.045258578602776
28183,2.9339217766271255
28184,3.9041729428451344
28185,3.905133643090501
28186,4.2222673414628185
28187,4.532135987850374
28188,3.955745302310587
28189,3.2786500231630122
28190,1.8123403618191853
28191,1.2274266263104263
28192,0.4514853809060941
28193,0.7985114090709934
28194,1.9218331410579508
28195,3.926701026383797
28196,3.9845308762134057
28197,3.8241487896662605
28198,3.84083056349199
28199,3.9854184805873154
28200,4.302552178959634
28201,4.162729922130146
28202,1.0781327157278737
28203,0.8218112854941957
28204,0.8199616625058216
28205,3.3277351068100733
28206,3.4825222367273656
28207,4.1013611568120005
28208,2.1737207344431955
28209,1.7601977653479595
28210,0.6489431436132372
28211,1.9735688330966146
28212,2.821895221843777
28213,3.145587148598897
28214,3.4500481852435634
28215,4.096678211867723
28216,3.6743635668367256
28217,1.9393755389467184
28218,2.8857234775442726
28219,3.942169369661834
28220,3.509551831065077
28221,3.689861156572059
28222,3.689861156572059
28223,3.2984901997803617
28224,2.543896977360425
28225,4.037277214319587
28226,3.476953053504032
28227,3.752220499750624
28228,4.376009775854067
28229,3.9907954797331584
28230,1.1153690555280105
28231,0.35967995983782497
28232,3.031167534249793
28233,4.063351735635573
28234,3.897863516663783
28235,4.031461101899229
28236,1.4329867878503282
28237,0.8036841681246225
28238,0.17294496625936942
28239,0.16713297944619968
28240,1.6602764538696126
28241,2.8351322246213533
28242,3.660480099891579
28243,3.7841990665586045
28244,1.7959057818138644
28245,0.37276658776074056
28246,1.745048774156666
28247,3.538935623646282
28248,3.5827490414698833
28249,3.7318912777027227
28250,4.178719059996509
28251,4.364603336710965
28252,4.111316437105108
28253,3.2855612929209945
28254,2.2711864826297825
28255,1.768692887324187
28256,0.81421761566172
28257,0.8178105664093305
28258,2.0120780356986607
28259,3.0161745330081002
28260,3.5333742497501133
28261,3.5771876675737144
28262,3.760633270937984
28263,4.18435427318134
28264,2.970686608451846
28265,1.4724603256819084
28266,0.6940689469748547
28267,0.45279597954226325
28268,1.3733042048850352
28269,2.196065143945072
28270,3.847005663348694
28271,3.847005663348694
28272,4.033719355651702
28273,1.780467388574998
28274,1.199008117942243
28275,0.3032229868499547
28276,3.237640406199821
28277,3.4572749186848934
28278,4.403503227013693
28279,4.152045907518342
28280,3.7235051605581875
28281,3.594459762493576
28282,4.050102584482861
28283,4.180450084901013
28284,3.494661437150925
28285,2.6940126117605026
28286,2.1453004879148034
28287,1.877094156614202
28288,3.851217714388648
28289,3.851217714388648
28290,3.9152615154120785
28291,4.110910978319152
28292,3.701797782184977
28293,2.44780120925749
28294,0.9941776191152563
28295,1.2669528211232643
28296,2.0877826809762348
28297,3.717018312334559
28298,3.8465970963412257
28299,4.148508681934468
28300,3.911635563701117
28301,3.47705151469591
28302,3.0528501631356963
28303,2.621680549435914
28304,2.43897848443807
28305,0.7909849772593206
28306,0.7657312486764412
28307,4.160864060561448
28308,4.279513895137421
28309,3.183920851726116
28310,2.994846776358247
28311,1.9050905412199046
28312,0.9027522381841196
28313,3.3669342718313535
28314,4.345759453147366
28315,3.9685903327344323
28316,3.544452206057443
28317,3.399516366160939
28318,3.5672720037061487
28319,3.5672720037061487
28320,4.208669443363918
28321,3.065268499198308
28322,2.4225158566142238
28323,1.9817657006719902
28324,1.3084859872037908
28325,2.2446972288941502
28326,4.552081496284812
28327,4.30062417678946
28328,3.445487117800776
28329,3.541586047716436
28330,4.029835815593705
28331,4.414884604863413
28332,3.2369490725535015
28333,2.043507418291912
28334,0.9152229842690588
28335,1.2748690485748513
28336,4.230380252411679
28337,3.8464046179838864
28338,3.9442507409493723
28339,4.589437284378792
28340,2.9616321990021515
28341,1.44540335482102
28342,1.054137954572456
28343,0.7613888012165898
28344,0.609056704650331
28345,3.848588154909235
28346,4.34284659829982
28347,2.887253014177301
28348,2.6158667442209267
28349,2.1033761647818094
28350,2.6173820558008214
28351,3.580172037974088
28352,3.8501256804116064
28353,3.9302463579971514
28354,4.192363833761942
28355,2.9345887249860043
28356,3.0076394950364316
28357,2.4266171858147634
28358,3.4718425068266723
28359,3.499682041402156
28360,3.9230976740813333
28361,4.108720498444076
28362,3.0528501631356963
28363,0.4303112737354805
28364,0.9297732807329275
28365,2.0734340333872954
28366,4.086989423915694
28367,3.4401124386851594
28368,3.5257939016973925
28369,3.7125640373493067
28370,4.464853768872909
28371,4.2453440946047385
28372,2.8370645189969985
28373,2.183395590376616
28374,1.0693332434225133
28375,0.6571823753664872
28376,0.4009937689784745
28377,0.8969945350646014
28378,3.1723185769408677
28379,4.243861645607312
28380,0.4383926909876406
28381,0.8138948243960352
28382,4.209879139388875
28383,3.8685502703320753
28384,3.8685502703320753
28385,4.010015798140119
28386,2.7396781204699687
28387,2.552125511664778
28388,0.3699241888519277
28389,4.232799790724745
28390,3.558778543770815
28391,3.8464046179838864
28392,4.064354315966551
28393,3.573743097327379
28394,2.51427998099488
28395,1.4474358076330764
28396,0.5752360620651682
28397,0.9441109393733363
28398,4.3363440246645135
28399,3.6275506233250825
28400,3.5372247816320628
28401,4.267818458682965
28402,3.9535212540926303
28403,1.5069486849235547
28404,1.2091375369510988
28405,0.8741024827806828
28406,0.878448380420708
28407,1.7340671210290801
28408,4.20393924773593
28409,3.566164185032647
28410,2.8488861050455934
28411,1.9886094791830957
28412,2.9846315898574622
28413,3.24516391574408
28414,3.2730034503195635
28415,3.225721485565176
28416,3.4175342169595506
28417,2.8729466268516495
28418,1.8837888032866337
28419,1.5347031475302513
28420,0.8204637322023809
28421,3.6125769170562303
28422,4.290093572722242
28423,4.269695221178034
28424,0.5347786389333986
28425,0.3750254789512162
28426,4.071365481344795
28427,3.751755312687005
28428,3.751755312687005
28429,3.751755312687005
28430,4.24809819250805
28431,2.6623025783525534
28432,2.3242028832682045
28433,0.7461333313615738
28434,2.915409675889058
28435,3.889510144803206
28436,3.6111406404626827
28437,3.509241480530842
28438,3.58738832833848
28439,3.9676791107129565
28440,4.265200064339747
28441,1.9111600083067601
28442,1.214501148513456
28443,0.4419297997107121
28444,0.2170570120972457
28445,3.753162707376337
28446,3.151507926903891
28447,3.6012150823258744
28448,3.636044178661883
28449,3.720844027288271
28450,3.720844027288271
28451,3.8919817133939425
28452,4.409380430778912
28453,2.7148370513515463
28454,1.9833797833169826
28455,1.4439289680225074
28456,0.4062051093331514
28457,0.41358444580347603
28458,0.7074606792913588
28459,2.976374649126272
28460,3.4568058333812646
28461,3.3883343696427244
28462,3.9099953522574524
28463,2.461623443371607
28464,2.1789481300719986
28465,1.0039881242645223
28466,0.7807086116264154
28467,1.9807919450565075
28468,2.401599490847115
28469,3.1859759806606966
28470,3.3839064983051435
28471,3.502545135366817
28472,3.138688893895929
28473,3.3245401523863176
28474,2.9204587793965926
28475,2.3094387579424067
28476,1.1385306168096285
28477,2.386979578848155
28478,2.556731184805994
28479,0.6403350406566589
28480,0.2011486061097668
28481,-0.0027878993491070336
28482,3.0474216939670664
28483,4.000193304570249
28484,3.545514655049412
28485,3.5634978661867467
28486,3.5634978661867467
28487,4.110864911834874
28488,4.419720155564004
28489,3.1915310453505366
28490,2.3950108302938715
28491,1.346364827970654
28492,0.8775201736292155
28493,1.8642143861808158
28494,3.4304239687706692
28495,3.4304239687706692
28496,3.1913488561765955
28497,2.4696002474916483
28498,1.9409922181502783
28499,0.4437299393934295
28500,0.2556663480609423
28501,0.2618294472315739
28502,3.963672588961564
28503,3.6107268574429803
28504,3.6475562970915445
28505,3.827441250832321
28506,3.1340640508697004
28507,2.499438120501116
28508,1.9920482459686097
28509,3.8864978737262046
28510,3.536868560216993
28511,3.4475355535280103
28512,3.740535291794767
28513,3.8653435083853296
28514,2.54176961965579
28515,1.7177438253957444
28516,1.1328300898869854
28517,0.3746449229785979
28518,0.721670951143497
28519,2.9010689134544214
28520,3.8498605684563008
28521,3.7363039463120944
28522,3.752985720137824
28523,3.8995650917882587
28524,4.347046290578728
28525,2.461139844258242
28526,0.6971346256298041
28527,2.781793290057023
28528,3.2028830194683646
28529,3.357670149385657
28530,3.520457396993804
28531,3.81794331929025
28532,0.5868638293292903
28533,0.5449851652718911
28534,1.4925648539802756
28535,3.2924917907317415
28536,3.3210013554036717
28537,3.6126818676868337
28538,3.1157333834728895
28539,2.5752309974513463
28540,2.0130429690133482
28541,0.3177265446668875
28542,0.2011486061097668
28543,0.2881352531676692
28544,1.876216540591064
28545,3.9086203669933406
28546,3.4621426655990253
28547,3.6424519911060074
28548,3.9943941600560935
28549,1.9017428256061513
28550,0.43824386808548127
28551,3.996636477152383
28552,3.3849134676516828
28553,3.422042565058248
28554,3.681142960978572
28555,3.6663671109515668
28556,4.2886200101760865
28557,2.4685374115951357
28558,0.4847014716783893
28559,3.6896669080925806
28560,4.0802202051381435
28561,3.277851036693879
28562,0.9617869272705335
28563,0.7341764831997273
28564,1.5943382939882715
28565,2.769194064740012
28566,3.701586938551814
28567,3.6122539318628313
28568,3.7072711230879944
28569,3.7072711230879944
28570,4.081096712189409
28571,2.499438120501116
28572,1.7013092453904235
28573,0.8688072744103691
28574,0.30581585340693695
28575,1.678098039802862
28576,2.7134723720312754
28577,3.638281560406383
28578,4.285118442669263
28579,4.016719900681666
28580,2.176589946206342
28581,1.674096350900746
28582,0.7049735349275212
28583,0.7003699137466812
28584,0.7039628644942917
28585,3.2536662267524004
28586,3.4043274199102216
28587,3.6466980834798313
28588,3.8510081222781674
28589,3.8117311124033617
28590,1.340856545270925
28591,0.8493353996114892
28592,0.5901109686335084
28593,1.5353948218001157
28594,2.0921071656037253
28595,2.9676313492340403
28596,3.2435828212067763
28597,3.7221535760069853
28598,3.910858722865099
28599,1.9970194134400898
28600,1.0674043375312596
28601,0.663606174214369
28602,2.9975817120790027
28603,3.422060825051778
28604,3.5080240782942993
28605,3.5080240782942993
28606,4.312439406198096
28607,4.232924718478623
28608,3.8164437890985017
28609,0.9718052849071142
28610,1.2863898747133746
28611,2.1701494948121773
28612,3.6376031502207304
28613,3.5570005184985316
28614,3.5570005184985316
28615,3.6258638816505075
28616,4.189540697682883
28617,3.2842483881645035
28618,1.5921392534095422
28619,1.3048990108606358
28620,2.458009491926264
28621,3.6546810207801808
28622,3.6978244085073353
28623,4.1773789911768695
28624,2.6158156607158367
28625,1.5141027470870931
28626,1.3037081785240434
28627,2.90583752162885
28628,3.5694854203164694
28629,3.8465970963412257
28630,3.9628858575717247
28631,2.01486447642194
28632,1.6734675961239744
28633,0.9431289768882989
28634,1.2557902818641118
28635,3.395727267004516
28636,4.388587724048215
28637,3.814511582606769
28638,3.728052480948653
28639,3.765181578355218
28640,3.765181578355218
28641,3.8914516868299383
28642,4.083949552243945
28643,1.1167802931853312
28644,2.22528172545557
28645,3.362387268754374
28646,3.5672720037061487
28647,3.7562348635474647
28648,4.44315003753183
28649,3.490374634320492
28650,0.9597759805014419
28651,3.4106580214647675
28652,3.541586047716436
28653,3.832697121181588
28654,4.008319091062248
28655,3.6080744582229554
28656,3.2319525192178338
28657,2.6108444403884015
28658,3.499249491255667
28659,3.7929623613126164
28660,3.6926289343050396
28661,3.8464046179838864
28662,4.6061951191454344
28663,3.641955125129505
28664,2.6796935874991776
28665,2.4879394696842034
28666,3.767355037875039
28667,3.831906381083506
28668,3.848588154909235
28669,3.986222461365114
28670,4.492525813350355
28671,3.595322162100791
28672,3.048389228113132
28673,1.4139907995892125
28674,0.9622152848231672
28675,1.8931239440311827
28676,3.493802313271764
28677,3.6150011343100967
28678,3.773855245761472
28679,3.535948171763054
28680,2.1731865943270785
28681,1.7607634126304665
28682,1.2426582000262685
28683,1.2059028426254894
28684,1.7695223386884011
28685,2.165814866672015
28686,3.705442898360572
28687,3.8350216823672385
28688,3.8350216823672385
28689,2.163545571902715
28690,0.5601855505813028
28691,0.5284378730936219
28692,4.336473752562541
28693,3.5783798481965006
28694,3.4772415360917246
28695,3.8383671541992364
28696,3.3803970800883767
28697,2.4562228120965495
28698,0.4974292153843046
28699,3.67222417787401
28700,3.622894173622459
28701,3.7252455868603387
28702,3.7252455868603387
28703,3.7252455868603387
28704,4.11251415928883
28705,4.319338552784391
28706,3.8934726805235953
28707,3.2829809253690203
28708,1.7920001046019742
28709,1.2615681421580756
28710,0.3492644399650569
28711,1.964525255321173
28712,3.137705516185173
28713,4.1822377324832996
28714,3.633987010137962
28715,3.8685502703320753
28716,1.9211589488007665
28717,1.973301567258798
28718,3.124814290010021
28719,3.6632379075378627
28720,3.5936076401068235
28721,3.8464046179838864
28722,3.8464046179838864
28723,4.333443176227241
28724,4.625572461384838
28725,2.6997497768917174
28726,1.110632074227247
28727,3.5720538779680715
28728,3.7479775863122518
28729,3.9434257679039004
28730,4.300049904838607
28731,3.005062380935983
28732,1.8920655845984065
28733,2.713788460376283
28734,3.381708264573577
28735,3.7858315783757233
28736,3.862102013025858
28737,3.862102013025858
28738,4.141869415268676
28739,3.9249719543578725
28740,3.301764567133408
28741,2.115673102846743
28742,1.0964274205566098
28743,1.0810552070740445
28744,1.5014051700481728
28745,1.6609303171637189
28746,3.225721485565176
28747,3.465090511445911
28748,3.279373872663691
28749,2.5391711005325472
28750,0.8420577964050303
28751,1.1768600372414797
28752,4.336040943270742
28753,4.068758106529536
28754,3.406866080480428
28755,3.217489792080184
28756,3.217489792080184
28757,2.6762970905418255
28758,1.1132270248051788
28759,0.4133850233670264
28760,1.998967558999991
28761,4.087007928639487
28762,3.6287041926479553
28763,3.502035011686934
28764,3.539164109093499
28765,4.515662255129638
28766,4.405150829370123
28767,0.5231313305581617
28768,3.58738832833848
28769,3.58738832833848
28770,0.7380142393726213
28771,0.7076781195397644
28772,3.720844027288271
28773,4.46178875275157
28774,3.2807931857180574
28775,3.952808439703759
28776,3.8866500923765974
28777,3.6110157578089255
28778,3.5679592406025313
28779,3.4855444870177372
28780,3.715137881550632
28781,3.9676392158400846
28782,1.2170678769335352
28783,0.7807086116264154
28784,2.962899761149903
28785,3.5788155700169524
28786,3.5788155700169524
28787,2.6446423316084826
28788,2.175684521598526
28789,2.2818836101305693
28790,1.8499331254848492
28791,1.0120497906136547
28792,1.0148477631502024
28793,1.5450735151984931
28794,1.8700309090889937
28795,2.648711682384578
28796,3.1426334107816274
28797,2.04329009920804
28798,1.0840747313894534
28799,0.3177265446668875
28800,3.4500927386691336
28801,3.5634978661867467
28802,3.876137467832335
28803,0.3433675551529986
28804,0.3388353100440207
28805,4.123446709378807
28806,3.2448591203206143
28807,3.056316939465983
28808,3.831110603187616
28809,4.121874923435369
28810,3.832400958738287
28811,1.502800314358565
28812,0.976786891902197
28813,1.8412414916877777
28814,3.551971085238294
28815,4.117677544112543
28816,4.415198497739332
28817,0.9506620421793347
28818,0.5070110159003555
28819,0.3411125782254884
28820,0.4061188758355085
28821,1.9345543593320416
28822,2.8669710422733217
28823,4.2491316579974425
28824,3.1882482292377547
28825,2.1028688286717134
28826,0.7438304730117173
28827,0.3976453867060026
28828,1.8449926831304542
28829,3.5277498455660803
28830,3.4415499406325316
28831,3.484693328359686
28832,3.752985720137824
28833,4.216698790160576
28834,3.7808082878036067
28835,3.147152980992576
28836,2.196421271014696
28837,1.6939276757091
28838,1.2210259525102816
28839,0.9326130221621624
28840,1.5385472423269664
28841,2.2406227175027746
28842,3.4008135371128114
28843,3.520457396993804
28844,3.703062730375112
28845,3.323708153383138
28846,1.0327445182053328
28847,2.0421169540322124
28848,3.5570005184985316
28849,1.6285939849369762
28850,3.875243493092545
28851,0.7104513207673251
28852,3.319311377557845
28853,2.702738115577578
28854,1.3403553849158054
28855,3.8289098124830434
28856,1.2938657772597266
28857,3.9692691739549217
28858,2.0626683877578134
28859,3.5469545289239255
28860,3.0193097622290517
28861,0.9853385176463315
28862,3.564185359318386
28863,2.838314312078221
28864,3.7749472797385124
28865,3.92146802507253
28866,4.115309158709616
28867,1.447042693947382
28868,3.301764567133408
28869,0.2797793818008424
28870,2.7042923419084266
28871,0.6980894731092818
28872,1.3759671268336744
28873,1.8484879710013575
28874,1.6136215544040051
28875,3.681142960978572
28876,1.722158030055021
28877,4.285607981928809
28878,3.6974930691502212
28879,3.896198943309718
28880,3.717018312334559
28881,1.034856985176445
28882,4.117763967926496
28883,0.2828395019103288
28884,2.1922334565875343
28885,1.887526980519988
28886,3.765181578355218
28887,3.983743631348875
28888,3.765181578355218
28889,3.9812018733569143
28890,4.575178182762793
28891,3.556520483579997
28892,4.5400684672276395
28893,3.7228894217426314
28894,3.58042827914112
28895,3.822927027748282
28896,2.3520941337741625
28897,4.404006146833462
28898,0.8751281776486861
28899,4.249446100379599
28900,1.2890704837652112
28901,3.936864565475785
28902,4.1623950188064835
28903,1.3482799750005798
28904,3.9023371568342227
28905,0.23477105435693732
28906,3.2166450594275857
28907,0.10599423190556574
28908,1.1402484931694163
28909,0.4439397960961964
28910,0.9597759805014419
28911,3.6875322336479646
28912,3.4817684688542685
28913,3.0858774531755184
28914,3.645175400655995
28915,3.7072711230879944
28916,3.541586047716436
28917,3.7903587294051198
28918,3.4460530882912264
28919,3.2446841448825543
28920,1.2738966103411429
28921,2.086434248666392
28922,0.9235372756602047
28923,0.554776307815905
28924,2.2113122232982736
28925,2.794128304216271
28926,4.549687371252351
28927,3.5997916186413894
28928,3.735772322032194
28929,3.446896037793933
28930,3.8464046179838864
28931,4.103782571081007
28932,4.300874877884079
28933,3.190964756497554
28934,4.132566343768677
28935,1.1773144273268468
28936,0.9779315819584993
28937,0.9282530475656285
28938,2.1012533139454543
28939,1.8982303337836226
28940,3.2052510376894947
28941,2.8871277031682085
28942,4.171026789485516
28943,3.4481408377338227
28944,4.233787209138812
28945,3.7229685181299663
28946,3.6573049501586454
28947,3.7229685181299663
28948,3.692134046494654
28949,2.1857052047096093
28950,4.430873435241579
28951,0.34883800120091696
28952,4.066270803842297
28953,3.2720923858787065
28954,1.6734896567039974
28955,3.592574792000317
28956,1.0412872216332456
28957,3.9358304125445964
28958,0.9611186087272083
28959,3.1808030567149443
28960,3.1052781575564596
28961,0.2609134484664989
28962,3.8501256804116064
28963,0.23176040528099304
28964,4.130294001294689
28965,1.8414373406185545
28966,3.89475594108828
28967,3.5773115347832767
28968,3.2711653926447988
28969,4.003584162468965
28970,1.3439096699660185
28971,3.185044645099705
28972,1.5525715759062302
28973,2.2488672711019126
28974,3.0005329391232816
28975,3.2113101809400546
28976,4.077975784436105
28977,3.72569653973984
28978,3.34141791754358
28979,2.443321867067652
28980,1.7791167756355843
28981,0.6732129031021568
28982,3.387197768587847
28983,3.5257939016973925
28984,3.5257939016973925
28985,4.135874295603873
28986,2.1471970195575283
28987,4.240816539053125
28988,3.585765076215894
28989,3.7458444425922015
28990,4.393269178014177
28991,2.6703922724512346
28992,2.3322925773668857
28993,0.6194306646265252
28994,3.703617277569001
28995,3.599157913801953
28996,3.9768190392925344
28997,4.333443176227241
28998,4.625572461384838
28999,4.466886738750234
29000,3.519404579500947
29001,1.444495790298505
29002,0.7951466029929188
29003,0.49906216333100956
29004,0.8229030693667231
29005,4.121859076188793
29006,3.9768190392925344
29007,4.521225256576666
29008,2.913199304846261
29009,0.7217710716674343
29010,2.1670047249280824
29011,3.427867382047136
29012,4.157520618033482
29013,3.7312958124865223
29014,3.7479775863122518
29015,4.449729119889142
29016,3.5390301647578983
29017,2.8180292478507987
29018,2.561044170182092
29019,0.9203469243048281
29020,2.3055318054134504
29021,3.2310470714157558
29022,3.4165373609095857
29023,3.9418217719711386
29024,2.8484376317022706
29025,2.350664489180836
29026,1.6219369205837948
29027,1.3453451918317751
29028,2.7506815372996996
29029,3.1428510063742507
29030,3.310337068589718
29031,3.0148577350113746
29032,2.3100767221245966
29033,0.9942017960340084
29034,2.0876964232454003
29035,3.3133467100678526
29036,3.224801143177359
29037,3.2619302405839243
29038,3.217489792080184
29039,4.0258008832678485
29040,3.886659097192341
29041,3.255695761569907
29042,2.0706980704329707
29043,1.6160491114751265
29044,0.8485690611079164
29045,3.128303942309572
29046,3.9166765257585054
29047,3.9624243356948092
29048,3.2949572579832718
29049,1.8002661050024849
29050,1.3393416672971992
29051,0.5567810663315432
29052,0.9661110199555417
29053,2.1366329147140775
29054,3.743659027464299
29055,3.5523848682579966
29056,3.686266630931911
29057,4.2555183255709395
29058,3.9429367906671264
29059,3.2839232618852185
29060,2.6730145071828675
29061,2.297347447060139
29062,1.8580766174318395
29063,2.805349215492412
29064,3.7056744460929223
29065,4.209115411766261
29066,3.960702930413044
29067,2.4869358140999887
29068,0.7523901956388663
29069,1.8150244711688794
29070,3.524815852875377
29071,3.4855444870177372
29072,3.642550122037788
29073,3.0658865880721122
29074,1.6742806239445684
29075,0.7843015623740257
29076,1.7394923565501883
29077,3.340763110577989
29078,3.264659859620502
29079,1.8891229487194614
29080,1.340549341730578
29081,1.3615164964309434
29082,2.502005193391153
29083,2.6208721478090946
29084,3.059762931590702
29085,3.1426334107816274
29086,3.670938719414926
29087,3.7863263912073055
29088,3.8112980808868033
29089,3.426505256802319
29090,2.995284111351283
29091,1.7829025940518355
29092,0.40045128019723386
29093,1.5529075909149817
29094,4.041914025537628
29095,3.487221836075699
29096,3.7622931420897796
29097,4.259173591818028
29098,2.003039357222474
29099,0.5018320414376375
29100,0.7391907439751783
29101,3.3008630756857413
29102,4.351170372865575
29103,3.0934460368725483
29104,3.4304239687706692
29105,3.4524244529604933
29106,4.090536323207576
29107,0.6906110607626385
29108,2.9339147485057246
29109,3.9404977846588367
29110,3.5088276975111397
29111,3.6475562970915445
29112,3.6475562970915445
29113,3.800543845740227
29114,4.211229400444434
29115,1.6069232426926405
29116,0.7841558614399662
29117,3.8220230805664777
29118,3.403722135704409
29119,3.740535291794767
29120,3.740535291794767
29121,3.819280254291444
29122,4.13641395266376
29123,4.441734193925116
29124,3.8924912903610567
29125,4.072328128204888
29126,0.7079635835791569
29127,0.7061139605907828
29128,1.828098038590674
29129,3.4908952671594125
29130,3.9785005240253977
29131,4.02123864186027
29132,2.8069907426512235
29133,2.2082790753831643
29134,1.2347190845921452
29135,1.0282800985749425
29136,1.1484393946325464
29137,1.8696108547552681
29138,3.0165403187590054
29139,3.742260651693502
29140,3.742260651693502
29141,3.9442974842754235
29142,1.566797788279087
29143,0.6403350406566589
29144,0.7258180426989888
29145,3.8947602041957805
29146,3.5575645819793036
29147,3.4992717630055905
29148,3.6424519911060074
29149,3.6424519911060074
29150,3.705662911293454
29151,4.334906060322945
29152,4.233297534349921
29153,3.2307827962985067
29154,2.47618957387857
29155,0.8589192466165483
29156,0.28475428451166096
29157,2.901682419746534
29158,3.9703264799657805
29159,3.5277478907488
29160,3.681142960978572
29161,3.973196306665739
29162,3.2259852950035537
29163,2.1257870578318214
29164,1.570226562010482
29165,0.30727418020571745
29166,0.737128482627912
29167,2.964216799895989
29168,3.600333901403598
29169,3.7228894217426314
29170,3.7228894217426314
29171,1.9199911217694754
29172,0.10119481956485875
29173,3.56844051403923
29174,4.418073609988486
29175,4.215761438418086
29176,3.903179903514274
29177,0.5190019225831057
29178,0.24304228872412578
29179,3.5927580466861313
29180,3.490709455617534
29181,3.6549633342321126
29182,3.6549633342321126
29183,3.8130445882967163
29184,3.7964066749886856
29185,2.5097976029983182
29186,1.5595816051026636
29187,2.310755012695724
29188,4.011565327013316
29189,4.067862135152095
29190,3.4143109646939296
29191,2.839082828040863
29192,1.7878311585649134
29193,1.0319162229349725
29194,0.3069593371435178
29195,0.9104135665041727
29196,1.2693462265436888
29197,3.7221535760069853
29198,3.795471051072719
29199,3.579784346074489
29200,2.5955087769116556
29201,1.6488636081640147
29202,0.35242577415836535
29203,0.14433550990937824
29204,3.9621762471581774
29205,3.2607272606860085
29206,3.6003436594820597
29207,3.4591899224583433
29208,3.5080240782942993
29209,1.7656376834546004
29210,1.506938462868373
29211,1.8009028869799102
29212,3.881277514702853
29213,4.8661587993901785
29214,4.341454048781488
29215,4.791220874933392
29216,4.042575568796256
29217,2.4608136553816857
29218,2.599129026381049
29219,4.57676929767945
29220,4.663648531527507
29221,4.739918966177641
29222,4.994555753535574
29223,5.048543821434012
29224,5.002350227966308
29225,4.663270941734793
29226,3.4553049109614538
29227,2.0000245269188874
29228,2.1923141289415584
29229,3.842597641186078
29230,4.686301233246758
29231,5.118174364552134
29232,3.992362741639039
29233,3.57312971963806
29234,3.2628198015591483
29235,2.391138736916577
29236,1.265982535643291
29237,1.2212127648068665
29238,2.667571653751035
29239,4.832055574396694
29240,4.474601166671312
29241,4.646765300223873
29242,5.218802237503913
29243,4.829109153974233
29244,3.9267096808377624
29245,2.906601269740599
29246,2.4418824850520626
29247,1.681895540523874
29248,1.7693348356476752
29249,4.0790890261001564
29250,4.11621812350672
29251,4.6630221640852305
29252,5.039873209478373
29253,4.708746494844482
29254,3.0295164985061516
29255,1.640502516277668
29256,5.0112467117648025
29257,4.409297493507753
29258,4.41458978897386
29259,2.7637715129549685
29260,1.8367216829979656
29261,4.672498127149647
29262,4.579561781939968
29263,4.622705169667121
29264,4.808512138760581
29265,5.135827165829414
29266,4.9960586727969165
29267,3.4287451011815064
29268,2.2053495281411792
29269,1.583745256975693
29270,1.2223069490822243
29271,1.0120197942419331
29272,4.660755264358102
29273,5.182845553047272
29274,1.707012831465206
29275,2.7051783593428036
29276,3.2578372267203433
29277,4.409988905935609
29278,4.552830834543519
29279,4.7388269322006
29280,5.063528664019085
29281,4.526223333865313
29282,3.1732132412794107
29283,2.9012263212351175
29284,2.5069529423550834
29285,1.905151137226647
29286,2.8064312520894994
29287,4.802883891233419
29288,5.036383336339251
29289,4.665244750013896
29290,2.9854554953217223
29291,2.5353993388489005
29292,4.308084014620189
29293,4.385465761281585
29294,4.390758056747692
29295,5.224655959169295
29296,4.974862659941058
29297,4.634311550989575
29298,2.711647080385186
29299,4.488584849470973
29300,4.43925484521942
29301,4.5389295658674955
29302,3.6042472131499346
29303,0.9039950478751247
29304,0.7711029947774773
29305,4.654488285876009
29306,4.577689137689538
29307,4.515455952056395
29308,4.827519025225856
29309,5.154834052294689
29310,4.886694118570306
29311,3.4672649374063904
29312,4.690811562892257
29313,4.690811562892257
29314,5.413254016078387
29315,4.418903645642982
29316,3.7713228820089153
29317,2.2838716849130054
29318,1.6986704796197798
29319,4.851935580177758
29320,4.930176554133699
29321,4.443138233463803
29322,4.623275326923566
29323,4.812733832517226
29324,5.2576272427420445
29325,4.404407281232856
29326,1.9187839341425894
29327,3.462491956788197
29328,4.119755519381263
29329,4.771077684204864
29330,5.095378497383085
29331,4.865487625947486
29332,4.576713766524919
29333,3.7589941442488684
29334,3.0522177580773975
29335,1.6968746299535014
29336,3.9435153655191804
29337,3.079254901967259
29338,2.5873396229236048
29339,1.2793031707499047
29340,1.2577091065472557
29341,1.6335815596904135
29342,3.718530809232086
29343,4.741225042434973
29344,4.774688346316757
29345,3.8910673593458065
29346,3.8910673593458065
29347,4.40122896860664
29348,4.785143824952382
29349,5.0021657811549884
29350,3.410416507460387
29351,0.815859468660628
29352,1.2626047372722518
29353,3.4822680356204665
29354,4.387390592120937
29355,4.585935137084486
29356,4.760663504179703
29357,4.805470635082648
29358,2.119832586364319
29359,3.2017597143053225
29360,4.3602832799894635
29361,4.403426667716617
29362,4.367253804404518
29363,5.069371709886242
29364,4.0924553177060075
29365,3.5012639490169013
29366,2.6328581283804686
29367,1.0652542055791123
29368,3.1046130683926614
29369,3.844190047167762
29370,4.5175131205803165
29371,4.519016801699811
29372,4.750353969262793
29373,5.038178557769236
29374,3.3193454987173183
29375,2.1309041290507715
29376,4.49611065448346
29377,4.325110631591233
29378,4.341792405416962
29379,4.341792405416962
29380,4.366105294904673
29381,2.956967359460811
29382,2.384400492356131
29383,1.3764432796143005
29384,1.3432160102634036
29385,2.5059124362161445
29386,2.9653729583652817
29387,4.260401250256638
29388,4.439365626704597
29389,4.0446724887316545
29390,4.1931328727873565
29391,3.6130665703146287
29392,2.9649045491926653
29393,2.8535756472282703
29394,1.609646057557131
29395,1.9281423150547852
29396,2.2530997089452858
29397,3.3152136000587165
29398,3.995974598416182
29399,4.7617580307882745
29400,4.777713431792278
29401,3.018303705170368
29402,0.5171701217465097
29403,0.7223519714966771
29404,4.314312857670426
29405,4.655338790813554
29406,4.293572864667984
29407,4.381473460859077
29408,4.551067166275676
29409,4.870329826154894
29410,4.995858899483172
29411,4.679248606951497
29412,1.9841511739083582
29413,2.2267172590508815
29414,3.7501173693940677
29415,4.8527508808612785
29416,3.8960377036843155
29417,4.161230553485585
29418,4.161230553485585
29419,4.646593178336549
29420,3.9244089729456504
29421,2.652496396164777
29422,0.8916573601103959
29423,0.650236875605876
29424,4.615499164625902
29425,4.416830820281973
29426,4.417926998139151
29427,4.726574864824606
29428,2.7035524239831092
29429,2.2505280597298905
29430,0.6650357594051983
29431,2.2342912072253522
29432,4.209461396025797
29433,4.549213025690514
29434,4.244628748990029
29435,4.2884421668136286
29436,4.6967276435046
29437,5.242601740020612
29438,3.3508324152360904
29439,1.218590179200374
29440,0.8037159383570562
29441,2.191309793624295
29442,3.231959721996012
29443,4.2931358395613035
29444,4.591503523103835
29445,4.591503523103835
29446,4.724476936865148
29447,5.0123015253715915
29448,4.915867536021833
29449,4.700158469955246
29450,3.3713757819646193
29451,3.009098591155273
29452,1.997474595976049
29453,4.330592307889326
29454,4.759959434774042
29455,1.6590142469977107
29456,1.071369973929434
29457,3.4010750103621286
29458,4.709271127722847
29459,4.815774741415227
29460,4.479618121435472
29461,2.891930099651716
29462,0.6231522037014037
29463,3.1855433529684225
29464,4.241989245085985
29465,4.360028972056019
29466,1.292565679620057
29467,0.6376476258724908
29468,2.155241865040746
29469,3.1930100118336715
29470,0.9841703566340484
29471,0.7533861719893437
29472,0.659703180878969
29473,2.211767608140487
29474,4.466191580843136
29475,4.545729714523613
29476,4.650510131050361
29477,4.87849419857435
29478,5.155009407017881
29479,2.622716253756786
29480,1.9824993269582762
29481,1.5273010518832222
29482,0.4520005687536879
29483,0.7476789427840901
29484,3.7702052260315173
29485,4.352362268587684
29486,4.396175686411284
29487,4.5149997734872365
29488,4.5149997734872365
29489,4.8793707056256155
29490,4.010322982796735
29491,2.797938426680892
29492,0.6419359548301519
29493,0.8599297712720992
29494,4.24873134300064
29495,4.484443902718018
29496,4.878718577379881
29497,4.734216126021596
29498,2.424466695089209
29499,1.8088390467354702
29500,1.1640252281381693
29501,1.151788564874951
29502,2.25195266276689
29503,4.079611044082427
29504,4.330557858969433
29505,4.714990735033403
29506,1.6354218070972624
29507,1.4177693525745712
29508,0.8252241679909476
29509,1.2803169066604791
29510,1.8681464683874405
29511,2.7980244795087676
29512,3.7475543779309994
29513,4.0885476697070695
29514,4.544074063434046
29515,3.4757740644035877
29516,1.731080856908847
29517,0.5581877824895225
29518,0.4269419885571197
29519,2.117749028789078
29520,4.2345750792909795
29521,3.953789317930843
29522,4.331103548482367
29523,4.3104884683710125
29524,4.3104884683710125
29525,4.825849398905552
29526,4.678028339776664
29527,4.628351558851367
29528,4.341454048781488
29529,4.874996644064683
29530,5.029707305189035
29531,4.320526470821998
29532,2.802636290495977
29533,2.0297225143628213
29534,2.0016176885237784
29535,3.8594773146607597
29536,4.619912685406603
29537,4.8238172201039085
29538,3.6413402097198437
29539,2.406295540602555
29540,2.1314934203748424
29541,1.6810147581188224
29542,2.3325126895184
29543,2.7367903167981456
29544,4.505301259574866
29545,4.666775990062422
29546,4.834733724597419
29547,4.834733724597419
29548,5.096445939219656
29549,4.434895873911895
29550,2.7730784333373286
29551,1.4181265352722696
29552,1.7442633301047716
29553,4.561060268329429
29554,4.511730264077876
29555,5.0055183986654805
29556,5.253911953039066
29557,4.307256100158772
29558,3.6215728935955287
29559,1.4291784477259126
29560,1.3615809314535405
29561,2.635925958259825
29562,4.261153963403225
29563,4.420695853595314
29564,4.420695853595314
29565,5.2733574949519335
29566,4.206671624160979
29567,2.5488964140105224
29568,1.4213409658129423
29569,3.929994016970653
29570,4.36327480052873
29571,4.128757421337503
29572,4.16358651767351
29573,4.7259861453697125
29574,5.248489490797364
29575,4.427377770321828
29576,3.965620136214291
29577,3.2672965227783455
29578,1.8749273705849838
29579,1.477564706716149
29580,3.9906879255310197
29581,5.044781001380951
29582,5.377118839072341
29583,3.8082423302502804
29584,2.490640693118107
29585,3.612721112655656
29586,4.936974641050472
29587,4.677767347229711
29588,4.677767347229711
29589,5.3004239362032575
29590,3.911559472077903
29591,3.6528646405762717
29592,3.3340932133079075
29593,2.4946469448364166
29594,1.5947136253042307
29595,4.587659930879526
29596,4.838802062688981
29597,3.844696734665624
29598,2.021410045153033
29599,1.9354978559881468
29600,2.371485747747355
29601,4.512763228757329
29602,4.673305107226752
29603,4.802883891233419
29604,3.9950240806573127
29605,3.3342052614337963
29606,0.9102483640744781
29607,1.299312242330161
29608,4.409222326724966
29609,4.270954917213625
29610,4.548946070763354
29611,4.942947219152046
29612,0.9245511841399904
29613,1.4218830768407131
29614,4.710632148109206
29615,4.402125747812856
29616,4.5389295658674955
29617,4.974964330402079
29618,5.208448615875639
29619,5.142661392441981
29620,4.7926062945158785
29621,3.1685889004997856
29622,2.0113720302186526
29623,1.1383899146860426
29624,1.2370645058230507
29625,3.5713030932193557
29626,4.480626855720388
29627,4.692682795850435
29628,4.692682795850435
29629,5.26775428484573
29630,3.6696464226530985
29631,3.3845351962821075
29632,2.3888164484994707
29633,4.5441457984671105
29634,4.44708351649796
29635,4.481912612833967
29636,4.841080437103743
29637,4.927846644994791
29638,3.2274597832797443
29639,1.241120322522364
29640,1.0476676558453275
29641,4.47796732979981
29642,4.639957100749295
29643,4.639957100749295
29644,5.140048859586059
29645,5.138516903652435
29646,4.900030473396792
29647,3.8682326249007537
29648,3.5836408742497694
29649,2.3033376058779016
29650,1.5613041669587155
29651,1.3902146619984186
29652,2.182976559670247
29653,2.3370621672018483
29654,2.7891813643754206
29655,4.361718012780676
29656,4.244905945970582
29657,4.0635681989806525
29658,4.0635681989806525
29659,4.26069321311623
29660,4.078098851518045
29661,2.172286396647532
29662,1.4314471703788834
29663,3.934879257388238
29664,3.8910673593458065
29665,3.9939070627285926
29666,2.7072588697857323
29667,1.0289695218148438
29668,0.8141261560242194
29669,2.3998683840871675
29670,4.4796249983089105
29671,4.424519689527501
29672,4.591227432550593
29673,5.0627760610633725
29674,5.1723863544232715
29675,4.119671776658474
29676,2.5950174156308496
29677,1.2918929739120668
29678,1.0491838157100035
29679,2.606088263813142
29680,4.373738749527988
29681,4.462182439921304
29682,4.367253804404518
29683,4.367253804404518
29684,4.4943625611768026
29685,4.73172864489432
29686,4.981978865269322
29687,1.8771463733949867
29688,0.6012736576708634
29689,2.2025178523940285
29690,4.57974630621346
29691,4.519016801699811
29692,5.243581165502759
29693,4.127460366675573
29694,3.644805353534676
29695,2.8067967637397873
29696,2.1586490010438353
29697,0.8080691740395756
29698,4.282025048418242
29699,4.58217655291399
29700,4.584919133915778
29701,3.6993294127692242
29702,3.270231881788498
29703,1.9065475546161907
29704,1.3582832898795867
29705,3.818972123866433
29706,4.303544637983792
29707,4.515636061354732
29708,2.3773626797581278
29709,2.3722751140142804
29710,1.9603521166071465
29711,1.5932974000371902
29712,1.821152453391682
29713,3.0573443140852397
29714,3.9131041192252525
29715,3.995974598416182
29716,2.660357582448362
29717,1.8753881559150316
29718,0.6484159156789128
29719,3.319820526099863
29720,4.351865683641698
29721,4.381473460859077
29722,5.131914336632238
29723,3.1982551547746243
29724,2.7087250641374268
29725,1.4807208720560463
29726,1.460785188518316
29727,4.7797284037250565
29728,2.6031271997901397
29729,3.7446246202362476
29730,4.953893877704343
29731,4.161230553485585
29732,4.499306160786756
29733,1.0865127149221676
29734,4.542449548513909
29735,2.212878369820523
29736,4.341454048781488
29737,4.417926998139151
29738,4.480067051098205
29739,4.417926998139151
29740,4.973243312588285
29741,4.610507148449352
29742,3.9616244332690336
29743,5.034552240102025
29744,3.263300819833088
29745,1.4986014236241296
29746,2.316600453351336
29747,0.7201523334415261
29748,1.9606710562648282
29749,1.0970275604104365
29750,3.033123106908028
29751,4.370378091704714
29752,4.486273636217653
29753,4.5637751467896255
29754,4.739918966177641
29755,4.5637751467896255
29756,4.244905945970582
29757,4.5637751467896255
29758,3.221663099297418
29759,4.006249740400832
29760,1.9696778081573878
29761,2.361348642432995
29762,4.686301233246758
29763,1.7970806111803141
29764,4.970876938730758
29765,4.219404353356426
29766,4.799446013014444
29767,4.379335744494852
29768,3.839195117352997
29769,4.336279227288457
29770,4.905078051532916
29771,3.985371060315005
29772,4.511730264077876
29773,1.8889933195530921
29774,4.511730264077876
29775,1.5727445222248404
29776,4.511730264077876
29777,1.26857697115488
29778,3.7574278701035517
29779,1.2437183836850065
29780,4.774906027778091
29781,2.218510906600779
29782,4.712095481215823
29783,3.542175000087104
29784,4.420695853595314
29785,4.3445734769378825
29786,4.966447390165614
29787,4.360154437723717
29788,3.978418396718962
29789,4.360154437723717
29790,3.7444881223610813
29791,4.925863882909373
29792,1.4213409658129423
29793,4.616419364812202
29794,1.7893413714916246
29795,4.307098697722885
29796,2.667062419053397
29797,2.8801958632861098
29798,5.09368949461286
29799,1.9432130762064812
29800,4.41458978897386
29801,2.249135455511234
29802,4.1826092985398455
29803,4.177333802791529
29804,4.539944221564335
29805,4.57969234371618
29806,4.917734751330888
29807,4.917808704345739
29808,4.110146705544948
29809,4.118430885887092
29810,1.485878998107295
29811,3.510520297210448
29812,2.7146746635928007
29813,2.348126301351653
29814,5.0797787818862306
29815,1.6805254668479492
29816,4.671957855548263
29817,1.2884311962016475
29818,4.690811562892257
29819,0.6484159156789128
29820,4.690811562892257
29821,0.5171701217465097
29822,5.393876673838983
29823,1.0949789967120638
29824,4.487115673445108
29825,2.232242643526981
29826,3.1896058260545423
29827,4.301736153082304
29828,1.392369000418674
29829,4.382116059066154
29830,4.617149840810204
29831,4.454091906924877
29832,4.550705176641709
29833,5.006755212836706
29834,4.585534272977716
29835,4.927139426122772
29836,4.661085573403982
29837,4.681735748299399
29838,4.855530525978439
29839,2.004144293468115
29840,5.238771558094482
29841,0.8494690053291628
29842,4.94997970102989
29843,1.01797821822583
29844,4.460699278575748
29845,4.723826422276419
29846,2.1484055639587742
29847,4.318414006344228
29848,1.6120017310253079
29849,4.182976665045009
29850,2.46532999688414
29851,4.220105762451573
29852,4.01078726592593
29853,4.498390868734419
29854,4.662556497550465
29855,4.498390868734419
29856,4.7388269322006
29857,4.8143765825688245
29858,5.0095405961206465
29859,5.117535234858812
29860,4.81499719328788
29861,4.800924942327137
29862,4.19403235209196
29863,3.296696490881057
29864,3.923199961549325
29865,2.8563875195519426
29866,2.116657533061195
29867,2.232927662753353
29868,3.9372930586805097
29869,3.2701584481366224
29870,4.171769936981264
29871,4.32132120980196
29872,4.540602763332812
29873,4.685089303632905
29874,4.910814335850353
29875,4.545729714523613
29876,5.0581117616717295
29877,4.965129018798703
29878,4.351000037720294
29879,3.988212626618469
29880,1.3130127217245986
29881,0.627117238231015
29882,0.7657062318533732
29883,0.4060957248882993
29884,0.8638328312115146
29885,1.8849425895990075
29886,2.4298381439073715
29887,3.03285861248397
29888,3.8088259126148483
29889,3.9511967813919235
29890,4.75810189658954
29891,4.478111611302369
29892,4.782118750817263
29893,4.617941832707199
29894,4.390758056747692
29895,4.749950844257662
29896,4.0862291287089425
29897,3.308500916081416
29898,3.444096241713395
29899,2.3449140624276734
29900,3.0326653257848672
29901,0.9167941323978456
29902,1.770263716290978
29903,1.958201463971535
29904,1.234096683700037
29905,2.978149494247696
29906,1.0209866305458213
29907,3.8574351689025517
29908,2.6589507102564816
29909,3.4794686515447295
29910,3.6004361030842342
29911,4.401626923848096
29912,4.964651422141991
29913,4.501125676543747
29914,4.5389295658674955
29915,4.645674358400914
29916,4.637603723571326
29917,4.90710323131933
29918,4.100982436532096
29919,4.03866185936069
29920,2.619303723540349
29921,3.425625925729831
29922,2.374560085671029
29923,2.994859651372055
29924,4.939194073368556
29925,1.2427531446413744
29926,4.692682795850435
29927,1.928730236038185
29928,5.399692604200499
29929,3.575616756253215
29930,4.377751119218497
29931,4.286744441145833
29932,2.744575929223571
29933,4.518995460149709
29934,2.292445113492959
29935,4.5952658947998435
29936,1.3592132705897564
29937,4.758671156446499
29938,1.0097719377558145
29939,3.7606575547506447
29940,0.7979105378246282
29941,2.9430325419015753
29942,1.2515528016845552
29943,2.481108875936841
29944,4.502962699943689
29945,1.6020978731310136
29946,4.870967795066614
29947,4.117057234378999
29948,4.671957855548263
29949,4.673652847440713
29950,5.168395464172576
29951,4.852903337335794
29952,5.308906811270215
29953,4.868858738339798
29954,3.4603147364885714
29955,4.457423926318864
29956,1.428016862022068
29957,2.810887116508665
29958,2.625860608289292
29959,2.3986816914125506
29960,3.9048059612018546
29961,0.8841928052672542
29962,4.5334640751568225
29963,0.5143668839287346
29964,3.2792706392690727
29965,4.152820714052084
29966,1.4060348885070162
29967,4.42888588108574
29968,4.326888916444669
29969,4.675953542210736
29970,4.771077684204864
29971,4.870651896052982
29972,5.041390429484647
29973,3.640452084763377
29974,2.8210175189819084
29975,2.344482757868145
29976,1.9992018745785234
29977,1.7127486577452513
29978,2.038547523482488
29979,2.16754546847223
29980,2.533877606850138
29981,3.61094710645048
29982,4.28450865729525
29983,4.312348191870733
29984,3.9806977197897258
29985,4.145625657488266
29986,4.223513695992225
29987,4.272581079267705
29988,3.8597992953626545
29989,3.4024967226643175
29990,2.474797826616125
29991,4.1169441946913095
29992,3.9720083547948013
29993,5.0226127937119065
29994,4.706002501180232
29995,2.2436172066333633
29996,1.7314340722215382
29997,4.760063902064274
29998,4.50666269128406
29999,4.591227432550593
30000,5.283069390433174
30001,3.5636052107412435
30002,3.1279468980910945
30003,0.9966464592283999
30004,1.4598311450813874
30005,4.175860183219473
30006,4.832600949317124
30007,3.0280382713283727
30008,1.1594650206488957
30009,0.8100236878149532
30010,4.052426560276592
30011,4.48268402424431
30012,4.519016801699811
30013,5.198568618114375
30014,4.825701892083198
30015,1.2229434148828933
30016,0.774563228984879
30017,1.0595203014103975
30018,3.2669382814822217
30019,4.409910749549912
30020,4.453054137277065
30021,4.262751881756775
30022,4.5602462837988105
30023,4.7806467861937145
30024,1.6684119467900098
30025,2.234797014610608
30026,4.049141916433761
30027,4.515636061354732
30028,4.141334344590355
30029,3.376496570854404
30030,2.8772210216317102
30031,1.6966612832946715
30032,3.181306119100545
30033,3.287374065483233
30034,4.675679468861766
30035,4.363055487829435
30036,4.001868252281056
30037,3.495907123080666
30038,1.2884311962016475
30039,0.3122727313503954
30040,1.850543506187642
30041,4.25644376726142
30042,4.381473460859077
30043,3.9135100816404913
30044,1.0514783225037
30045,0.8396569430470276
30046,0.7123084154337264
30047,1.1259583928720271
30048,3.7074955228296824
30049,4.299743004645677
30050,4.649120045006927
30051,4.892613632002892
30052,4.856097151597276
30053,3.2786630430719486
30054,2.1464051313958152
30055,1.596652293837496
30056,0.6563999747765076
30057,3.246936843315781
30058,4.315347660130154
30059,4.4755865924866605
30060,4.37368743255482
30061,4.898331736955795
30062,5.148581957330797
30063,3.9520655620327756
30064,3.308500916081416
30065,0.8842910902520987
30066,3.158298634360459
30067,4.984552232011043
30068,5.072454497655033
30069,4.764477122377614
30070,2.8143730066862136
30071,0.7618416867707913
30072,1.0930381009248615
30073,4.585361384059658
30074,4.574821749278106
30075,5.110548193895194
30076,2.438705634872427
30077,1.2271832248563441
30078,2.669688561871411
30079,4.090170755387852
30080,4.301430089210729
30081,4.891207529643317
30082,3.7229730843358695
30083,3.1439166022028617
30084,2.3805313303199247
30085,1.2724963146524901
30086,1.0016855526834492
30087,1.526462712598967
30088,1.8334364783777146
30089,3.8363405110154583
30090,4.2058433674634585
30091,4.709271127722847
30092,4.901853303341736
30093,4.556595548506533
30094,4.26460705567574
30095,4.382116059066154
30096,4.382116059066154
30097,4.713514045821641
30098,3.9099184166961685
30099,3.198749151942353
30100,2.526743786104133
30101,0.618652429000467
30102,4.293290002265372
30103,4.498390868734419
30104,4.536856496720526
30105,5.079517524580106
30106,4.049579191191766
30107,1.7037870166008644
30108,1.0745039613255711
30109,4.340442238128451
30110,4.3842556559520505
30111,4.545729714523613
30112,4.728358258229585
30113,1.2936113259714812
30114,4.5149997734872365
30115,5.169076870172906
30116,4.98672160482678
30117,1.3953434863669458
30118,0.5640253661911491
30119,4.2925447608242395
30120,4.501125676543747
30121,5.056338271013036
30122,1.5347218118170836
30123,2.7031303180375215
30124,4.5952658947998435
30125,4.889919251315774
30126,4.938134294885738
30127,4.387604497226629
30128,1.9654290352978459
30129,1.0968728132050651
30130,0.7555397467449619
30131,4.673652847440713
30132,4.766824775409286
30133,4.128476546861976
30134,0.9530527134620509
30135,3.269980544211799
30136,4.189949811458648
30137,4.3104884683710125
30138,5.087433909382896
30139,5.028083437702766
30140,3.9565168476080927
30141,2.8558989938183093
30142,2.3420801971429173
30143,2.272732776083266
30144,3.9218550287835447
30145,3.8512089130451
30146,2.9169283252686053
30147,1.9454749649868237
30148,1.6661472175025571
30149,4.289782796403011
30150,4.552156728341134
30151,1.9888423160895121
30152,1.663610226940987
30153,1.6471357102912005
30154,1.9625525141313724
30155,4.225679758805594
30156,4.374112250156255
30157,4.508041565381114
30158,4.641200754365308
30159,4.6584300843671045
30160,4.332875215114068
30161,3.504389425044566
30162,2.9983308231141206
30163,0.9076772728103917
30164,1.4480318136021575
30165,2.347329437619364
30166,4.103632079931548
30167,4.103632079931548
30168,4.103632079931548
30169,3.2397602581768665
30170,1.299256268088328
30171,1.469506992080846
30172,4.33582284746535
30173,3.720740903655203
30174,3.963529246787041
30175,3.963529246787041
30176,3.3273365591340425
30177,1.1009256064154893
30178,3.7681092978219923
30179,3.960321352019667
30180,4.838224719910303
30181,3.5318400182223124
30182,2.8765897106123166
30183,2.3310396992944153
30184,1.1158735800060335
30185,2.3648382104328425
30186,3.6408514723710614
30187,4.177615666694607
30188,4.2268683525757496
30189,4.245722059919744
30190,4.245722059919744
30191,4.562921425530701
30192,3.3147956238052867
30193,1.8294816746268547
30194,1.2300833394634718
30195,0.7526926300565806
30196,4.100569006867079
30197,4.1353981032030855
30198,4.4031804572953295
30199,4.874249503903818
30200,4.007345463150178
30201,3.3956025279784994
30202,2.094657291175668
30203,2.1184561974525384
30204,2.901746260707099
30205,4.288690762425969
30206,4.3864519940058715
30207,4.613335164393911
30208,3.3724371959900807
30209,1.577733346642383
30210,1.5612588299925967
30211,2.4447174809731207
30212,4.447978962500709
30213,4.19867395211352
30214,0.948334176776407
30215,0.482973410794709
30216,3.997237504063068
30217,3.8589700945517222
30218,3.9787732340857915
30219,4.551314849824095
30220,4.866778939086956
30221,3.0147049025535675
30222,0.8175144646874702
30223,1.0940001547858904
30224,2.307057088572602
30225,4.060733937304934
30226,4.112915196239289
30227,4.20937545503464
30228,4.734866985764063
30229,3.666008646728047
30230,3.0933369358526477
30231,0.7865276258735917
30232,0.583804750713347
30233,2.087386394187265
30234,4.373503830138971
30235,4.068529906546049
30236,3.162622783871382
30237,2.9227559387525996
30238,2.325869977520013
30239,0.9554786923139017
30240,0.6377093511306322
30241,0.9883898098298481
30242,4.2268683525757496
30243,4.902948947130129
30244,4.494709397728575
30245,1.866546273580825
30246,0.8929514279904712
30247,4.079441266866621
30248,3.989115425173599
30249,4.023944521509609
30250,4.173139157148936
30251,4.3603837638341165
30252,4.831452810442605
30253,3.951053465807284
30254,3.1129283114025745
30255,2.8516313822478274
30256,1.2131352724268225
30257,3.0688598812334176
30258,3.9058586619526428
30259,4.225817372436105
30260,4.320941514430234
30261,4.418301827369872
30262,4.596630549296833
30263,4.645184997757911
30264,3.168192546087834
30265,1.704165206756744
30266,1.379105948545911
30267,1.8237642617555483
30268,3.1263309178309986
30269,3.713327433915312
30270,3.8328465713947537
30271,3.7849022175962035
30272,3.35071791499706
30273,2.8479329877712316
30274,2.5999847838416494
30275,1.7645178197497762
30276,1.1179116783824081
30277,1.3373500431877994
30278,2.154555610484454
30279,3.398288593100415
30280,4.414495355510329
30281,3.5461098857593147
30282,4.002006410783393
30283,4.393511455624431
30284,4.31910955543393
30285,0.49566917149885026
30286,1.0111197969639543
30287,2.124372744149812
30288,3.9365779080950185
30289,4.31336010229871
30290,3.6846979868544247
30291,2.1763114639272914
30292,1.6871007727037672
30293,0.670217395387601
30294,2.250262476462271
30295,2.960525717715561
30296,4.019173973326206
30297,3.917274813394364
30298,3.9326213390854328
30299,4.308833754083692
30300,2.2768149383531044
30301,0.8387817527512446
30302,1.952034699937104
30303,2.8809449914383363
30304,3.825125412980304
30305,4.033700810210042
30306,4.091165889533772
30307,4.322125700726107
30308,4.85669843470698
30309,2.855509072663889
30310,0.5071566388555055
30311,0.8206040999825143
30312,3.004011380425281
30313,4.23631533415786
30314,4.042080773647076
30315,3.9558808687135247
30316,3.8800382941696387
30317,4.336672069005116
30318,3.9680375228277174
30319,2.7497711905858058
30320,1.295229289901574
30321,1.0017053450256412
30322,1.0420784193711725
30323,2.14157506593225
30324,3.3364983179651144
30325,3.8718070873021806
30326,3.702895979659804
30327,3.749260888419445
30328,3.239985853530404
30329,2.435082050617836
30330,2.5340210417887525
30331,2.0780418721088774
30332,1.6866738602505318
30333,1.4546550185887301
30334,1.6303008032321038
30335,3.4588041600413555
30336,4.304676303396095
30337,0.91920358083366
30338,0.06140000103011461
30339,1.5929640517321653
30340,3.935987149918043
30341,3.840565233537763
30342,3.9733752767127464
30343,3.9733752767127464
30344,4.1518446084524285
30345,3.5266171358941887
30346,0.42267003965936895
30347,3.3922344135192755
30348,4.45574799259191
30349,3.3681835760917864
30350,3.7761794308878214
30351,4.503894358669281
30352,1.7864753028528808
30353,1.2265832418531368
30354,0.5397950712979451
30355,0.3300465784440981
30356,0.8233497230674612
30357,1.9257046783367608
30358,2.9714412033784257
30359,0.42493556339439065
30360,0.48005213743071823
30361,3.9768455308620028
30362,3.837629482787712
30363,4.118685643817112
30364,4.118685643817112
30365,4.249424241623607
30366,4.544839018625346
30367,4.664660090977115
30368,0.8860056523656308
30369,3.88224934645207
30370,2.8533616693412944
30371,1.5342028567162431
30372,0.9676644359708099
30373,1.6978571558922713
30374,4.307609366090932
30375,2.015554834974873
30376,1.588422613369632
30377,1.3533829782027353
30378,4.119070869275015
30379,3.6265638582308637
30380,3.0186532695542225
30381,1.9073971447558147
30382,1.301111818971759
30383,0.91920358083366
30384,0.3722794733811232
30385,1.9746631890715038
30386,2.9279638985129455
30387,3.990599026377232
30388,3.9500942453718557
30389,4.647041650216534
30390,4.630088625178794
30391,3.58568823262606
30392,1.6922953089829258
30393,1.042977535782869
30394,3.937661165792403
30395,3.794826742695286
30396,4.051464823224073
30397,4.087716552301701
30398,4.707683659656972
30399,4.3638939839991675
30400,2.8675241086042713
30401,1.3185274136287566
30402,0.614640682084276
30403,0.41552848909024426
30404,0.3762034227440295
30405,1.9612844556835625
30406,3.0196752956796966
30407,4.098803669013267
30408,4.43694444265082
30409,4.3735108009540244
30410,1.2040617623671261
30411,0.19648547531165145
30412,0.18113255283368324
30413,0.5480215654588226
30414,3.4712440961416124
30415,4.101245409266115
30416,3.9680989847535293
30417,4.0119124025771296
30418,4.06807372797689
30419,4.06807372797689
30420,4.06807372797689
30421,4.168801888288374
30422,4.437820949702086
30423,4.761282463494988
30424,4.641589959825056
30425,2.394935292312008
30426,0.677735964799125
30427,1.7519969578695023
30428,3.647597592458563
30429,4.008430334696257
30430,3.8555347538487976
30431,4.0324711904055555
30432,4.0491529642312845
30433,4.0491529642312845
30434,4.460506808593684
30435,1.9947702695440426
30436,1.226259085128764
30437,0.9239250321273621
30438,0.9369941635934921
30439,2.4705144528737337
30440,3.686414454930587
30441,3.9373612698175937
30442,4.2609035243464755
30443,3.285167825369621
30444,2.1302939567927845
30445,0.8770676459398952
30446,0.6060717834508322
30447,0.5502595643165605
30448,1.3902705619258469
30449,3.3260364373906555
30450,3.728794486646743
30451,4.407277915616936
30452,1.9579525348167126
30453,0.31764826348758574
30454,1.9143236842127318
30455,3.97994494495883
30456,3.900553741686849
30457,4.0296633232624925
30458,4.6188767088641605
30459,2.4265076546584816
30460,1.1290956697111505
30461,1.494519162902093
30462,3.5750048911424033
30463,4.566075411576455
30464,4.039761678725761
30465,4.559113576599513
30466,4.587569130538269
30467,4.3219033171564964
30468,3.5713727665108435
30469,2.409304866129358
30470,1.6212175595509872
30471,2.258913456243578
30472,2.6990967725172865
30473,3.401125308905865
30474,4.126633127904819
30475,4.169776515631972
30476,4.213512361752876
30477,4.289782796403011
30478,4.371467151420799
30479,4.598350321808838
30480,3.7733099276513107
30481,2.7979104807917428
30482,1.344392719298326
30483,1.8457613314463157
30484,2.3730193771578456
30485,4.374112250156255
30486,2.3348886623005147
30487,1.9592483598723966
30488,0.9563336821623861
30489,3.5189529012213256
30490,4.544885060726489
30491,4.152962084183101
30492,4.61388602933753
30493,4.4440527507657634
30494,3.4696034286516237
30495,1.078211166941039
30496,2.3120874150639388
30497,3.865676743551705
30498,3.6836118062486376
30499,3.963529246787041
30500,4.215718762204237
30501,2.6554382411050623
30502,1.2884151652295421
30503,1.1009256064154893
30504,1.5070794475602314
30505,3.967797580677209
30506,3.965613647485774
30507,4.149843291299632
30508,4.34698198571175
30509,3.6010729707854927
30510,1.4732499608330494
30511,1.5108959294670647
30512,4.361208736879588
30513,4.696113952443717
30514,4.053978426178891
30515,2.9805427759887215
30516,1.1583476309626686
30517,3.354689043570594
30518,4.2276311774550805
30519,4.812597125795042
30520,3.182152077729077
30521,1.7706218463001309
30522,1.2891386312227628
30523,3.530370628548529
30524,4.102694664768888
30525,4.137523761104895
30526,4.288690762425969
30527,4.0546273155460435
30528,3.3736159318385015
30529,2.7622692113235168
30530,2.1528773041996927
30531,1.7487545261980897
30532,3.4285550699146046
30533,3.6933124158181254
30534,4.079981288891648
30535,4.212683632785588
30536,4.342262416792255
30537,4.342262416792255
30538,4.581138151484904
30539,4.5983674814867
30540,3.8630267211258227
30541,3.507050764062839
30542,2.792469336800426
30543,2.4603788053218976
30544,0.6275155430158138
30545,3.4826958283941494
30546,1.1993707442076313
30547,4.43197181236884
30548,4.577621243953869
30549,4.409848656175079
30550,4.174328750561167
30551,3.9787732340857915
30552,4.045283352496556
30553,4.149723512940107
30554,4.088426740223709
30555,4.601021897507392
30556,3.9218550287835447
30557,3.6852089831491437
30558,3.9218550287835447
30559,2.3713792946712746
30560,4.4422814601875364
30561,1.4038808341138753
30562,3.5770302852705886
30563,0.5396409567780971
30564,1.6633481863928634
30565,4.429647692372169
30566,2.0985334536217124
30567,4.6375269559834695
30568,4.036137466443023
30569,4.011403933053381
30570,4.54979587334776
30571,4.112915196239289
30572,4.1916749234155235
30573,4.554326250360689
30574,3.111027701242311
30575,4.821565885079861
30576,2.9702367837361296
30577,4.35763250471183
30578,1.7631993899036738
30579,2.7029230044547075
30580,3.3318024838962517
30581,1.6413029782342932
30582,4.026843738411728
30583,0.4509126976156996
30584,4.206154515621257
30585,0.9739015139683439
30586,4.225679758805594
30587,4.033700810210042
30588,3.9469225573174227
30589,4.247593292877921
30590,2.7633145218026853
30591,4.247593292877921
30592,1.1084776817913637
30593,4.380215623344863
30594,4.51800259401175
30595,4.8617964207056446
30596,4.066502982524984
30597,4.45355687130409
30598,4.103632079931548
30599,3.9446138719522787
30600,4.247542742400626
30601,0.49056788139956164
30602,4.896034932956726
30603,2.1016427570157066
30604,4.860925217421573
30605,4.251119866605354
30606,3.9221996969503
30607,4.106453377292495
30608,2.5678619401478864
30609,4.036823109861453
30610,2.109442549451982
30611,4.39377703522275
30612,1.0047257825796392
30613,3.985766398376765
30614,3.451155246543102
30615,3.2604126047116284
30616,4.474822639964367
30617,2.8048671930606157
30618,4.6001599960926765
30619,1.1118119915136535
30620,4.867399630811848
30621,2.2856450381518214
30622,4.5683680971633445
30623,3.564590391064384
30624,4.310667201842213
30625,4.189820930974665
30626,3.808592331158708
30627,4.695288979398246
30628,3.485973216724447
30629,4.712342471352995
30630,2.187450767697003
30631,4.4466766579712225
30632,2.360789795492947
30633,1.1308874978130652
30634,3.6060540076728818
30635,1.9249444905851867
30636,4.721209247208677
30637,3.871029565616634
30638,4.727462784119984
30639,4.415294126322312
30640,3.7332802014859836
30641,2.6412737281215035
30642,3.965613647485774
30643,2.0177740983956935
30644,3.7849181797798503
30645,1.3771041228658745
30646,4.480290597317698
30647,3.820000544338513
30648,3.989933616308636
30649,3.847840078913997
30650,1.1075592886148875
30651,0.9657676787534293
30652,4.736131564472999
30653,0.9441736145507802
30654,4.654993773546236
30655,3.6910457256558185
30656,4.234805705975032
30657,3.496532758482142
30658,4.134472278967454
30659,3.6070141169822887
30660,4.987918809698898
30661,3.0277134067493336
30662,4.971160974932255
30663,1.9492317930004677
30664,2.784476806687707
30665,1.4297711202445518
30666,0.9003170232206771
30667,0.6771072330023928
30668,2.2326086240330447
30669,3.206772395683111
30670,4.365307007471869
30671,4.210318594118282
30672,4.638991797290653
30673,4.063247089056042
30674,4.210619094583471
30675,3.973707005501583
30676,4.2109494036293516
30677,4.146137929578079
30678,4.2276311774550805
30679,4.623062847677676
30680,4.738085672859459
30681,4.7645919477453536
30682,4.49662588560432
30683,3.056581571959527
30684,2.9064539562866623
30685,2.6661676405615866
30686,1.360901105457234
30687,1.1280160573595734
30688,1.2465447307723372
30689,3.960418201121518
30690,2.3428981575828303
30691,3.9326213390854328
30692,3.959852736160976
30693,3.9326213390854328
30694,4.212420327775835
30695,4.395149722757749
30696,4.564780715932833
30697,3.0569030719113788
30698,4.364803693662706
30699,3.527765346425564
30700,3.722436333772688
30701,4.138160173977091
30702,2.500468323787426
30703,4.091165889533772
30704,1.6990063986483146
30705,4.091165889533772
30706,2.0035827408842484
30707,4.617540477727847
30708,4.052141754316165
30709,4.39072810227915
30710,2.071638157568725
30711,3.6924865768715236
30712,0.5811000101528504
30713,3.135724546229038
30714,1.0338833967653576
30715,2.3860336435123077
30716,2.140398598713511
30717,0.5103412328276475
30718,3.896099191958287
30719,1.8679772279938323
30720,3.973480938619685
30721,3.9087769478061114
30722,4.233291405429779
30723,4.097686118721838
30724,2.6485183678772484
30725,4.186851361838825
30726,0.6360764031839276
30727,1.9522574882315968
30728,3.31326241160047
30729,1.5111589617256498
30730,3.974274835646815
30731,1.0349326143765378
30732,4.112915196239289
30733,1.8945814444731397
30734,2.1967111333212204
30735,3.6174043657521495
30736,3.2841294017355915
30737,3.9814654790232895
30738,4.612069607210035
30739,3.598643935305808
30740,4.138160173977091
30741,2.5918238324084406
30742,4.247593292877921
30743,1.298262886752882
30744,4.715120838908992
30745,2.894696968455786
30746,4.993734740060414
30747,3.541674639232281
30748,1.8576561313084852
30749,4.21100755297429
30750,3.2092328683213283
30751,4.316132609069416
30752,4.572984951306795
30753,3.0022106254327916
30754,4.0019940135254455
30755,1.4312545778387256
30756,4.245722059919744
30757,0.2662973914262292
30758,4.245722059919744
30759,0.48878321667025765
30760,4.728682250786879
30761,4.351515557685726
30762,5.007296151938301
30763,4.774037316549898
30764,2.994648840443493
30765,1.114337989878944
30766,1.3188295934372134
30767,0.45474671568513425
30768,0.7061569906075659
30769,1.9512216191135285
30770,4.517909245787014
30771,4.482630459306648
30772,4.550010209321472
30773,3.7761794308878214
30774,4.189820930974665
30775,3.7761794308878214
30776,3.35227568080135
30777,4.4541241475332525
30778,1.901290783693231
30779,3.5224359688816262
30780,1.538943047960023
30781,4.046041255939526
30782,1.1720135190510108
30783,4.30005275001379
30784,2.061566527264493
30785,3.9830361010764417
30786,2.5198749601847945
30787,4.19065488118868
30788,3.6638961685532285
30789,4.291601075020558
30790,4.320941514430234
30791,2.8602534004603233
30792,4.105117748205649
30793,1.2200075690735028
30794,3.7733099276513107
30795,1.9954861063148364
30796,3.209410114538045
30797,2.919493533449942
30798,2.4451496654675826
30799,3.793816064964111
30800,1.6947663167658056
30801,4.118685643817112
30802,2.196285635880183
30803,4.836643875880527
30804,3.461171205840474
30805,2.4113698723173296
30806,3.5506133951252496
30807,2.001418813890061
30808,3.633483874316175
30809,1.427011559195955
30810,3.633483874316175
30811,0.4850509517331451
30812,3.798805660914568
30813,2.9564640820586567
30814,3.569017471152448
30815,3.925305863658464
30816,2.1693850135176445
30817,4.165489153475629
30818,4.427172062050029
30819,4.165489153475629
30820,3.5089807883527495
30821,4.591663445330202
30822,3.496532758482142
30823,4.708495561742178
30824,3.496532758482142
30825,1.2401599953900966
30826,4.644288761072649
30827,0.9681116432302842
30828,4.6628992310917345
30829,3.6322542360358963
30830,2.3698001503268875
30831,3.8866569575859273
30832,0.5244877802498621
30833,3.9341400680955094
30834,4.444617487452161
30835,4.446447649455504
30836,4.140845634111972
30837,4.475670383284199
30838,4.146137929578079
30839,2.6723802168859527
30840,4.877111526293088
30841,2.4539038592214095
30842,4.3704968452786
30843,0.7812683462988561
30844,0.8812545619389912
30845,1.282034806585315
30846,0.6266779360405266
30847,4.248649653281682
30848,3.9346261866297074
30849,4.3529393680655835
30850,4.043381199492308
30851,4.446608118487388
30852,4.049140195673225
30853,4.4580644241607095
30854,4.592839323704306
30855,3.854672328991576
30856,4.659099866452997
30857,3.891801426398141
30858,3.6550040911466315
30859,3.972181332381991
30860,2.628921775475059
30861,4.053032806563798
30862,1.559152129550426
30863,4.320045133955857
30864,0.8571409115999947
30865,0.5342972555435505
30866,0.5393715704167252
30867,0.3657045922529482
30868,0.33062154027263524
30869,0.8031838169443711
30870,4.068529906546049
30871,1.9164367641302296
30872,4.790774211436457
30873,4.402087003666713
30874,1.7885799490594774
30875,3.8319558401018514
30876,0.8903588880481503
30877,4.051464823224073
30878,4.025287383108028
30879,4.051464823224073
30880,3.9990242564406806
30881,2.4724595185273657
30882,3.9087769478061114
30883,1.8920729675547256
30884,3.7926015281845054
30885,4.077027293091761
30886,3.3012616406922697
30887,4.35167183347679
30888,2.4817510495103274
30889,4.0893253788068815
30890,2.6072248238281164
30891,3.956178954294296
30892,3.828663699575026
30893,2.2103534107947738
30894,4.057735913673426
30895,1.6153808652484727
30896,4.057735913673426
30897,0.9907541060831123
30898,3.0034158540701794
30899,2.826654106381938
30900,2.086417301072766
30901,3.7413592049479334
30902,1.3447514358358146
30903,4.377639816129808
30904,1.5322471320413076
30905,3.6380119546688787
30906,1.9552581971226055
30907,1.984984233884739
30908,2.771642507546574
30909,0.6624855155886583
30910,2.640645390779689
30911,0.41929932967163724
30912,2.9225365030312696
30913,0.3565257649888261
30914,3.541674639232281
30915,2.771944988145664
30916,3.8907615088756544
30917,4.273081961018702
30918,3.508171754633179
30919,2.522089920000939
30920,2.4676102371222046
30921,1.478170384045045
30922,2.1549084956524074
30923,0.9659624096037281
30924,0.3975431853586323
30925,3.8935478519939926
30926,3.098931610671224
30927,4.143293182487381
30928,4.099613177988514
30929,4.306321087763389
30930,3.877694330944329
30931,1.350169723252505
30932,3.9733752767127464
30933,1.0510260246030192
30934,4.478697456826943
30935,2.4707419982303547
30936,4.636145336863
30937,4.081616046455049
30938,4.292355661205195
30939,4.211194830461716
30940,2.7393123600506537
30941,4.211194830461716
30942,2.295026650665665
30943,4.3958216099436145
30944,1.6135260662625444
30945,3.7013294494058644
30946,0.6348961034911332
30947,2.324913578660617
30948,0.8744734525637295
30949,0.2302233681159709
30950,3.5195966595398525
30951,1.9579332392352993
30952,3.331054478685221
30953,3.8696781935711586
30954,4.226645422427705
30955,4.244620174272526
30956,2.830415527450856
30957,2.249493261795893
30958,0.33620967761472975
30959,4.04179187328113
30960,3.9398927133492863
30961,4.014842515279753
30962,4.014842515279753
30963,4.014842515279753
30964,4.486069658190419
30965,4.7700752278110325
30966,4.626757833424107
30967,3.517091772228727
30968,2.3005492896142252
30969,1.8905982311869558
30970,0.612518902590618
30971,0.8822331591289776
30972,4.227473607080808
30973,3.926962489476695
30974,4.329503332573566
30975,3.5712759505967813
30976,2.9025848996149977
30977,0.5028034031729862
30978,0.8415531606165642
30979,1.9158141536869422
30980,3.950097949165793
30981,4.269914969447545
30982,3.8391059587249154
30983,4.1488073796499
30984,4.296248668328462
30985,4.487856561184561
30986,4.244968111991844
30987,3.5301807023516023
30988,2.536328859784157
30989,2.0090092093272607
30990,0.9262706896722739
30991,1.9430152666634253
30992,2.400382157680784
30993,3.1485429245323253
30994,3.843513569858773
30995,3.9045779382611174
30996,3.9341400680955094
30997,4.164389322649196
30998,3.8336661368657796
30999,3.249540523478767
31000,0.9985370375081881
31001,0.8370805654331278
31002,1.606472143216356
31003,2.028360356096605
31004,3.0684778112162094
31005,3.4187092089906845
31006,3.792957693574842
31007,3.821467258246772
31008,4.248649653281682
31009,4.009153612473342
31010,2.4059565618036682
31011,0.3975431853586323
31012,0.2662973914262292
31013,0.8614102418856455
31014,4.259065319376299
31015,3.972181332381991
31016,3.972181332381991
31017,4.357505564229291
31018,2.7985824803790065
31019,2.171821495792995
31020,0.35414786773755175
31021,2.9542049109231545
31022,4.060674137101581
31023,4.372826826645295
31024,4.671723117902188
31025,3.612548232863795
31026,0.8480315084977036
31027,3.999992372117896
31028,4.098803669013267
31029,4.098803669013267
31030,4.201370186631536
31031,4.747215000339963
31032,4.6374609446492725
31033,3.6333651693429077
31034,0.33993015313830555
31035,1.6612745126446806
31036,2.8602534004603233
31037,1.1342132026686123
31038,3.1805075216548255
31039,3.8993481716723988
31040,4.191487747179972
31041,4.628327296175764
31042,4.444763795503118
31043,3.577527694357795
31044,2.9076118131065063
31045,1.6899251351276672
31046,2.013147561856374
31047,3.253877337643511
31048,4.067022747837246
31049,4.143293182487381
31050,4.445159371127961
31051,4.487940795260564
31052,3.912114767845604
31053,2.54697324150531
31054,1.6584932883474959
31055,1.1662921936587278
31056,1.652686086840317
31057,3.700284921974813
31058,4.30215285952181
31059,4.051679347556849
31060,3.0486269669474777
31061,1.3516672090326567
31062,0.5996405928475499
31063,0.36146916204837404
31064,0.7736380685147636
31065,3.0490916287831604
31066,4.010053093520379
31067,3.6401437787143323
31068,3.8016621105285444
31069,3.8387912079351096
31070,3.900553741686849
31071,3.900553741686849
31072,4.434217029577601
31073,4.729556889300556
31074,4.241642227811928
31075,3.5201307356433573
31076,0.43749306887205586
31077,2.0969049187452464
31078,2.443842079970261
31079,2.5834813753302504
31080,2.2390649903298443
31081,1.0943205652244845
31082,0.5334237801348651
31083,0.8901503871352293
31084,1.3099775133485425
31085,1.8804728280543663
31086,2.339757324999886
31087,2.130828743322917
31088,0.9349292152507339
31089,0.7014724551759138
31090,2.166717901375513
31091,2.4639721663334466
31092,2.0328730716251773
31093,1.116776649832199
31094,0.9595039450259117
31095,0.015922754158079942
31096,0.020643938260189384
31097,0.7603226630182868
31098,2.397664654577042
31099,2.117056680753324
31100,2.1441572510147355
31101,2.1441572510147355
31102,2.330951384127698
31103,1.3593887292072038
31104,0.7412969604378409
31105,0.7380197495520506
31106,2.2794074631231394
31107,1.8779900249846477
31108,1.9151191223912123
31109,2.1036009407973624
31110,2.4343150451581996
31111,2.5475807902534395
31112,2.2722187296898113
31113,0.8786719484291986
31114,0.7821272830774824
31115,1.8640585097674929
31116,2.109479764488476
31117,1.9178078784283121
31118,2.122041620609499
31119,2.243305105750038
31120,2.391451520523342
31121,1.6522771011044468
31122,1.4793031809496544
31123,1.0384696405108518
31124,0.47370742098347446
31125,0.41453542533717774
31126,1.838300836570346
31127,2.4469150040590373
31128,2.1473194205566024
31129,2.2385397736040273
31130,2.2385397736040273
31131,2.3540264505638726
31132,2.8865288426481785
31133,0.08018937441700205
31134,-0.039611216734461364
31135,2.5687534123168163
31136,2.2240415367036466
31137,2.630602731694353
31138,1.6234345931676857
31139,1.0214393751137787
31140,0.33646283323015885
31141,0.28992240183487517
31142,0.3013386941339693
31143,1.9663325877036013
31144,2.0995434237408777
31145,2.276543439745253
31146,2.387822864659213
31147,2.074751355497528
31148,1.515264715402777
31149,1.2950717261134908
31150,0.9801186379423069
31151,0.9540132251067907
31152,0.5210020948130404
31153,0.8100774184104834
31154,1.8842174932037459
31155,2.3877105665931726
31156,2.32815647147571
31157,0.971112995537961
31158,0.7540044027059456
31159,0.5879944904007807
31160,1.8358154119520975
31161,2.0637271050136503
31162,2.025162247312531
31163,2.025162247312531
31164,2.025162247312531
31165,2.3787568913774955
31166,2.7196456693871234
31167,2.242326074593271
31168,1.5329583394624002
31169,1.1624110352176336
31170,0.8666730620545737
31171,0.17174243606507766
31172,1.630542701707586
31173,2.6466400965027956
31174,2.121379373162896
31175,2.1609431441111773
31176,2.6891471702020877
31177,1.207106430056621
31178,0.9908584750582469
31179,-0.2162136749767263
31180,2.3801552583751597
31181,2.276563373569688
31182,2.276563373569688
31183,0.41829290555803117
31184,0.1495977656945985
31185,-0.12021851154283647
31186,0.6364781019812707
31187,2.5687988424183623
31188,2.5287495044177333
31189,2.1862558334956237
31190,2.3865947489070347
31191,2.9059061848875825
31192,1.6495134874190864
31193,1.3623301024596028
31194,0.4568148198953514
31195,2.1532355449211003
31196,2.0629097032280805
31197,2.1436467372191883
31198,2.7300628433918845
31199,2.219679701549824
31200,0.21599083020454155
31201,1.16852420622322
31202,1.6372847715830177
31203,2.0680906134485384
31204,2.3347636760196253
31205,2.584307987981726
31206,1.5106542276415322
31207,1.2085330874044227
31208,0.3290111001140666
31209,0.443061896451749
31210,0.7006352765973263
31211,1.1333582713979153
31212,2.202147846627084
31213,2.000763405965519
31214,2.305299440414806
31215,2.3647650396417603
31216,1.3052873775617921
31217,0.7410562311848425
31218,0.038716695322979666
31219,1.792500586306519
31220,2.1874281187139712
31221,2.645676070267489
31222,0.780350312674667
31223,0.2258186741222458
31224,-0.17942942969783754
31225,0.13058919142774802
31226,1.6014958712586835
31227,2.064849030689517
31228,2.1855183995615275
31229,2.5993902325448666
31230,2.306914341624507
31231,1.517851719237116
31232,-0.08274612256026688
31233,0.26442099132937863
31234,1.3706697220479702
31235,2.0144871315741755
31236,2.1352779025363238
31237,2.033378742604483
31238,2.0765221303316377
31239,2.065021016981628
31240,2.285746430992288
31241,2.1836421548005207
31242,2.1836421548005207
31243,1.2786517792183432
31244,1.17260228205276
31245,0.27985759950079175
31246,-0.05917094638620459
31247,-0.011868197286436826
31248,2.3573144325928665
31249,1.9961422233797586
31250,2.024880877016231
31251,2.0522417250332947
31252,0.398239855578721
31253,2.123358291327975
31254,1.4007964655633678
31255,0.7247389520225573
31256,0.5435986379982167
31257,0.6098570136206516
31258,0.9833814126788261
31259,2.047163314185111
31260,2.5705669870934256
31261,1.1224761332008457
31262,0.6342322254055388
31263,-0.11291637632743434
31264,-0.45529417552308415
31265,1.9674871064403476
31266,2.000792558407697
31267,2.466579932085555
31268,1.3841122251340503
31269,0.5939949782467739
31270,-0.11536674681167883
31271,-0.13612474136361616
31272,0.6768221039525602
31273,1.8234816862853158
31274,1.6097457433169031
31275,1.9435004835597898
31276,1.0616235462921069
31277,0.12479393664725594
31278,-0.15538728619787165
31279,1.5246291355222839
31280,2.0612737861810375
31281,2.0797591492656804
31282,2.265783399321983
31283,1.4247894972635762
31284,0.3046067280251025
31285,0.04706549426864342
31286,-0.09256478098174944
31287,-0.037448206945421905
31288,1.4344309385434266
31289,2.357521204073764
31290,2.026681150649724
31291,2.8031862872446327
31292,2.1781194596547415
31293,0.37818896858684165
31294,0.28806058576096666
31295,-0.05096796012602964
31296,-0.11806747086383894
31297,2.30354496591406
31298,2.0365734853717172
31299,2.0797168730988718
31300,2.333386269482653
31301,2.4768286377222504
31302,1.3781565342348612
31303,0.32877282194365526
31304,0.7386228150705
31305,1.7832507953540155
31306,2.0399265615011473
31307,2.156141808251115
31308,2.4632879915972294
31309,2.281591170121248
31310,1.2703843264978851
31311,0.9209073214780288
31312,0.3958236716268939
31313,0.10954583922214756
31314,2.4398084935407867
31315,2.243689923496824
31316,0.4664763504542759
31317,-0.05559819280609956
31318,-0.229494314884555
31319,0.1522143026310805
31320,2.0378298523439513
31321,2.0762126880401617
31322,2.0762126880401617
31323,0.1042751259295615
31324,0.06797267333591978
31325,-0.11427664788648381
31326,-0.13951076072636098
31327,0.14865901125595582
31328,0.7033377956759891
31329,2.4449121624219066
31330,2.13915365614126
31331,2.1168405182294108
31332,2.6584286275937825
31333,2.2094926647293165
31334,1.084659783965327
31335,0.8637611702879864
31336,0.2017871302971334
31337,2.45666577117547
31338,2.635797661264998
31339,2.266701230363087
31340,1.5504275344557905
31341,0.2863508290811068
31342,-0.1922380466131168
31343,-0.3210148690644884
31344,1.3415915114754207
31345,2.1541913029827726
31346,2.1541913029827726
31347,2.1541913029827726
31348,1.500199929026576
31349,0.36175438858152065
31350,0.08840201088602073
31351,0.011295970900347094
31352,2.0599091958827747
31353,2.109408947099284
31354,2.0431722772064917
31355,2.1527697140799305
31356,2.277605322185854
31357,2.512209882900594
31358,0.9165927385540177
31359,0.3606692475530869
31360,1.2284719917306928
31361,2.0460025820132786
31362,2.2504152053983706
31363,2.396095363540931
31364,2.49363193998793
31365,2.3928198630339947
31366,0.7526913575230694
31367,0.16778758717715253
31368,-0.10677184331628806
31369,1.849158171861836
31370,2.062201007869143
31371,2.0907105725410733
31372,2.510659446914364
31373,2.608196023361363
31374,1.1585923862882326
31375,0.49454111931051564
31376,-0.2198834265142323
31377,-0.18756708949172324
31378,0.11911326282634836
31379,0.7012247157584918
31380,1.5640290338766443
31381,2.4223646969445896
31382,1.988289348658947
31383,2.6488674466792683
31384,0.3520655229554996
31385,0.2466687838817177
31386,0.7200208035502558
31387,2.652924286458804
31388,2.183104823678795
31389,2.0984796395852268
31390,2.0984796395852268
31391,0.7394074604944066
31392,0.507472024930397
31393,0.4930542134905702
31394,2.1915286908168325
31395,2.2232694633511993
31396,2.266412851078354
31397,2.293513421339765
31398,2.339757324999886
31399,2.557747731422666
31400,1.1618125377350972
31401,0.5166774686462662
31402,0.8652631286004575
31403,2.379760737382822
31404,2.39928598056716
31405,2.39928598056716
31406,2.4988382335838146
31407,2.7303041252556732
31408,2.772958144004238
31409,1.3885304194351473
31410,0.6327280566438641
31411,0.1680667537870588
31412,0.4251113737154682
31413,2.8157205565566654
31414,2.166386685004875
31415,2.1441572510147355
31416,2.2880679134838147
31417,0.6360522798947338
31418,0.16429886670605048
31419,0.40304039328229474
31420,2.6512024826819762
31421,2.1036009407973624
31422,2.1036009407973624
31423,2.1854225160662333
31424,2.7269793686241397
31425,1.4562398377211188
31426,0.35930120982391356
31427,0.20509685958041304
31428,0.783179633758413
31429,1.952636974764321
31430,1.9792963985158596
31431,1.408072246244903
31432,0.7917375462587302
31433,0.7497467146399964
31434,2.775817130960998
31435,2.2045094598370247
31436,2.5886310112786126
31437,2.8697710078815355
31438,1.4167131215532611
31439,1.22082981079823
31440,0.43433843688765894
31441,0.23549485736098918
31442,0.7630968758759045
31443,1.635179948178105
31444,2.45638072140211
31445,2.240723310529376
31446,2.240723310529376
31447,2.395998170979613
31448,2.316485346934966
31449,1.2618746326360226
31450,0.6334759483902566
31451,0.7238566911428085
31452,2.1271582595157734
31453,2.322787343405374
31454,2.420548574985277
31455,2.572732574007739
31456,1.0825218901465672
31457,1.3114137791753084
31458,2.020678940721674
31459,2.233721776728983
31460,2.6905159417652813
31461,1.947362803576389
31462,1.3640911881920097
31463,-0.12794330244627727
31464,-0.10715100421463863
31465,-0.13889868170231967
31466,0.6852123485040095
31467,2.739682826376676
31468,2.3511751252309017
31469,2.0054342860399372
31470,2.688807138289518
31471,0.009699987493653566
31472,-0.14209797350750553
31473,-0.20600191449854072
31474,2.4684618793806057
31475,2.170709377414447
31476,2.0842502757563306
31477,2.1609431441111773
31478,2.1609431441111773
31479,1.4787748163614531
31480,-0.013833181274964104
31481,2.084441185319536
31482,2.276563373569688
31483,2.3865947489070347
31484,2.8283388320697496
31485,1.1020952913830449
31486,0.4040639274371761
31487,-0.2256343199449686
31488,2.2385397736040273
31489,1.1976975331116364
31490,0.4644213899717361
31491,0.0567973943108062
31492,-0.07938198425739282
31493,0.8228981619207639
31494,2.7281205225580445
31495,2.3741640053590114
31496,2.126964963393459
31497,1.3308670407881256
31498,0.930277043996394
31499,0.19527048624829724
31500,0.5299943428805037
31501,1.7963741775221111
31502,0.24136922753837503
31503,2.355532201823617
31504,0.7305719633633132
31505,2.140048306472401
31506,2.095705449223434
31507,2.0984796395852268
31508,2.130534545559443
31509,2.1798333727360815
31510,2.2885197723595043
31511,2.586098885129006
31512,2.069757706517267
31513,1.6070852733682142
31514,1.1791682805389847
31515,1.501455438899004
31516,0.8333707412197412
31517,1.463117304590778
31518,0.5420887325110386
31519,0.9224794062620013
31520,1.9612654760442934
31521,0.45578990143226794
31522,2.1783587174483676
31523,2.405563732400204
31524,1.8885589929461724
31525,2.503100308847203
31526,1.0455517742653582
31527,2.4942056792935507
31528,0.5732855953017174
31529,1.5106542276415322
31530,0.21245475915460796
31531,1.0987652167340634
31532,2.5598299398781323
31533,0.5846602639565021
31534,1.746249641330712
31535,0.32330563094426396
31536,1.746249641330712
31537,0.5112928745257392
31538,1.746249641330712
31539,0.551662441170034
31540,2.196740107403023
31541,1.3255155274390937
31542,0.12710984661544186
31543,1.8621680900439757
31544,-0.20824803844884915
31545,2.4988382335838146
31546,0.6852679758477819
31547,2.6327675488086744
31548,2.52799756993129
31549,0.7901485780502989
31550,2.154389114243973
31551,1.8620794333163537
31552,2.0277199332829516
31553,2.079927583346759
31554,2.1855183995615275
31555,2.5541105455713304
31556,2.1855183995615275
31557,2.861684137937296
31558,2.8788635999070484
31559,2.8265744224021416
31560,1.1990167359579393
31561,1.605327998999097
31562,0.982768780959565
31563,1.1275475765908762
31564,0.0803379800452895
31565,0.3703717227262385
31566,-0.08636216927789808
31567,0.12736949374999143
31568,0.8337110006673119
31569,1.7620555007580694
31570,2.6548428618941986
31571,2.0172094691566516
31572,1.5694727350849913
31573,1.608858546156071
31574,0.480953815083664
31575,1.264922564582234
31576,-0.3582134703851461
31577,0.20509685958041304
31578,1.3155918796433508
31579,0.44820027748865715
31580,2.1561286212744966
31581,2.844693337805929
31582,2.0516692575074487
31583,2.547301253170742
31584,2.1836421548005207
31585,2.122041620609499
31586,1.5278482036297947
31587,2.122041620609499
31588,0.5691635716751764
31589,2.740604089174982
31590,0.22120812081392932
31591,2.303919394963742
31592,0.7330521992194067
31593,0.14961624872701043
31594,1.5971227251985824
31595,0.14130195733586443
31596,2.484136995999599
31597,2.104176032829448
31598,2.03411855381812
31599,2.2385397736040273
31600,2.024880877016231
31601,2.382780886861347
31602,2.2575230223901386
31603,1.6700675561964007
31604,2.469802775137552
31605,0.9003608105776387
31606,2.315112444874923
31607,0.38409495079760053
31608,1.3844089905491186
31609,2.214162287388095
31610,0.454158064921071
31611,2.1041121996717016
31612,0.23450123576973284
31613,2.1389412960077103
31614,0.23450123576973284
31615,2.772859536853098
31616,1.2649564161432094
31617,2.7112071587443207
31618,2.070638242845318
31619,1.3741938879652753
31620,2.1137816305724724
31621,0.6959973886763258
31622,2.169602194988096
31623,0.9484807427464164
31624,2.0091067360379444
31625,1.3958372729977766
31626,2.136047459004383
31627,2.161987355851782
31628,1.6814233458541163
31629,2.322787343405374
31630,0.5259370254148603
31631,2.5180851514322757
31632,0.7929867206921667
31633,1.3216360425185039
31634,0.3930990524002866
31635,0.5781684093438105
31636,0.4676373548613817
31637,0.4860171222892726
31638,1.3471714764188976
31639,0.4806325281687454
31640,1.4217044928064841
31641,2.2615613113044666
31642,1.4495440273819675
31643,2.4872628196098274
31644,1.9642928349941866
31645,2.4872628196098274
31646,2.047163314185111
31647,2.5929793653182824
31648,2.4361494162263364
31649,2.733169960513846
31650,2.5336859926733353
31651,-0.23702528106046075
31652,1.7974539196973744
31653,0.13727130932168194
31654,-0.05559819280609956
31655,1.9683051886333731
31656,1.6138690157647084
31657,2.1127142592899797
31658,2.5119247814127235
31659,0.5884570956902214
31660,2.3943407164409205
31661,0.07715598961448707
31662,1.930358009033783
31663,0.826225207085964
31664,2.000792558407697
31665,2.2640122310315958
31666,2.7873444805552787
31667,2.512904760123562
31668,2.635154440907483
31669,2.8055690835895026
31670,-0.02400574376461836
31671,2.206766401943194
31672,0.03514254049193677
31673,0.3670390171979494
31674,2.3663135617090516
31675,0.27260359955896657
31676,1.7183133336339071
31677,-0.16860299248937435
31678,2.065088551694039
31679,0.13016029393174305
31680,2.309940421911018
31681,0.6850710113848392
31682,2.524098957012269
31683,1.5385604196106977
31684,1.5106186567076103
31685,2.527646962037586
31686,0.20048379969102695
31687,2.1540714527505753
31688,0.000245043539509493
31689,2.0496120889835274
31690,0.7361085159961854
31691,2.6211993096217747
31692,2.4649674562016544
31693,2.9059061848875825
31694,2.018130398453883
31695,2.341348711049561
31696,2.8098182184041054
31697,1.6286353803846148
31698,1.0914614193015746
31699,1.2408309415816585
31700,2.270298765836001
31701,0.08179931756123715
31702,2.116014157338707
31703,1.603956343896901
31704,2.1742983786692895
31705,2.081796469728576
31706,2.5052884558750668
31707,2.1166255660645845
31708,1.40820267688808
31709,2.2385397736040273
31710,1.1337929184562487
31711,2.2385397736040273
31712,0.816743867558145
31713,2.6211993096217747
31714,0.24562747238219018
31715,2.8492169391042212
31716,0.6627917726032578
31717,2.362226818084033
31718,1.444172830688649
31719,0.8835128548091821
31720,2.122773390305266
31721,0.19572408983805772
31722,2.567990830197393
31723,1.8518461675979785
31724,2.7102476353561378
31725,2.0977387995640893
31726,1.0772622166284331
31727,2.1436467372191883
31728,0.21949952570066542
31729,2.3532014775184
31730,2.071667334035514
31731,2.58780603823314
31732,2.156141808251115
31733,2.5640960865502302
31734,2.3657514151502306
31735,1.5876999845881938
31736,0.5760958823795461
31737,1.1926508663095197
31738,0.26188978805869645
31739,0.5448501201413288
31740,0.12423693866600799
31741,0.22594069514682488
31742,0.4067009019463583
31743,0.5442127949935792
31744,1.1683029399064173
31745,2.3347636760196253
31746,1.8344968171694258
31747,2.432123988959264
31748,1.8869565527066792
31749,2.529660565406263
31750,2.340256240524132
31751,2.382829215678952
31752,2.628477691751432
31753,0.9474643590680343
31754,1.1409759458461974
31755,0.9583242056002262
31756,0.07175050723176614
31757,0.31719574898309316
31758,-0.11291637632743434
31759,1.7061619854263517
31760,-0.16030307028493485
31761,2.1743083120516005
31762,0.7068930870511138
31763,2.0836338851564444
31764,1.3240779771148794
31765,2.0836338851564444
31766,2.107615227614594
31767,2.2254456168751613
31768,1.9424079359636741
31769,0.9125855089822896
31770,1.9795370333702387
31771,0.06031075952562914
31772,2.1570641622219675
31773,0.2979593108347018
31774,2.389661988915056
31775,0.6075638114180194
31776,2.742083193922501
31777,1.6338309522134271
31778,2.231549035283212
31779,2.2677529671507854
31780,0.6124051532836643
31781,1.8945909330719606
31782,0.036232639417131736
31783,1.7553714888999543
31784,2.4413498103133384
31785,2.4828748973209267
31786,2.033448330450708
31787,2.759076891515913
31788,2.1168405182294108
31789,1.4482769413534213
31790,2.1976919924112166
31791,1.2268592505561817
31792,2.4131397161087556
31793,-0.05645007744769001
31794,0.02973269634498797
31795,2.4516909065570265
31796,-0.12901193023527954
31797,2.3504977034529
31798,0.7221256004969164
31799,2.8061557312979217
31800,2.0610558255853895
31801,0.3589493230992677
31802,2.488647516957732
31803,0.2913491541541784
31804,0.6930958544268684
31805,2.2993616214120105
31806,-0.15357211434427295
31807,2.065021016981628
31808,-0.1121891948426353
31809,2.065021016981628
31810,-0.10650324022959252
31811,2.181539873569418
31812,2.2061222805572065
31813,2.406818931280914
31814,2.0729758560446228
31815,2.716249189648297
31816,2.116789273868224
31817,1.2208392534683747
31818,2.585570055835784
31819,0.9670239334316203
31820,2.2164736249338732
31821,0.3361159500275527
31822,1.0914614193015746
31823,0.15714367435165233
31824,0.800309287552824
31825,-0.11267260288578276
31826,0.538897989415262
31827,-0.050779832878940445
31828,1.2868823932391469
31829,0.5038989515410931
31830,1.2233326804100237
31831,2.2143637316352107
31832,1.9993588593828913
31833,1.5747621781598766
31834,2.136087940254201
31835,2.0864983538434574
31836,2.68612334459706
31837,2.359263301880297
31838,2.143091659651206
31839,2.593867862595037
31840,1.0907103131186549
31841,2.8584505083209404
31842,0.40882996807728755
31843,2.81038533270671
31844,0.20773022148722872
31845,2.3051929363427415
31846,0.5351992393838517
31847,0.4120739630748312
31848,0.8486785228928918
31849,2.120318458751669
31850,1.9285086210946436
31851,2.0772619415452747
31852,2.0736174177881743
31853,2.0269591205503863
31854,2.1174308356117755
31855,1.08087405548431
31856,2.014740259900074
31857,0.956337257401486
31858,0.9811431220350539
31859,0.34770346112899975
31860,0.27127237028558054
31861,0.24369815381960147
31862,0.17569211996406228
31863,0.661542307234147
31864,0.5376448420426613
31865,0.8768800804269038
31866,0.8242646008625789
31867,1.8354517308490326
31868,2.320149164837615
31869,2.038897470310951
31870,1.8335701727847613
31871,2.169602194988096
31872,-0.15841404630621742
31873,2.2078370565107925
31874,-0.274991984863338
31875,0.747648297915502
31876,1.682968937469531
31877,0.5195798785962606
31878,1.988289348658947
31879,0.42726778821708666
31880,1.988289348658947
31881,0.6238037000190882
31882,2.328102898209545
31883,1.462197090961894
31884,2.225190110851472
31885,0.7961555888907922
31886,0.12213779015340179
31887,-0.229494314884555
31888,-0.16876751332531983
31889,0.3879690839203852
31890,2.0257799254140596
31891,2.000792558407697
31892,2.200537299998039
31893,2.186218478043017
31894,0.9371494927115935
31895,-0.08329156818766066
31896,0.14751817521896537
31897,2.784369463688675
31898,1.5726166459103381
31899,1.9435004835597898
31900,1.9435004835597898
31901,2.6126140468993633
31902,2.2094486965448805
31903,0.6921055991780741
31904,-0.16155038536850327
31905,0.1811977985430895
31906,2.3811284358193543
31907,2.1200295583857236
31908,2.0797591492656804
31909,2.0797591492656804
31910,2.500387960036723
31911,2.615729909961798
31912,2.175426864351587
31913,0.743161626996406
31914,0.18076638180788362
31915,0.2277083534405624
31916,0.7823871378605959
31917,1.9828677328261246
31918,2.1742983786692895
31919,2.1742983786692895
31920,2.2706838951603268
31921,2.6184225052649523
31922,0.13518975408834272
31923,2.2855114717392433
31924,2.1859449808040883
31925,2.2026267546298177
31926,2.2026267546298177
31927,2.128793901322873
31928,0.9343953834708607
31929,0.3784718924699299
31930,0.4227308783386201
31931,0.190875165293031
31932,0.23016287110734487
31933,0.5252495120819102
31934,1.1184162839083007
31935,2.1148107217626686
31936,2.1265796784167232
31937,2.5179354141726926
31938,1.9215771377047854
31939,0.853209341798029
31940,0.4070385265558673
31941,0.7538464233331703
31942,2.099999388713987
31943,2.1285089533859174
31944,2.4398084935407867
31945,2.530941115304433
31946,2.665358686171522
31947,1.8159537323427262
31948,0.7770190473762216
31949,2.2840873033098905
31950,2.0762126880401617
31951,2.6092783834393782
31952,1.483085869233609
31953,1.0650001614701103
31954,1.4691423160166388
31955,1.9963192330441444
31956,2.1168405182294108
31957,2.7374606961124175
31958,1.4815010791475756
31959,0.2547707787713117
31960,-0.12142643270320942
31961,0.1674468160768832
31962,1.596781479716668
31963,2.519871745247004
31964,2.194202250097973
31965,2.1048692434089906
31966,2.1698096016374095
31967,2.1698096016374095
31968,2.1698096016374095
31969,2.2874877616374194
31970,2.805011048761261
31971,-0.3363677915424568
31972,0.44817554419044053
31973,2.1536708083721434
31974,1.5140692548968078
31975,2.2549194632942573
31976,2.4895240240089973
31977,2.8190785119162842
31978,0.0949720154029934
31979,-0.1438956802959035
31980,-0.20666924497871456
31981,2.1527697140799305
31982,2.419919781342283
31983,1.4464805406415755
31984,0.3079500115223114
31985,0.18917313892594934
31986,0.2169271395370972
31987,2.2041713017382496
31988,2.2504152053983706
31989,2.5425063382349187
31990,1.3024764118875245
31991,0.26185404315318167
31992,0.47137467599687716
31993,-0.12146294276014827
31994,1.2367610041835702
31995,2.4197014178542697
31996,2.4197014178542697
31997,2.6450770177814533
31998,2.229066507847369
31999,0.7868210367862106
32000,0.09981527608800575
32001,2.0968015049793305
32002,1.9613641636801125
32003,1.9984932610866772
32004,2.062060266122029
32005,2.6822202434404425
32006,2.1998394751815487
32007,1.4175492375126622
32008,0.7501913768654245
32009,0.17420893137409732
32010,2.050690649233642
32011,2.3558653919200796
32012,0.8912388128176455
32013,0.48500988878425827
32014,0.4554374608210247
32015,0.8822391607022361
32016,2.09488366751143
32017,2.2008407494389184
32018,2.391947491608035
32019,0.7444844805613609
32020,1.8038696838948758
32021,2.0440588496975165
32022,2.359921658022847
32023,2.5688875965968423
32024,2.607157904189607
32025,2.298171926518816
32026,0.9061257600222866
32027,0.09027912476839102
32028,-0.005138800716120012
32029,0.3954400352526346
32030,1.8541682068833605
32031,2.0037732639998014
32032,2.0308738342612127
32033,2.0308738342612127
32034,2.6818380803241286
32035,2.646728364788974
32036,2.0715187524942285
32037,1.2000681144617873
32038,0.5565856785857449
32039,0.2846386795008594
32040,0.13529189762513896
32041,0.37336905481946114
32042,1.7323841622952356
32043,1.9923161280423547
32044,2.0558119504457775
32045,2.0558119504457775
32046,1.3792388787537457
32047,1.2969192229757023
32048,1.1056019498368175
32049,0.7535082952955792
32050,2.372101348283264
32051,2.0845864233741778
32052,2.0742526302579143
32053,2.0742526302579143
32054,2.0742526302579143
32055,1.9394528223709864
32056,2.2850453035188245
32057,1.9740319503984527
32058,1.2123883970447693
32059,0.8353878881040129
32060,0.6306105607661237
32061,0.3553404149182933
32062,0.12060927964609885
32063,2.08404629764628
32064,1.993477981590413
32065,2.117310942643793
32066,2.2327976196036383
32067,2.6819795360616565
32068,2.106769923766911
32069,1.3504297167244592
32070,1.149798337648376
32071,0.6972790581707997
32072,0.3465438540091109
32073,0.26538236569974105
32074,2.3625096786144475
32075,1.9934141484326673
32076,2.017712465047476
32077,2.1194944795691417
32078,1.3037967536957442
32079,1.1072791040603902
32080,0.8183576227069401
32081,0.49410907492749045
32082,0.33576080911386125
32083,0.6801407480366211
32084,1.9080341815545006
32085,1.9500494795192005
32086,1.9719375711323237
32087,1.9962358877471342
32088,2.356668622773445
32089,0.9340319223714272
32090,0.5557062731976721
32091,0.44301577549919985
32092,0.48338534214349493
32093,1.2613492262941006
32094,2.078501088345532
32095,2.248793991032205
32096,2.4540627897573146
32097,2.567369720699215
32098,-0.20310086760735924
32099,-0.16317852120346577
32100,1.8279041855191043
32101,2.310189854274575
32102,1.9385590307470226
32103,1.838717659057367
32104,2.225285776925376
32105,2.5397996117739567
32106,2.008944322247456
32107,1.2995765871165854
32108,0.01944950033533914
32109,2.0128794206072613
32110,2.0128794206072613
32111,2.11594850752768
32112,2.3246533389210495
32113,1.1409350016000854
32114,-0.17584984954044533
32115,-0.22346053202779725
32116,0.11430365329203826
32117,2.50310576125831
32118,1.9363774618156215
32119,2.1553345426094537
32120,2.7181147130677035
32121,2.613712467706189
32122,1.2821626483689916
32123,0.882569468799156
32124,0.6285668755482775
32125,2.434878461630071
32126,2.091843550592533
32127,1.9971492977771954
32128,2.117310942643793
32129,2.117310942643793
32130,2.106769923766911
32131,1.0954153185547177
32132,0.33015682059078033
32133,1.8439349411649852
32134,2.0201220564477596
32135,1.9496750760601749
32136,2.022417906258954
32137,2.2319726465581655
32138,2.426389509574309
32139,2.3968586835076655
32140,0.7271952915895548
32141,0.42613753504346913
32142,1.1481651795785641
32143,1.9185966692268615
32144,1.9647830774547952
32145,2.1496031967985365
32146,2.1958471004586575
32147,2.2932074133982963
32148,2.4185077481670954
32149,1.8063837611402978
32150,0.9740754680520683
32151,0.6928980440920408
32152,0.6709639381344924
32153,1.6340488814541232
32154,2.0190876236681494
32155,2.0363963785224346
32156,2.112881982496049
32157,1.5983501550255221
32158,0.8902352599831531
32159,0.7572689947000839
32160,0.03924920465142909
32161,0.26828797237186813
32162,1.6041596137505933
32163,2.152121812333282
32164,2.6052817131904003
32165,1.0174549583462147
32166,0.10470224158372046
32167,2.0430357378004733
32168,2.0374546760576115
32169,2.0374546760576115
32170,-0.0899929796113378
32171,-0.09360902632896903
32172,2.2748204206327345
32173,1.9735018606178498
32174,1.9760322015638712
32175,1.1847910582331709
32176,0.2996321747066656
32177,0.1967490765647868
32178,-0.11991945993685368
32179,-0.3575149132295054
32180,1.5337769072035494
32181,2.4056164413925245
32182,2.5957589683431492
32183,1.009042279169903
32184,0.27270708961206536
32185,-0.01911505433750774
32186,2.008965082308169
32187,1.918345722065244
32188,1.8506849410132036
32189,2.1221573730189616
32190,2.206011511726851
32191,1.8549213006106653
32192,1.143461689748983
32193,0.866598930963577
32194,0.2599088782504516
32195,0.6536310808011537
32196,1.911163638119115
32197,2.0038507268834467
32198,2.0680876959838157
32199,1.5970083608548462
32200,0.4991233850834429
32201,0.33670983313179326
32202,1.4429697588210006
32203,1.3058976795562613
32204,1.8731872507507128
32205,2.3454345714708227
32206,2.377931854735113
32207,0.82957257913664
32208,0.582809982937324
32209,-0.0029199561286244015
32210,-0.1387011721738931
32211,1.6059577893317152
32212,1.8491289091729837
32213,1.860674249110493
32214,2.0604189907008346
32215,2.5806635303984296
32216,1.8999509538658659
32217,1.0978447009569001
32218,-0.22616811275602677
32219,-0.015534052414900456
32220,-0.1354261842079755
32221,2.212873768851414
32222,1.7151801045494495
32223,1.5650639615165034
32224,1.8483225318872087
32225,1.96991060002146
32226,2.3596636483364892
32227,0.47851797770488463
32228,0.7202518753564809
32229,2.432480841215667
32230,2.2793119788249805
32231,2.5951918540405456
32232,1.8698862925699156
32233,0.8218519192531343
32234,0.520941088268961
32235,0.004334315568517787
32236,0.21979712700756918
32237,2.2293134948796745
32238,2.0262346551653736
32239,2.0262346551653736
32240,2.122620171656411
32241,1.8752736040166247
32242,0.10626059891942445
32243,-0.1173689137081983
32244,2.191640428951581
32245,2.0643057856931017
32246,1.973686425450177
32247,2.0378812573001723
32248,2.0545630311259018
32249,2.406574301538562
32250,0.197351362687601
32251,0.21879750158436787
32252,0.21430623046764025
32253,2.0137139821434094
32254,2.275036570394717
32255,1.6286735836405795
32256,0.6639348391470543
32257,0.26118776394239884
32258,0.13148032875642177
32259,0.39878967551336525
32260,1.1479439132617615
32261,1.8121084923461763
32262,2.0194245841917122
32263,2.274057025436137
32264,2.3651896471997835
32265,1.5230501782785202
32266,0.5636734414227534
32267,-0.05330723905026006
32268,1.3161667506818862
32269,1.9360943787429579
32270,2.016945852924763
32271,2.2093559819192548
32272,2.535402243765652
32273,2.3999027171389744
32274,0.010266184056771838
32275,-0.12152350493755479
32276,0.1407477848229626
32277,2.40392689146558
32278,1.968776794725496
32279,1.1409665482426528
32280,0.8236832011711421
32281,0.6501735488147968
32282,-0.020943896561849265
32283,-0.12867328975428027
32284,0.15953558964388997
32285,1.9452829938325138
32286,2.0435059901633346
32287,2.3003960957552194
32288,2.4184765807578827
32289,1.9611606585814159
32290,1.2012600862966123
32291,-0.212102765065581
32292,-0.23496922531324244
32293,-0.11441446666258566
32294,2.0947689041137068
32295,2.0061275794788567
32296,2.6044521475527245
32297,1.9109330531522013
32298,1.1510324808673977
32299,0.0033847444673539002
32300,1.883586027630015
32301,2.004705990576016
32302,2.129541598681938
32303,0.8211008130702147
32304,0.6943721998265728
32305,0.22015542864376322
32306,0.33604768410793157
32307,0.21497361157764253
32308,0.8407672964598986
32309,1.208112965086037
32310,1.9401568414345656
32311,0.1524879287469925
32312,-0.09952845322587427
32313,2.2539499497496203
32314,2.3449079788097147
32315,2.452441885423141
32316,2.033736659345502
32317,-0.2742934277076974
32318,0.11120203639335519
32319,1.556117807443651
32320,1.9933935427425424
32321,1.8801350638193135
32322,1.8780577223117554
32323,0.2256072290075178
32324,0.40782173040922226
32325,2.050690649233642
32326,2.1320443823844966
32327,2.469129744119021
32328,2.036493867844058
32329,1.234540654994119
32330,1.2435914820068883
32331,0.8129247113536127
32332,1.2896184867038867
32333,2.068869639138836
32334,2.1545968457787974
32335,2.2008407494389184
32336,2.341683780188372
32337,0.9075347715476788
32338,0.47367612185619345
32339,0.8494064879607528
32340,2.2513749415430526
32341,2.260369405006192
32342,1.7694991262482083
32343,1.1251564740581783
32344,-0.00041761661401059063
32345,0.7306513245554529
32346,2.30379361178938
32347,2.053868937020842
32348,1.9771749463144357
32349,0.9682269618454599
32350,0.7083484110892168
32351,2.6049011698728592
32352,1.848677228560972
32353,2.0558119504457775
32354,2.064193685105999
32355,2.2728985164993687
32356,0.7357954038608325
32357,0.7026606817684937
32358,0.18403530470621307
32359,1.9127933986194476
32360,1.2787627801616508
32361,1.1885464236610137
32362,1.8006840839008007
32363,2.721570403945169
32364,2.117310942643793
32365,2.6987373708282996
32366,0.227583630927996
32367,2.107883691458436
32368,2.1028127057434123
32369,2.1194944795691417
32370,2.4691862030355223
32371,2.5850680650332194
32372,2.523415686924442
32373,2.0404743838405306
32374,0.9326241021067116
32375,2.137626864184285
32376,2.183870767844406
32377,2.183870767844406
32378,2.281631999424309
32379,1.052668692554425
32380,0.7724606657409381
32381,2.095809843199817
32382,2.3483462440488596
32383,2.3483462440488596
32384,1.683988858199421
32385,0.7604621057280482
32386,0.5907424742170283
32387,2.7151416255974
32388,1.8653159767427339
32389,1.8850439380153272
32390,1.8850439380153272
32391,1.003090420472217
32392,0.7073524473091573
32393,0.4455805511218553
32394,-0.14934483055857645
32395,-0.21324877154961167
32396,2.3666454223862314
32397,2.0451714347098613
32398,2.0128794206072613
32399,1.912553463559332
32400,0.7772708535850574
32401,0.1943502940752062
32402,0.163324819695601
32403,-0.07780611247050283
32404,0.6692143707451345
32405,1.5306491931777044
32406,2.0067733980161497
32407,1.9120791452008112
32408,2.1553345426094537
32409,2.2653659179468004
32410,2.459782780962944
32411,0.052990871659257845
32412,-0.22493576278932795
32413,0.07388809112824395
32414,2.5442576416390863
32415,2.2653659179468004
32416,2.459782780962944
32417,2.7181147130677035
32418,2.6819795360616565
32419,1.3504297167244592
32420,0.6804311024023431
32421,0.3250545165089702
32422,-0.07868342710175218
32423,2.022417906258954
32424,1.964222807232703
32425,0.39857288362444954
32426,0.22323422029495538
32427,0.2180294687138317
32428,0.536301568560586
32429,2.1958471004586575
32430,1.203653405887057
32431,0.9447106611866305
32432,0.7294508098927308
32433,0.5275720105716117
32434,0.299339761651233
32435,1.8117715318226144
32436,1.9352866710132017
32437,2.018157150204126
32438,2.018157150204126
32439,2.2173227523646246
32440,2.272404640435779
32441,2.032810484516849
32442,0.017655140448779704
32443,0.5778924729551855
32444,2.5135286270690154
32445,1.726058692476279
32446,1.7281661772156791
32447,1.7281661772156791
32448,1.7281661772156791
32449,2.1001955812481024
32450,2.438995120110641
32451,1.9104725832258727
32452,0.06940335733629398
32453,-0.20754948129320852
32454,-0.1787308725421969
32455,0.12267796499475486
32456,0.6773567494147886
32457,2.4107056356006997
32458,1.938545419215443
32459,2.0374546760576115
32460,2.2498229412699797
32461,2.4585277726633494
32462,2.7116261968644837
32463,2.591529366934361
32464,0.769181159486376
32465,0.2123187148247955
32466,1.8697135863226533
32467,1.8908250809785996
32468,1.8908250809785996
32469,2.402007552694442
32470,1.9446916305179736
32471,0.9512297534199342
32472,0.7448033947041758
32473,-0.05869105931193364
32474,1.3076806532103575
32475,1.9358964257545732
32476,1.9601947423693835
32477,2.0355784312966048
32478,2.211199578376381
32479,2.6438241439573797
32480,2.002347080704624
32481,1.1813754716141716
32482,0.19912990132472402
32483,0.20535148017422455
32484,0.717195558579702
32485,2.4516503810136117
32486,2.2554979755984927
32487,1.8219462873767305
32488,0.22486362940843405
32489,0.38137578095171504
32490,1.2445973894985536
32491,1.7850987389066448
32492,1.9697902744976654
32493,1.9576068232233272
32494,2.000681809633206
32495,1.2188077750017596
32496,0.4971177424501221
32497,0.3706369162541482
32498,0.38965103554754127
32499,0.94126227400433
32500,1.3920127066363603
32501,1.9560577299416388
32502,1.9560577299416388
32503,2.029860262349605
32504,-0.15564755502755998
32505,-0.17667873975831305
32506,2.4873835806334474
32507,1.860674249110493
32508,2.4284734907506347
32509,0.434674363501357
32510,0.13960694878597216
32511,1.7793248239874448
32512,2.450873454367138
32513,1.9654268138488
32514,0.800646963497922
32515,-0.050431549367327716
32516,-0.16879724241957414
32517,1.5087724948825791
32518,0.6903494650874219
32519,2.008676181942224
32520,1.7667028390592774
32521,1.9349701747069639
32522,2.606622973649687
32523,1.931695425761766
32524,2.239901047006114
32525,2.117719675818067
32526,2.076826227749136
32527,2.3121365388342103
32528,1.9862068675062121
32529,1.075622049104398
32530,2.0188194755121667
32531,0.09297179892933559
32532,2.050690649233642
32533,-0.0918662238261088
32534,2.4717472539177767
32535,-0.03674964978978125
32536,1.360887274504922
32537,0.7744759114276026
32538,0.5989347633667063
32539,1.9315031989771454
32540,0.44127317949284134
32541,2.4037961409013926
32542,0.4958070274653197
32543,1.0617299448724569
32544,1.8301198361119788
32545,0.8641834184078085
32546,2.127496275517386
32547,0.20733288758489896
32548,2.266647156839236
32549,0.1272785276553495
32550,2.32840543947892
32551,2.279003765134784
32552,1.8674547979459482
32553,2.2121574385224188
32554,1.203653405887057
32555,2.26220227335869
32556,0.8918764118676402
32557,0.19715025209293144
32558,0.4579304082112022
32559,0.3499485943692641
32560,0.5748144558713426
32561,0.19811855538344483
32562,0.32260360682796635
32563,1.7328978034116271
32564,0.49421533250012756
32565,1.9121927293093106
32566,0.5140456885004887
32567,2.043276111977801
32568,1.2972110865877264
32569,2.32530028181438
32570,2.260369405006192
32571,0.9338538960561734
32572,2.359921658022847
32573,0.6436258207880505
32574,2.4938509732477065
32575,0.2803086708105678
32576,0.7962420165369944
32577,0.7459351969001771
32578,0.6433307197384324
32579,2.0374033691424445
32580,0.52786496524623
32581,2.274057025436137
32582,2.7911793557773894
32583,2.4402262705489193
32584,2.0308738342612127
32585,-0.15564755502755998
32586,2.174784496730292
32587,0.14430307619808727
32588,2.400639431119211
32589,0.6989818606181205
32590,1.3458953673656286
32591,2.0137441848269315
32592,0.5984204158694748
32593,1.8128204063876676
32594,0.10630793887579149
32595,1.839418724073034
32596,2.2166620801369716
32597,1.9360943787429579
32598,1.8752755462463386
32599,1.4612310895836456
32600,2.5391878968042616
32601,2.0806860515290957
32602,2.441174573248922
32603,1.968776794725496
32604,2.0862259386649917
32605,2.0496282689073007
32606,0.281513580805246
32607,0.09250835043376789
32608,0.18403530470621307
32609,0.7142143740639232
32610,0.41852893902582344
32611,2.495330544467728
32612,1.798141535439781
32613,2.415680500219143
32614,2.738823274926837
32615,1.978565631934916
32616,1.8884950820046373
32617,2.0435059901633346
32618,2.163273831906568
32619,2.0435059901633346
32620,2.4989361358842492
32621,2.5903846843977005
32622,0.11229498825495285
32623,0.5936663053551139
32624,0.37691867266763246
32625,-0.1809277504470489
32626,0.7121299619704511
32627,2.0061275794788567
32628,2.323338435034823
32629,2.368248975328669
32630,2.026090589596368
32631,0.8218519192531343
32632,2.117310942643793
32633,0.5780887488253793
32634,2.4272144826197817
32635,0.06986033617608606
32636,1.0013039882143404
32637,-0.14319712314026284
32638,0.08088793157264274
32639,-0.20597068782307393
32640,-0.03891265957882074
32641,0.5309867629822688
32642,0.7551856494429112
32643,2.0353679951034986
32644,1.6272687217451118
32645,1.998055570655785
32646,2.5442122115375403
32647,1.9880242167502862
32648,2.274769340019379
32649,2.004705990576016
32650,1.042348810052133
32651,2.3239584616980813
32652,0.597198691838237
32653,2.202598700835168
32654,0.2892203777185775
32655,1.8375510878695345
32656,0.2854820534942647
32657,1.8781556291522556
32658,1.3675328321464093
32659,2.0384198336336
32660,2.406932334193108
32661,2.084663737293721
32662,2.2220226248445822
32663,2.2303438954362815
32664,1.811377410120559
32665,2.1974900145321277
32666,1.2082638936483017
32667,0.5431078365130906
32668,1.0318440476384427
32669,0.3985923920275207
32670,0.7541596745602921
32671,0.1750309772675664
32672,0.8055951137723788
32673,-0.12937416919314149
32674,0.4635549861431338
32675,0.8039055742179232
32676,1.8041589750248044
32677,1.9996049882976006
32678,1.8711849964999974
32679,1.5406666187205555
32680,2.5290994131064504
32681,0.8656888322240269
32682,2.162356231661079
32683,0.5734754308327427
32684,1.1007172428150402
32685,-0.2950409916753141
32686,0.441176632088914
32687,-0.20114522500634302
32688,-0.23632672390482015
32689,1.848171039361743
32690,-0.13820012454667902
32691,1.848171039361743
32692,0.1293600828886887
32693,2.44218649652242
32694,0.6773011220710162
32695,2.440025064590951
32696,1.8850439380153272
32697,0.5908707621200078
32698,1.999430842536457
32699,0.19274490821008294
32700,2.535011959964005
32701,-0.054272943701885165
32702,0.15588579542537287
32703,0.8103685664462593
32704,1.6146860610678813
32705,2.6141534815168077
32706,1.9684774440034556
32707,1.9950757616888213
32708,2.590942719225942
32709,2.474520805838527
32710,0.9461298472624362
32711,2.2862842155874974
32712,2.1553345426094537
32713,2.0385028554114433
32714,0.9739161576767736
32715,0.20098217503033702
32716,0.2789260320952653
32717,-0.1274653685939075
32718,1.5960451174639076
32719,2.021447614392004
32720,2.117310942643793
32721,0.9781717105277475
32722,0.049550537259735225
32723,0.18781286340506448
32724,0.8149869354877707
32725,2.7035793217787685
32726,2.280292962571349
32727,1.925376759445365
32728,2.0057361324332246
32729,2.542271371572006
32730,1.2886162138935662
32731,1.0639522568832405
32732,0.9731250437256304
32733,0.248612617628789
32734,0.72266073693032
32735,1.6398175514719648
32736,1.940484760839985
32737,2.368244036747432
32738,2.2170289758643213
32739,0.8614065284093038
32740,0.30267902704366656
32741,0.4133905579889154
32742,1.091239132723419
32743,1.0150785396411415
32744,0.6021837870796874
32745,0.47636791811079454
32746,0.13466713013594026
32747,1.8696975919576626
32748,1.7526570101616457
32749,2.355454662156461
32750,1.162009417176271
32751,0.6183349817856952
32752,-0.11247759443651716
32753,1.5935846448256903
32754,2.503456369152014
32755,1.9119471015300762
32756,2.0127014032406443
32757,1.1800119044757482
32758,0.9380401531637548
32759,0.18626059997652453
32760,0.1820703742908128
32761,0.01636504884975078
32762,0.7816087241627285
32763,1.362758495614977
32764,1.9023261943286094
32765,1.8908250809785996
32766,2.007343937566389
32767,2.1830532813857593
32768,2.466108596592094
32769,0.06053678031631158
32770,0.49598772510809985
32771,2.1898225308559347
32772,2.030590678569911
32773,2.0355784312966048
32774,2.0355784312966048
32775,0.9503817433253154
32776,0.38784193129817796
32777,-0.06641780343727552
32778,1.5812660845588777
32779,1.9509583300712006
32780,1.8506849410132036
32781,1.9317811688778073
32782,2.3080621826053274
32783,0.742062132880753
32784,0.24174462586014683
32785,0.24174462586014683
32786,0.23578692738660828
32787,0.8689688539939106
32788,1.9371776664917086
32789,2.0038507268834467
32790,1.8962410397646317
32791,0.40296820875422806
32792,0.3190482205484368
32793,0.6444967529170265
32794,0.7088956677625113
32795,0.4300206021918358
32796,0.5941323615562544
32797,1.3747039517820752
32798,2.270397948121687
32799,1.5045503656331685
32800,0.46827558077306625
32801,-0.22879575772891436
32802,-0.4545956183674435
32803,0.38005785748739196
32804,2.3533554454845937
32805,1.9223719631772727
32806,1.8225305914876169
32807,1.860674249110493
32808,2.2862739250897537
32809,0.7304399166451817
32810,-0.08171223304376632
32811,-0.12261360386274975
32812,0.6689108775195669
32813,2.700259512839424
32814,1.5916622792018702
32815,1.8483225318872087
32816,1.8483225318872087
32817,2.1745747725398408
32818,1.222969897634023
32819,0.027795076568283825
32820,0.01551515678389041
32821,-0.16263414324894251
32822,0.16534115790338477
32823,1.9023575667010075
32824,1.931695425761766
32825,1.931695425761766
32826,2.3984088294546835
32827,0.123285087648104
32828,1.4265197121104334
32829,2.332980003294488
32830,2.0357864406967017
32831,1.898220560874743
32832,2.0262346551653736
32833,2.317037034672554
32834,2.588559922881072
32835,0.5945233288307004
32836,0.19686732820984312
32837,-0.058214817177100545
32838,0.6548805461702646
32839,1.4362616042556557
32840,2.006299033456133
32841,2.0545630311259018
32842,2.5224561635362592
32843,1.825948045684756
32844,1.031683802219238
32845,0.807652716579993
32846,0.7121748447434161
32847,0.5093928714422052
32848,0.7307115886375067
32849,1.098057257263645
32850,1.938206757681905
32851,1.9708193656878614
32852,2.043276111977801
32853,2.199999947045581
32854,2.086261321619381
32855,0.22713904896736165
32856,0.49536818420347833
32857,0.10163461278915438
32858,1.7841438252270376
32859,2.1745047724194824
32860,2.4727235538132097
32861,2.048360074994957
32862,0.8480723917819917
32863,0.3005197058218033
32864,-0.1387011721738931
32865,-0.22879575772891436
32866,-0.15960451312929422
32867,2.2595461025306145
32868,1.9126617780773234
32869,1.9360943787429579
32870,1.9425867949625055
32871,1.1941236289129038
32872,0.8555958692601433
32873,0.4503898223946926
32874,-0.016841306608964046
32875,-0.014443953489705473
32876,-0.13881220357072035
32877,0.6954265692429958
32878,2.4168086095340624
32879,1.933432173122603
32880,1.9600304908079693
32881,1.968776794725496
32882,2.224888294906243
32883,2.522834331748857
32884,2.441107547086668
32885,1.9125850102018995
32886,0.08208205564856859
32887,-0.12831337307963891
32888,1.5888702532836747
32889,2.0828488736544735
32890,2.1394240381335035
32891,0.18692128000935243
32892,-0.3203163119088477
32893,-0.335669234386816
32894,0.4402643177574475
32895,1.3336802850424274
32896,2.1291296075928674
32897,1.4730839839404806
32898,1.957203024291747
32899,1.9904856623941494
32900,2.0061275794788567
32901,2.1068557397903414
32902,2.3012726028064847
32903,0.18043274820452215
32904,0.01561972691666462
32905,1.2789711668061536
32906,1.1823474094536965
32907,1.916868665732418
32908,2.4714969802335
32909,1.0973130924823973
32910,0.17934760717608825
32911,0.19641652901636317
32912,0.20901591310410397
32913,0.5272880129508585
32914,1.9182687498214415
32915,1.973439479536968
32916,2.084663737293721
32917,2.3053805187854173
32918,2.3498712058766063
32919,1.721836705835869
32920,0.9659459814458127
32921,0.7241706397040801
32922,0.09316942049364946
32923,0.16778089353106918
32924,0.529733615609668
32925,1.2392937840725173
32926,1.774310111501333
32927,1.9816262033468692
32928,2.1543976967329654
32929,2.2539499497496203
32930,2.4199446021588504
32931,0.3285844746780431
32932,-0.02524247019402047
32933,-0.1868685323360826
32934,0.6933134893254985
32935,2.3978234961653135
32936,1.6419836665132037
32937,1.8535367461339467
32938,1.848171039361743
32939,1.9219419568248257
32940,2.1477968912137437
32941,1.0957674846428698
32942,1.394576340132968
32943,3.878187017569445
32944,3.6555538393635274
32945,3.3366289466522474
32946,1.4992140871174418
32947,2.098751339376414
32948,2.259561285442273
32949,3.896282766977293
32950,3.9734056382084697
32951,4.111728419326929
32952,4.37839430021792
32953,4.332200706750216
32954,3.523054295564471
32955,1.2261661158376524
32956,2.322581469239906
32957,4.1199874174929905
32958,4.23428472416838
32959,1.7432822144281592
32960,1.0192034266065988
32961,3.826553102061979
32962,3.863682199468544
32963,3.9899523079432635
32964,4.3780145162507464
32965,3.2381639998746534
32966,2.336271556712046
32967,1.8690118148378754
32968,1.2440854089712439
32969,0.9457641732744068
32970,3.4337660875422
32971,3.4708951849487653
32972,3.7062083027075894
32973,3.7062083027075894
32974,1.9478118221537928
32975,1.0456170646860277
32976,4.673355506654565
32977,4.431805019617961
32978,3.733697419980591
32979,3.6819430587638964
32980,3.687235354230003
32981,3.5154404525239435
32982,3.3581003014913366
32983,1.0354190654036013
32984,4.689170100338756
32985,3.986761629031346
32986,3.7549169160010614
32987,3.108054400665668
32988,1.4735925154449823
32989,1.1133860746455793
32990,3.8324910575421147
32991,3.9875244539106753
32992,3.9875244539106753
32993,4.592641104204124
32994,3.7082839529723475
32995,3.1948114297766486
32996,1.6563104913381197
32997,3.3148895104951066
32998,3.8135115192820255
32999,3.848340615618034
33000,3.972313604231429
33001,4.048584038881569
33002,4.3267609052095395
33003,3.472180701685848
33004,1.987514915264606
33005,3.4708134199390526
33006,3.74894049971044
33007,3.7767800342859235
33008,3.95855880012232
33009,4.08813758412899
33010,4.08813758412899
33011,4.1742221212879755
33012,4.3643933507769175
33013,3.939853454282347
33014,3.267007077678203
33015,1.8645123633027552
33016,0.9956713292054626
33017,2.168909173608874
33018,4.4759086892164595
33019,4.1991794028211915
33020,3.5720734705904453
33021,3.6707307360401185
33022,3.8293327563661794
33023,3.468100639028874
33024,2.8614067032943495
33025,2.137672049463313
33026,0.6299872469289588
33027,0.5335518005231284
33028,3.3254349731666277
33029,3.8451673177523746
33030,3.7800917554910067
33031,0.45705818643195684
33032,0.9374341288727525
33033,3.8078044319773823
33034,4.00748656933352
33035,4.00748656933352
33036,2.8944915725379112
33037,2.638491728690065
33038,1.4974492360002214
33039,0.9138064262208633
33040,0.6193352034788326
33041,0.46543294392199663
33042,3.732595965610235
33043,4.1340383031288805
33044,4.682992925539211
33045,4.2261219849290965
33046,3.0596215065097776
33047,1.5003892533347933
33048,1.0795654320604162
33049,2.320121121153842
33050,4.489460420890274
33051,3.81711360317432
33052,3.711042203471483
33053,3.745871299807492
33054,3.870232111487963
33055,4.100645031740247
33056,4.457269168674952
33057,4.611496788851687
33058,3.1514845825994993
33059,2.8960042144716596
33060,1.535137845547517
33061,1.426692943622252
33062,1.087668610779607
33063,2.088958482282866
33064,3.649876842217523
33065,4.080834790885834
33066,4.35861073857354
33067,4.146261682788937
33068,3.7874539134637097
33069,2.194993072534796
33070,1.8710036020203844
33071,1.270424362850355
33072,1.2803031852037767
33073,1.7114396732340893
33074,1.8325668681325273
33075,2.1602460301519035
33076,3.2296919646208373
33077,3.535658578967708
33078,3.2525853367721487
33079,2.7488381493873133
33080,2.484756946728667
33081,1.5608767038936204
33082,3.496347974525817
33083,3.286089449342324
33084,3.7445379489615163
33085,4.157761915173134
33086,4.041436632127375
33087,3.361667418413951
33088,1.6156830095211148
33089,0.6592721319238709
33090,3.2767474976924698
33091,4.235451484022386
33092,4.2077632069041275
33093,3.7129815309329195
33094,3.9255727345264244
33095,4.05362137020484
33096,4.586817497246741
33097,3.427818047768901
33098,2.7884503606260562
33099,2.381903430499052
33100,1.0772568586688331
33101,2.26622592022679
33102,3.97663452160085
33103,3.774194056767355
33104,3.6565493388256973
33105,3.699692726552852
33106,3.8315830346716577
33107,4.420582262361739
33108,4.108000727457929
33109,1.9966304492410443
33110,3.8952374259421596
33111,3.8098616005013035
33112,3.893240737081671
33113,3.893240737081671
33114,4.379520667004553
33115,4.636742413116062
33116,4.164322260571977
33117,2.034667099382311
33118,0.4890675209735598
33119,4.002005099893546
33120,3.799158025612143
33121,3.5488499013073236
33122,4.132703152630888
33123,3.0920290538125035
33124,2.2019946686513996
33125,1.7087010454632527
33126,1.2686365366874361
33127,1.1801572827229194
33128,0.9249570133318907
33129,1.9133119694653442
33130,2.139286890523857
33131,3.4945871743273105
33132,3.5590158722193266
33133,3.0457176656334317
33134,1.587298499231003
33135,1.3166695935259927
33136,1.156961497979122
33137,1.1850105063516567
33138,2.628414907490454
33139,2.792716150368649
33140,3.3125283366651543
33141,3.3953988158560797
33142,3.3953988158560797
33143,3.9460452577435827
33144,4.0909530243416645
33145,0.2513381482633223
33146,0.026978969071984084
33147,1.6377166441175088
33148,3.6191828679809848
33149,3.6954588980920327
33150,3.894254173995067
33151,4.55622959259549
33152,0.41936102924343377
33153,4.228275429813765
33154,3.322771980055199
33155,3.561040057900672
33156,4.0030572805542235
33157,3.313199299901542
33158,0.5226424416729636
33159,1.9559599356964283
33160,3.0439603516715135
33161,4.065742515749484
33162,3.795542361897033
33163,4.57495303017897
33164,4.002394911196818
33165,3.2602118331432033
33166,1.0320153342152716
33167,0.8700593167308251
33168,3.952702755531233
33169,3.715491570663607
33170,3.9034127442315634
33171,3.9034127442315634
33172,4.424085318361935
33173,2.1413974758499426
33174,0.8293793182184118
33175,3.9752308390698947
33176,3.7158921133692977
33177,3.6570900381530866
33178,3.925382429931224
33179,4.353643634606908
33180,4.48853954015126
33181,3.2733007632660787
33182,2.284867938820828
33183,2.587287626531745
33184,4.518221671022344
33185,1.9972448106629654
33186,3.7333960614950166
33187,3.434801788730282
33188,3.776539449222171
33189,3.7523761662557216
33190,3.6555538393635274
33191,4.20842783873221
33192,3.7628087260968393
33193,3.937538450208121
33194,4.187047428929193
33195,3.558183873216147
33196,4.341418643071735
33197,1.345809803814563
33198,3.3700131923015615
33199,0.7232249224371774
33200,2.6762512798949465
33201,0.7065972942157652
33202,2.1650983981343397
33203,2.89033589750249
33204,1.7829904462328183
33205,4.019358644577273
33206,1.4638294469309887
33207,4.104016350811705
33208,2.6549023896107236
33209,4.2194040226040865
33210,3.7626437177883436
33211,4.248924117409783
33212,4.0496760728586105
33213,1.1079047127338189
33214,4.3117760626244666
33215,0.7171561234174529
33216,3.9230875106160394
33217,0.2513381482633223
33218,2.959042481131449
33219,0.3383247953212247
33220,2.5502193343869095
33221,0.8126026028345599
33222,1.6265782522573273
33223,3.9842420982411713
33224,1.6398763803089933
33225,3.7052711718944065
33226,1.4825738339263241
33227,3.5941036975043112
33228,3.1285904800689543
33229,3.774413023011293
33230,3.7969489605695275
33231,3.774413023011293
33232,3.971554926142327
33233,3.774413023011293
33234,3.971554926142327
33235,4.1263551919613795
33236,4.424455953657322
33237,4.471415497354431
33238,2.886910955142121
33239,2.5562763231578693
33240,2.6357616551016214
33241,0.5349912354637877
33242,0.863758360677054
33243,0.3549121817927026
33244,1.3904124118467407
33245,1.963968518041259
33246,2.3564326783192064
33247,3.0171629667864357
33248,3.5099734461276593
33249,3.721482543577153
33250,4.502833903171358
33251,3.6000316598767843
33252,4.275110239684591
33253,3.8367723661898583
33254,3.928757761729911
33255,4.143601561904034
33256,3.863682199468544
33257,4.460561642293301
33258,4.678227209002318
33259,3.3577254623021924
33260,3.6346714272896574
33261,1.639300992180613
33262,1.0133576074464605
33263,1.0569150870763777
33264,1.3754520374007486
33265,0.5784885354619851
33266,4.460477897156017
33267,0.4026744609091921
33268,4.098507904667943
33269,4.099224178388779
33270,3.631576582855086
33271,4.111881548321669
33272,3.7062083027075894
33273,3.8586372758431797
33274,4.584643287104362
33275,3.9008785165611672
33276,3.5551210046627153
33277,3.9008785165611672
33278,3.104917768863528
33279,3.9008785165611672
33280,2.427086225319485
33281,4.56944054984135
33282,1.410072629398194
33283,4.092646325787663
33284,3.518263579115555
33285,0.7904409237371182
33286,3.9020844854143055
33287,0.16386713778977655
33288,4.1037715849526215
33289,0.5288306769145924
33290,4.139922617061087
33291,1.70880626655571
33292,3.294649619784349
33293,2.883662037307451
33294,2.6334660866592903
33295,3.8020002062154035
33296,1.3841651831646606
33297,3.870557306302413
33298,1.0271047740124553
33299,3.7216653237800124
33300,3.6387322203420718
33301,3.951244727286808
33302,4.005615336375342
33303,3.376424312181193
33304,4.101470004785718
33305,0.650462125069205
33306,4.458094141720424
33307,0.31283038281869974
33308,4.294334012731222
33309,0.6525949513171272
33310,2.254369710171214
33311,3.81784078666891
33312,4.324143185711277
33313,3.9739305861784042
33314,4.374857775541005
33315,4.264668568962696
33316,3.9234576069323164
33317,3.9769527203783146
33318,3.9708426800849477
33319,3.3227049237961928
33320,4.14344172520146
33321,2.2398828784623253
33322,4.500065862136165
33323,0.862323111510401
33324,4.6542934823129
33325,1.7287283771749578
33326,4.228038472804842
33327,3.0714736031653556
33328,2.965227980798162
33329,3.685651992020876
33330,2.658762809881829
33331,4.0714161796283745
33332,1.7264431024057143
33333,4.292818597628502
33334,1.2333731931857788
33335,1.964472375584686
33336,1.1210739870248034
33337,1.4800657671389907
33338,4.048584038881569
33339,1.1058469062977843
33340,4.126713261912002
33341,0.7596993310922924
33342,4.393379142802993
33343,2.2645058196037846
33344,4.0957712501293315
33345,3.515575614474233
33346,3.736963480804103
33347,3.9992515688907533
33348,3.1794491406353345
33349,4.07057758940138
33350,2.5191455873704904
33351,4.185965261193762
33352,1.414151400130281
33353,4.2154853559994585
33354,1.4026470785654885
33355,2.8460571482529846
33356,3.223285897563386
33357,2.2207919978790756
33358,4.329100231642746
33359,0.4339426377026497
33360,0.45961430422600086
33361,0.18985221122007215
33362,3.526632705241765
33363,3.583534144702431
33364,3.7260864381116034
33365,3.6399851101995853
33366,3.676023031506225
33367,3.6399851101995853
33368,4.252643014620745
33369,3.7092725666885626
33370,4.58617089301598
33371,4.371469988544925
33372,3.9748765912307236
33373,3.9549890591648067
33374,1.045298124619072
33375,4.396978041833073
33376,4.381887105455319
33377,4.568222838378669
33378,4.494292213148883
33379,4.06842634088809
33380,3.409128707642523
33381,0.5709507225322947
33382,2.1176416515469314
33383,4.33535412870906
33384,3.8931802574182384
33385,3.7729753356413736
33386,4.477101028185698
33387,4.184969458504612
33388,3.64555236177445
33389,0.9464423738434403
33390,3.273257845392919
33391,4.270302631571691
33392,4.369197516284077
33393,3.8528008873871
33394,3.767425061946244
33395,4.005615336375342
33396,4.490662440063586
33397,2.7777247435125783
33398,0.6826600053456007
33399,3.5809837782728957
33400,3.8869138853136924
33401,4.42958612764551
33402,3.651991955629455
33403,1.008196899904565
33404,2.898635528237176
33405,2.3981541862687954
33406,3.5078190443922246
33407,3.3621560006567432
33408,3.4450264798476686
33409,3.4450264798476686
33410,3.5052380308973365
33411,3.612435179267169
33412,3.66453987887973
33413,1.9745842488397563
33414,3.3356665766194964
33415,3.286089449342324
33416,2.7794571245904285
33417,0.9721083655846338
33418,3.930865029992531
33419,4.65715550470217
33420,1.8228877512733745
33421,0.6620710706087105
33422,0.6185316112616364
33423,3.830783404261942
33424,3.734696186633335
33425,3.734696186633335
33426,4.415064873205693
33427,2.803063674173056
33428,1.937683039294335
33429,1.2724749414194547
33430,0.82723693667995
33431,0.5327657139379194
33432,2.9439030473016174
33433,3.891716539185543
33434,3.2628168009646767
33435,3.775032504165295
33436,3.893240737081671
33437,0.8109743038680909
33438,1.9250700743346683
33439,3.0765305287183686
33440,3.6972125626687773
33441,3.740355950395932
33442,3.6193128196009727
33443,3.717498465869168
33444,2.5196568062017035
33445,0.8917297439809938
33446,0.9473346502329967
33447,3.1365938345421065
33448,3.615825267567061
33449,3.81073433927887
33450,2.307062348782157
33451,1.671483229297794
33452,1.9964406231882936
33453,2.513389292947456
33454,4.061432929535968
33455,3.6741225821367856
33456,3.2429014366857496
33457,2.2909074245425063
33458,1.9620726843436467
33459,0.367916086820443
33460,0.4668131666003403
33461,3.159110505008819
33462,4.111882115612005
33463,3.6932212449645148
33464,3.6954588980920327
33465,3.6954588980920327
33466,4.24282594374016
33467,2.482714389234369
33468,0.8710237757698345
33469,0.4486575594301657
33470,3.118484241190751
33471,3.155613338597316
33472,4.296828583799861
33473,2.576576129712533
33474,1.5527028444760775
33475,0.34235516643098696
33476,4.073718192127359
33477,3.795542361897033
33478,3.9557499730536665
33479,2.6064140027220004
33480,1.656825772810153
33481,0.5731604284383803
33482,0.40887520768339175
33483,2.9824515893132233
33484,4.616687854289609
33485,2.648745501876675
33486,1.7676463555132569
33487,1.1843987496408859
33488,0.48199604521713085
33489,0.4543227406468644
33490,1.9703629537440481
33491,3.0264391840680154
33492,3.908700656105494
33493,4.036509936234592
33494,1.10878218062056
33495,0.8413830273352797
33496,0.8691470484497535
33497,3.5895889186475745
33498,4.047870633997062
33499,2.448347180241309
33500,2.2137378238477017
33501,1.2443517822032033
33502,1.3208380486326052
33503,2.042009508755326
33504,3.589248869076952
33505,4.019358644577273
33506,3.794571854258392
33507,2.2414883942951964
33508,0.367916086820443
33509,1.992578192475678
33510,2.9277962061236105
33511,3.9981022610387305
33512,3.6312327949108765
33513,3.8376239431987393
33514,4.075124937520574
33515,3.33563383065556
33516,1.913382339842795
33517,0.8731930288510521
33518,4.085807027005686
33519,4.127316152117143
33520,3.562902562470219
33521,4.469166055565714
33522,4.076744988699349
33523,2.5946851938686386
33524,0.8329216614924636
33525,2.0128972511335803
33526,3.7535587111443802
33527,4.405227860691473
33528,1.9789440287818452
33529,1.4067035308871523
33530,0.32431595189182116
33531,3.8701485755247913
33532,4.583508012996375
33533,2.6064140027220004
33534,3.708238593726033
33535,2.9096088512561726
33536,3.6001208475347153
33537,3.6439342653583164
33538,3.8011590128431805
33539,4.4505528456771515
33540,4.197265946071295
33541,2.641537770296957
33542,3.4911773810394537
33543,3.641838574197275
33544,3.9453680300352807
33545,4.05179921726151
33546,3.0791509328990077
33547,0.4851990943088042
33548,1.1317772110813387
33549,1.0828122205042316
33550,1.0519612009200592
33551,3.9992515688907533
33552,3.571993362693544
33553,3.830332717415818
33554,4.281963479451846
33555,1.8041889575603456
33556,3.6555538393635274
33557,1.1852976917758853
33558,4.321943334473545
33559,0.27727710659168703
33560,4.027121438481402
33561,1.9531261516603062
33562,3.5977335044487893
33563,3.109270523120755
33564,1.5047364349657553
33565,3.372416071727761
33566,3.2041568300899446
33567,3.7404334397359644
33568,3.8531393792501385
33569,3.6399851101995853
33570,4.0496760728586105
33571,4.448948843229582
33572,2.8021185648962037
33573,1.4940781554911167
33574,1.84002909226325
33575,1.9569568183186916
33576,3.9520296829579893
33577,4.1199874174929905
33578,4.389162834523151
33579,4.123131139225354
33580,3.688547090220143
33581,3.2643457386599297
33582,2.1277628680345435
33583,0.8670594269776205
33584,3.863682199468544
33585,3.863682199468544
33586,4.643117493467165
33587,4.186998578483471
33588,3.0141031002560887
33589,2.3301104458905284
33590,3.481652715840004
33591,3.8931797079937964
33592,4.299339863252816
33593,4.322221691797129
33594,4.015889405267438
33595,3.291281153343501
33596,1.224476360434124
33597,1.0456170646860277
33598,2.3758609628375966
33599,3.6030424792240225
33600,3.4834344827795465
33601,3.687235354230003
33602,4.546488130862253
33603,3.690872106130806
33604,2.0745082017113154
33605,1.414781387724896
33606,2.380801654197361
33607,4.385062109422938
33608,3.947644218323874
33609,3.8315652333064802
33610,3.874708621033635
33611,4.005615336375342
33612,4.76796278810798
33613,4.751204953341337
33614,2.7576685541200385
33615,2.5308355353451057
33616,1.2082617611173119
33617,0.8688127444970223
33618,0.7164806479307635
33619,3.3583674339152543
33620,3.797661961206106
33621,1.1719892664332372
33622,2.1147811267933934
33623,2.3250333475440232
33624,2.839039238563035
33625,3.7271417945797016
33626,3.1840526756431062
33627,2.248504348656133
33628,1.5387404158472353
33629,1.7489724119527923
33630,1.9959298765476445
33631,2.3922224045312603
33632,3.5555748320860867
33633,2.681049468828426
33634,2.3328259386208337
33635,0.6389604946711661
33636,0.5894885810718231
33637,0.5577409035841422
33638,3.6092025679970106
33639,3.676023031506225
33640,4.381853531636224
33641,2.445578172143205
33642,1.0552071793227973
33643,0.8064401534347135
33644,2.325077700861042
33645,3.7429626580844415
33646,3.8976422966537383
33647,3.8976422966537383
33648,3.8976422966537383
33649,3.916249697830493
33650,4.2829194145271225
33651,2.825205724519177
33652,2.4186587943921727
33653,1.8432874206673031
33654,1.2743312109999456
33655,0.7503754792513005
33656,3.290821912410933
33657,4.350949705791068
33658,4.00748656933352
33659,4.120476891250993
33660,4.7737787184694955
33661,4.641840399114726
33662,1.9724462648660954
33663,2.126417963484556
33664,3.986761629031346
33665,4.005615336375342
33666,4.787340130347383
33667,3.6867048881989355
33668,2.5571760466557825
33669,1.2895201658498572
33670,0.8539593000256207
33671,4.298591184435676
33672,3.8869138853136924
33673,4.115288923055176
33674,2.603940235842994
33675,1.0645547530489825
33676,1.9309600187135398
33677,2.50242470309791
33678,3.4643865527236932
33679,3.6150477458815145
33680,3.9857106488917005
33681,4.080834790885834
33682,4.158563095276002
33683,4.425228976166993
33684,3.523054295564471
33685,3.015247405435196
33686,2.9798121078411777
33687,1.5441781530719907
33688,2.9375172161933607
33689,3.5171014744244653
33690,3.1106742286124236
33691,1.028641505297961
33692,0.8764975056689829
33693,0.8549034414663335
33694,1.2478947644874476
33695,2.1771783172907893
33696,3.4028286041132416
33697,4.425522837316131
33698,4.158240000574925
33699,3.298537479212931
33700,3.286089449342324
33701,4.426603009753728
33702,4.424472756113065
33703,2.105410869438918
33704,1.0743366756277082
33705,0.48281922541811617
33706,0.5211787698339265
33707,2.1520839552257494
33708,3.8182671724971926
33709,3.6758524335263543
33710,3.930865029992531
33711,4.385043036954382
33712,4.144091003571427
33713,1.3248367088715824
33714,0.8498101187188621
33715,3.002534052686701
33716,3.734696186633335
33717,4.112995514452704
33718,3.400181320585029
33719,2.358949379007672
33720,0.29800320275076053
33721,0.8166548595999273
33722,4.062386968632236
33723,4.612999760937844
33724,3.435606637786
33725,2.869650503419489
33726,2.5733020311252757
33727,1.4674452878036084
33728,0.8604549131281061
33729,0.485882927001418
33730,4.052964319295861
33731,3.6480514732374454
33732,3.6480514732374454
33733,3.875653413215231
33734,3.9849436960888336
33735,2.5600944363144658
33736,3.417894749922614
33737,3.5726818798399065
33738,3.7344639046287345
33739,3.81073433927887
33740,3.3686162086027376
33741,2.7699012178453217
33742,2.434697644179246
33743,2.3782746130635046
33744,1.9480819565006908
33745,1.9398127666234402
33746,1.5313358397389605
33747,2.7648766157931655
33748,2.8043485101404606
33749,1.2258128265295591
33750,0.7171561234174529
33751,4.153602836579383
33752,3.5820537705744195
33753,4.39771886188433
33754,4.0146827378986405
33755,3.2812704373258508
33756,2.022295681120316
33757,1.3769950348077789
33758,0.6238217922383767
33759,0.8354620211844087
33760,1.9789328301894664
33761,3.4056917961206996
33762,4.455999093300533
33763,3.561040057900672
33764,3.561040057900672
33765,3.622829708198785
33766,4.00151585842591
33767,4.261192645023511
33768,1.9795208653285068
33769,0.9839704322980677
33770,0.33619206726035533
33771,0.7868823379718689
33772,3.7988691252461977
33773,3.68122440730454
33774,3.7243677950316947
33775,3.795542361897033
33776,4.272883671425982
33777,4.386183060808927
33778,2.030576893146838
33779,0.4639917817197193
33780,2.050034906371941
33781,4.001978420766107
33782,3.5665995881412065
33783,3.6104130059648076
33784,3.9034127442315634
33785,3.9896855095297368
33786,4.306819207902053
33787,4.040297168749825
33788,3.3143960115112576
33789,0.8565680313438189
33790,4.033060688899505
33791,3.613946650425932
33792,3.925382429931224
33793,4.2472817885693805
33794,3.9557619481681012
33795,2.2541218182455434
33796,1.763002105879231
33797,1.2725946122641825
33798,0.8189847159337353
33799,1.712366855242122
33800,2.4097694895750688
33801,2.96613919005417
33802,3.632732306374729
33803,3.72281403642133
33804,3.7523761662557216
33805,4.255714361693281
33806,3.0414664624842325
33807,1.76278285960076
33808,0.8946022476426634
33809,1.6649635079803344
33810,3.2671930785475163
33811,3.560739304405022
33812,3.8897798605706013
33813,3.363350708807356
33814,2.8228483227858128
33815,1.7267959785182792
33816,4.386954446797962
33817,1.4700560911233083
33818,0.3598270026555766
33819,0.7839929284001409
33820,3.8535396707719722
33821,3.8535396707719722
33822,3.8535396707719722
33823,2.183487605062669
33824,0.362887122765063
33825,3.0796973469358906
33826,3.709745293320779
33827,3.98381302562997
33828,4.241106203019832
33829,3.3848269189147637
33830,1.0315843660963895
33831,0.1580551509766068
33832,3.2003454257429573
33833,3.7654787416036135
33834,3.8701485755247913
33835,3.8701485755247913
33836,4.241982710071098
33837,4.396307483807714
33838,4.083725948903905
33839,2.124962895844621
33840,1.751211775507936
33841,0.9402708428726132
33842,0.3756039475015109
33843,1.7935785868427634
33844,2.828952919071177
33845,3.7687619863919886
33846,3.81784078666891
33847,1.7487631660960126
33848,1.2288830870807477
33849,1.1044222060240256
33850,0.8492219366329968
33851,0.8067182052583982
33852,2.0673771058559147
33853,2.479901784768018
33854,3.8690975953851456
33855,3.9453680300352807
33856,4.231973384363523
33857,3.6543790695520744
33858,2.396336183647138
33859,1.1629018508657338
33860,0.4685714660873921
33861,1.4417448805437476
33862,1.7077934758001745
33863,3.193519823944797
33864,3.4870660498023027
33865,3.8696727848840844
33866,3.4313514280562734
33867,0.30643014977719274
33868,0.7457178935070784
33869,4.073865058199932
33870,3.546405047295866
33871,4.135545194374251
33872,3.2747840370750194
33873,2.2732094553992637
33874,1.7549930435012555
33875,1.2389644665490012
33876,4.1200985344130965
33877,3.590308764634667
33878,3.5068709436894174
33879,3.313400773889811
33880,3.280016528240497
33881,1.514467988430457
33882,1.3197047799526906
33883,1.9257466406704242
33884,2.086556586736281
33885,2.4818976909047317
33886,3.0583970891323724
33887,3.746899659194738
33888,3.952767530571405
33889,4.260070300382822
33890,4.323549931332457
33891,3.8479687223405623
33892,2.711256004136832
33893,1.3629626721022055
33894,1.0736501984549278
33895,1.6754156439616836
33896,2.149576770533914
33897,3.820751106313752
33898,3.8732256718091054
33899,4.002804455815772
33900,4.002804455815772
33901,4.068286770339891
33902,3.6337027213346795
33903,3.1937575972905714
33904,1.6981647659954808
33905,0.9060204595849296
33906,0.7882279711034014
33907,0.7629742425205218
33908,1.222226860731337
33909,3.781227068608269
33910,3.7091919907972635
33911,3.798795653699182
33912,4.3386515513710995
33913,4.144497006960005
33914,3.1799186558672927
33915,3.9366429596291876
33916,3.3545731872515043
33917,4.247634101011172
33918,4.5297989182189
33919,3.9543320288698447
33920,3.4778198557812305
33921,3.2139800044620164
33922,2.349785076438
33923,1.261060579039417
33924,4.49164376197679
33925,4.085078248175624
33926,3.6202839647614478
33927,1.9955409231934433
33928,1.169486228276744
33929,0.9193975761536103
33930,1.252207925488232
33931,3.4768672753033227
33932,3.6998698701246586
33933,3.9061201192988584
33934,3.9061201192988584
33935,4.022041937928173
33936,4.676086165065861
33937,4.219215224455747
33938,0.9613519465375778
33939,4.1419559841192415
33940,4.21991553169739
33941,3.6645458859782645
33942,4.428085680504508
33943,4.517522315928648
33944,3.6174213922129757
33945,2.87436542003879
33946,2.567900249122457
33947,2.6660345398570433
33948,3.1691297695375344
33949,3.591114336044799
33950,3.8754050619442273
33951,3.9516754965943637
33952,4.049871869843733
33953,4.275055142967895
33954,4.040926881243869
33955,2.4282830266111186
33956,1.737869234325305
33957,1.2889035100150432
33958,1.6143656654639087
33959,3.077526156605814
33960,3.3362066734501696
33961,3.6273969265033683
33962,3.9912290418417844
33963,3.8850090853968826
33964,0.6280931885861086
33965,0.379201856038359
33966,2.01406683063075
33967,4.028940624839439
33968,3.4918414567322955
33969,3.5928683878333167
33970,4.195011951837552
33971,3.4098552950215133
33972,2.0832449805490927
33973,0.9952653223530354
33974,0.6160039109821723
33975,0.8743334119779821
33976,2.124814803605184
33977,3.81842149896727
33978,4.231213652285478
33979,4.513378469493206
33980,4.013581972002628
33981,3.338540566273165
33982,2.725951913355379
33983,1.7440336095035056
33984,1.2136016470596065
33985,0.5599392367987593
33986,0.766469416231662
33987,3.639859260413532
33988,3.928265771647048
33989,4.054610236271334
33990,4.418682258431929
33991,4.130125089619149
33992,0.3187504814844225
33993,3.072994948137061
33994,4.196179576776638
33995,3.689515230302331
33996,3.6343089867184024
33997,3.9061201192988584
33998,4.418682258431929
33999,4.712221342071907
34000,0.7129742453719471
34001,2.119858223897984
34002,3.653827946089551
34003,3.5779261282436416
34004,3.6127552245796504
34005,3.807693087627224
34006,3.807693087627224
34007,4.0212169648827
34008,4.385288987043295
34009,4.536378000576211
34010,2.8051416537122877
34011,1.4342179047473311
34012,0.9532283890607066
34013,1.776031015671371
34014,1.9159537835768736
34015,2.7528757872796037
34016,3.3283590941887904
34017,3.499073022388948
34018,3.963651829208615
34019,4.06144728381772
34020,4.2866305569418826
34021,1.4000534860936926
34022,1.124681482902189
34023,2.0256392836630206
34024,3.3584359366096694
34025,3.348117937560467
34026,3.4437700043136283
34027,1.883721688080385
34028,0.932328993652885
34029,3.255297910991599
34030,4.277992144194488
34031,3.3488172814041746
34032,3.6977270988559785
34033,2.0069447652456978
34034,0.4688358894713297
34035,1.951821057969893
34036,4.035188586766526
34037,4.034745267396688
34038,3.6549815154124237
34039,3.579865455705078
34040,3.8449312247939362
34041,3.994467722737303
34042,4.6023111358167075
34043,4.525260120849152
34044,3.3505168988874163
34045,2.717862219256698
34046,1.7522996099040162
34047,0.49911717609154893
34048,2.1043609751880408
34049,2.8560424731325127
34050,3.6735510846106907
34051,3.7724293872041224
34052,4.06128975221106
34053,4.053156358572466
34054,2.703809863009258
34055,0.6456901469588366
34056,3.7319517688573907
34057,3.6419164289374533
34058,3.8140199393952026
34059,3.8140199393952026
34060,1.935413288218514
34061,0.3498954614532247
34062,0.3572747979235493
34063,1.7632051292959188
34064,3.60866058721411
34065,3.568830675550977
34066,3.94547269268793
34067,3.678027462468265
34068,0.9565938892535859
34069,3.0019870880532236
34070,3.4232987720573513
34071,3.6375553623415326
34072,3.713825796991668
34073,1.0651626690122689
34074,2.648942569158995
34075,2.6767821037344786
34076,3.2156197943779525
34077,3.298490273568878
34078,2.220319283173148
34079,0.6867207093496521
34080,0.3374507331438434
34081,2.984700054047951
34082,3.5018217567162697
34083,3.630572352322671
34084,4.203462978860513
34085,4.353181457326048
34086,3.9701453333403567
34087,0.691765335810805
34088,3.1943560961648347
34089,3.5152683213625884
34090,3.5152683213625884
34091,4.200755891112913
34092,1.9033403389340136
34093,0.950508895625215
34094,3.903877570710729
34095,3.5495290441227185
34096,3.592672431849873
34097,3.7343972598743886
34098,3.7343972598743886
34099,3.8965963255861307
34100,3.189623691773845
34101,1.9543963667523456
34102,3.444423482315988
34103,3.8337112039016983
34104,3.9305318620622
34105,3.2438078701418993
34106,2.5725649754821807
34107,1.1065520936100037
34108,1.7931733412574935
34109,3.525394674971265
34110,3.977356288767055
34111,4.301937872365264
34112,4.192437419683918
34113,2.5166994851623867
34114,2.183533676876185
34115,0.7365986309174702
34116,1.5624354413054333
34117,3.3001950422413993
34118,3.6554676239685198
34119,3.971029241928791
34120,4.156722076490566
34121,4.200869992807818
34122,3.5033395043306834
34123,2.372166653846815
34124,2.740404483565802
34125,3.405763811597331
34126,4.027174958743436
34127,3.7397274853729283
34128,3.3085063399218924
34129,1.6506154521237855
34130,2.780265513001968
34131,3.836711405119526
34132,3.476742586239596
34133,3.5138716836461614
34134,3.7908130930932016
34135,4.327305399857941
34136,3.2602410112316433
34137,1.8379895204188785
34138,0.836324456650594
34139,0.3652713449088993
34140,0.6361015005283542
34141,1.786778905554704
34142,3.4256148142632616
34143,3.774318873085504
34144,3.777618718722323
34145,4.408729301655116
34146,3.2815449359076982
34147,0.41296338740527944
34148,0.28326002573910486
34149,0.6850302336206769
34150,3.934691935835112
34151,3.616270962937423
34152,3.816065333849563
34153,3.934178635519038
34154,0.7125942677062359
34155,2.706472424820897
34156,3.624810593728849
34157,3.023155813256403
34158,3.800447035194926
34159,4.199796205186058
34160,3.300243785786699
34161,2.5302334763275063
34162,0.23961648195331764
34163,0.19491861293433044
34164,2.651763306584623
34165,3.5310489812394787
34166,3.748139246339045
34167,4.405227734148292
34168,3.2465243974016986
34169,2.565357243902463
34170,1.6725826397015187
34171,0.677275572644978
34172,0.7297746939781176
34173,2.32997037083133
34174,3.350978249525435
34175,3.530676499213185
34176,3.857978745104682
34177,3.857978745104682
34178,4.189786879478483
34179,4.247493486099643
34180,3.593942315641475
34181,2.320155657252644
34182,1.4038852407444966
34183,0.3557564616953838
34184,3.0533206924307783
34185,3.9023430266035497
34186,4.134259498952118
34187,4.160640987113996
34188,3.7698959635052187
34189,3.601700698313195
34190,3.370914674145674
34191,3.6448440860403495
34192,1.1091171653813914
34193,4.267098965588082
34194,0.21008656803468623
34195,3.9520026502059222
34196,0.6186813228248024
34197,2.619638861483196
34198,1.7967913963632618
34199,2.07256970773858
34200,2.9348600721598874
34201,1.3466981697347176
34202,3.198005620766893
34203,1.349114732664168
34204,3.5750985644302236
34205,3.952767530571405
34206,4.326932583986643
34207,1.3499534885128182
34208,3.9104516546065247
34209,2.982830739111382
34210,2.2187823864850436
34211,3.6609215020346246
34212,1.7005659745870358
34213,4.317182652891494
34214,4.349337165381846
34215,2.796048394382749
34216,2.5448990943422496
34217,2.0369003072751717
34218,3.362442753006017
34219,3.798795653699182
34220,3.943141457837727
34221,4.635725637478853
34222,2.955857756248728
34223,1.8310226201504276
34224,1.0756018288010163
34225,0.8486194608874759
34226,2.1682455008517794
34227,3.4850850033008975
34228,3.626987505021121
34229,3.834026060526261
34230,1.9090349204957675
34231,0.9431569873139236
34232,3.4247322442504777
34233,4.2587870801105225
34234,3.3657148425553327
34235,3.4005439388913414
34236,3.601301549031408
34237,3.601301549031408
34238,3.2875121601219783
34239,3.2240614784149906
34240,2.562877945289932
34241,4.527305155300006
34242,4.223197164384188
34243,3.6640543552416895
34244,2.6668059933606667
34245,2.439972974585734
34246,1.3726725746447963
34247,0.5754955932770899
34248,0.9485818694579498
34249,2.07218250857918
34250,3.17618023232322
34251,3.7601719498475474
34252,3.699374982314273
34253,3.8916218823984785
34254,3.908303656224207
34255,4.152919684529366
34256,1.3974724787951556
34257,0.9866337653059031
34258,2.1520286488380314
34259,3.6627076994534504
34260,3.9516754965943637
34261,3.6821191119186394
34262,3.0885865798759626
34263,1.4134925257319975
34264,4.277394469401102
34265,3.500730463200623
34266,2.610461327459068
34267,2.2622377972514753
34268,0.47732845539650043
34269,0.8701271708421069
34270,3.578555744989961
34271,3.4547123593257303
34272,3.5928683878333167
34273,3.5928683878333167
34274,4.525401223588969
34275,4.339351960112759
34276,2.8069796343801294
34277,3.1251720759107697
34278,4.20886916594788
34279,3.61126729490262
34280,3.648396392309185
34281,3.81842149896727
34282,3.81842149896727
34283,3.8570960503629577
34284,4.43944784426342
34285,0.42426826009472046
34286,0.3103757239943826
34287,1.9173787542910747
34288,4.135091231453201
34289,3.7298946003334694
34290,3.6746883567495408
34291,4.712221342071907
34292,2.539237917526267
34293,1.3965292952000354
34294,0.7754776612023498
34295,3.5994798903823937
34296,3.9061201192988584
34297,3.9061201192988584
34298,4.151003196653621
34299,2.6868621827532064
34300,3.3807208810170377
34301,4.0401701347797
34302,3.561129394870083
34303,0.8737566781856649
34304,3.8873813945584788
34305,3.963651829208615
34306,4.350110187891517
34307,2.9092239664718194
34308,2.1024643821390363
34309,1.6024811442180231
34310,1.1179084454676305
34311,1.5384349745280967
34312,3.0950852181319544
34313,3.4622571055390017
34314,3.0400860872430653
34315,2.393894385969295
34316,1.5346360323240027
34317,0.7929424409687076
34318,2.029647624169147
34319,4.010709307453282
34320,3.181176367948216
34321,3.2250211786661027
34322,4.363703086686054
34323,3.2851539765030435
34324,2.680991020397208
34325,1.5172169053278943
34326,3.0764846004366118
34327,3.8449312247939362
34328,4.082533627173839
34329,0.5426566354386231
34330,0.9335601732952299
34331,3.8301429420466615
34332,3.6735510846106907
34333,4.36022050432023
34334,1.838429228130537
34335,1.1715550006192688
34336,0.3860832515003452
34337,1.796367551985187
34338,2.7436401500457595
34339,3.691453641929684
34340,3.8140199393952026
34341,4.003233321164701
34342,4.581898044230599
34343,4.080812221892074
34344,1.3665253470034224
34345,0.6488197176220024
34346,0.655362430284124
34347,3.891099374257107
34348,3.5400920219145044
34349,3.568830675550977
34350,3.489696253839788
34351,3.823947650973587
34352,3.036814277927706
34353,2.1314065272820413
34354,0.7955143807184702
34355,3.466442159784506
34356,3.713825796991668
34357,3.504171503333863
34358,0.9811077111682672
34359,3.006246662232529
34360,0.9201684778700489
34361,2.730430214444419
34362,2.123002993782079
34363,2.379482868294448
34364,3.410128417654795
34365,2.2518475728973595
34366,4.356356725983594
34367,2.323059837178707
34368,3.716322072530696
34369,1.8928671806158934
34370,3.590308764634667
34371,1.4314939931553683
34372,3.590308764634667
34373,1.430178154398461
34374,3.703655078629304
34375,1.5522498482934708
34376,4.135341666687549
34377,2.509181526486132
34378,4.26629985479626
34379,2.412231607606958
34380,3.6280369712994607
34381,3.298490273568878
34382,3.7037562714675833
34383,4.009727167294322
34384,3.876497095921268
34385,2.7337603687711023
34386,4.03488702725866
34387,1.1552246851602008
34388,4.25708191847474
34389,0.2534968094141128
34390,3.432191734805099
34391,0.15135759209293723
34392,2.8681799203720773
34393,-0.057251754208798356
34394,2.4593567736275377
34395,1.4901859509958653
34396,1.5256583114571414
34397,3.937471664651133
34398,1.335343382029163
34399,3.4646926593097045
34400,1.7839521196126995
34401,3.630572352322671
34402,3.8012258631294142
34403,4.5137280210720245
34404,4.137168912710098
34405,3.220989260283673
34406,2.158948942589035
34407,2.424469045227008
34408,4.355303210049715
34409,1.9640503371129563
34410,4.127579546562948
34411,1.318749690800418
34412,3.7463210882038287
34413,0.8499050364589792
34414,3.798795653699182
34415,0.3292431242600784
34416,4.6006159219436995
34417,0.29994659407334645
34418,3.5764260832822967
34419,4.066410484775015
34420,2.278026212704685
34421,3.949810096184265
34422,0.9108975300743561
34423,2.500395603318039
34424,1.2317553520271451
34425,1.4765223180815836
34426,3.319787770801255
34427,0.2229407312608997
34428,4.298612952117267
34429,2.8820954066327644
34430,3.317444089844939
34431,3.9118532470886036
34432,3.626987505021121
34433,3.6370041802074486
34434,3.626987505021121
34435,3.7343972598743886
34436,4.2606643153995405
34437,3.9475505423113506
34438,3.027616619982043
34439,2.5302334763275063
34440,1.055992780263896
34441,1.580645246415659
34442,0.9431569873139236
34443,0.7221678888590386
34444,2.197550727864052
34445,1.8728452938853881
34446,4.49504527168102
34447,3.775513143044678
34448,3.58580819789945
34449,3.5631458829814613
34450,3.601301549031408
34451,3.8337112039016983
34452,3.471660170540969
34453,3.8337112039016983
34454,3.865752088657222
34455,4.255113445660409
34456,4.064300581551719
34457,4.561843485404146
34458,0.9110832847624644
34459,4.369240949476472
34460,2.1889300073459292
34461,3.98545279986436
34462,3.785779273285125
34463,0.6449328358377152
34464,3.743013257851813
34465,0.669572702136262
34466,3.9061201192988584
34467,3.7980412265833405
34468,4.386113960088767
34469,3.8461616322447556
34470,4.692843999832504
34471,3.9009175792826367
34472,3.017191839906296
34473,1.6924139645098726
34474,0.7278276898433487
34475,1.1947479562333003
34476,3.908303656224207
34477,0.7119403947218594
34478,4.064013658343913
34479,1.8473133967262798
34480,4.579174694037424
34481,2.2598380756383807
34482,3.1039488690172767
34483,2.8162077761174817
34484,1.6255231616055283
34485,3.483349198592174
34486,1.0989329714668783
34487,3.625905494134128
34488,1.0344432597954731
34489,3.6554676239685198
34490,1.9598521237512276
34491,2.970878321114874
34492,3.697536795789459
34493,2.1375572974532075
34494,4.33853477391753
34495,1.0207883887338698
34496,3.4015925603164896
34497,0.5740488766834818
34498,3.0931901148837344
34499,1.5150320940436457
34500,2.1748524351234337
34501,1.8920780948186386
34502,1.274293403531388
34503,3.7928713182833995
34504,1.83131642824608
34505,3.9224501022900666
34506,2.2276089562296946
34507,4.167698260362442
34508,3.5995573919278847
34509,4.19407974852432
34510,3.861650257835118
34511,2.7522601814164545
34512,3.9912290418417844
34513,2.1653078679007023
34514,4.097380729219706
34515,0.2534968094141128
34516,4.309548981891455
34517,0.66749033648846
34518,3.1964189363088447
34519,1.8181677415148094
34520,1.7939242219333968
34521,3.8505715679170858
34522,0.49699434451988755
34523,3.557740478772764
34524,3.3291489695115937
34525,3.709526477241931
34526,4.278424953486287
34527,4.428913925830965
34528,3.764253808357095
34529,4.0154758905805545
34530,3.9323750197072576
34531,1.3946632716993919
34532,2.3911511032289847
34533,0.23621782498730645
34534,0.4833047844913844
34535,0.23130300412443244
34536,0.38686933808555424
34537,2.8399733542998815
34538,4.1967151445772135
34539,3.9086174145191275
34540,3.6833023727136256
34541,3.774318873085504
34542,2.3194049832283747
34543,4.405717273407839
34544,3.090559015155075
34545,1.5687128508112547
34546,4.1779317662836295
34547,3.922034565902219
34548,3.928265771647048
34549,3.5724575451138216
34550,3.928265771647048
34551,3.816065333849563
34552,4.586996030229264
34553,4.524115438312491
34554,3.5749642204050915
34555,4.344791106780875
34556,2.7952377613741133
34557,1.3305230044926584
34558,1.8731924537022975
34559,0.15459606133693263
34560,0.69073622092852
34561,0.04025796012150638
34562,0.4726527410412584
34563,0.034445973308336535
34564,1.9261550662286997
34565,0.3809392490428059
34566,4.070039734315832
34567,1.5316166540691551
34568,4.054610236271334
34569,3.703099976238528
34570,4.607874137263735
34571,3.800447035194926
34572,3.5958423274395637
34573,3.901610337175876
34574,2.9687589457504058
34575,4.538182901467516
34576,2.4663134858964106
34577,4.335870729897116
34578,1.3994693125346074
34579,2.048782369450127
34580,1.0426103512701226
34581,1.675031249113442
34582,0.5235992550281032
34583,0.8624241868417308
34584,0.896685531208963
34585,0.5108640308988013
34586,4.289197523634415
34587,2.7324192387696185
34588,4.125573244928237
34589,3.6013046563281037
34590,3.7910113138014947
34591,3.462833099327758
34592,4.354467339370034
34593,3.506646517151359
34594,3.0606220218401274
34595,3.7314574725133154
34596,2.5130776750836223
34597,4.136829192160697
34598,1.1678549310792878
34599,1.1510364310498655
34600,0.9270087464112191
34601,0.7197793040195766
34602,2.329420004391918
34603,2.9215421892286675
34604,3.4642439260529394
34605,3.486863081389584
34606,4.071142894513462
34607,3.781708310454547
34608,3.7123351251882326
34609,4.004094044916709
34610,3.432191734805099
34611,3.9913624633509075
34612,2.944659264065838
34613,1.888291849190191
34614,2.327566044899437
34615,1.0850551948348517
34616,1.6979601216436433
34617,0.6302566984788723
34618,2.8029104697044778
34619,1.5759377575273097
34620,3.386275471185153
34621,3.3320905569946118
34622,3.2652474583695414
34623,3.360600121666542
34624,3.348117937560467
34625,2.1446114714845814
34626,3.5761027825100857
34627,0.1079473507135108
34628,3.625068875478827
34629,0.1953722460851256
34630,3.197740967886685
34631,3.575755271197766
34632,2.6579755886279415
34633,3.44902555802116
34634,0.814536505171357
34635,3.5750985644302236
34636,1.1185323310309507
34637,4.096182229494604
34638,3.2183054653547813
34639,3.214502860032842
34640,3.2250211786661027
34641,3.2250211786661027
34642,4.1183989502934875
34643,4.384101438230262
34644,3.980666962700363
34645,1.0143948186579466
34646,0.3361367629805419
34647,0.37449630739635215
34648,0.8011436529435432
34649,3.5427363582985127
34650,3.8449312247939362
34651,4.333337274712738
34652,2.3113152891296935
34653,1.29137517219873
34654,0.6866419035338078
34655,3.6842918247077536
34656,3.612329111728606
34657,3.5248539756438757
34658,3.5679973633710302
34659,3.6735510846106907
34660,4.365737893476276
34661,3.3295931792156708
34662,2.259695567843874
34663,0.6041667313876069
34664,0.1513207403131863
34665,3.0897988614572385
34666,3.676745525273462
34667,4.327814904762909
34668,4.529489722257941
34669,3.336352826622202
34670,2.770396692255691
34671,2.4740482199614777
34672,2.9146655836796196
34673,3.8401401548547978
34674,3.637293080573394
34675,3.5655171994869557
34676,4.077858783745425
34677,2.449068664832345
34678,1.6381129040938944
34679,1.190789880656554
34680,0.7622871113675735
34681,0.8147862327007128
34682,1.7633805555286555
34683,2.004680144034974
34684,2.425487689825583
34685,3.2832880034337313
34686,3.2917748165344687
34687,3.4428814120856663
34688,1.881534218575302
34689,1.2248707645591395
34690,1.0901058924659404
34691,1.8772072421839723
34692,3.869203865675314
34693,4.036108655456202
34694,3.619278213251322
34695,3.188057067800286
34696,1.8914845429742886
34697,3.979192385618511
34698,3.5456905518428723
34699,3.630572352322671
34700,3.8474433238895283
34701,0.45829664418167104
34702,1.8170678851507167
34703,3.2438268510819506
34704,4.294134148261783
34705,3.020237939157314
34706,3.057367036563879
34707,3.5152683213625884
34708,3.5636760607312494
34709,4.241984214914399
34710,3.942620526643623
34711,3.2370187735070477
34712,0.35711729361625805
34713,0.21677763209026807
34714,0.6431856525982652
34715,1.7940949906576789
34716,4.2211779091843376
34717,4.5201086612935075
34718,4.331338691923464
34719,0.9541686781843892
34720,0.40344053788349166
34721,0.28526603001512163
34722,0.34038260405144916
34723,2.805261976826669
34724,3.824788808279552
34725,3.488236900139589
34726,2.0652169494554484
34727,1.691465829118763
34728,0.34600857966893755
34729,0.3183352750986712
34730,2.849249571581461
34731,3.855871076412949
34732,3.5540271683305487
34733,3.4822512872441105
34734,3.8294798584190257
34735,3.8461616322447556
34736,4.433695171265797
34737,3.2027126218967203
34738,0.8852187871512273
34739,0.6895420833203151
34740,3.4402058108650193
34741,3.8826940813226574
34742,1.686602333206266
34743,1.2679631477836808
34744,0.7651596150292431
34745,0.5937822898237571
34746,1.1709066346959165
34747,3.1269939470334975
34748,3.434273376269261
34749,3.9224501022900666
34750,1.031724186339325
34751,0.6867207093496521
34752,0.15135759209293723
34753,0.23834423915083958
34754,3.709526477241931
34755,3.709526477241931
34756,4.0869922270817325
34757,2.4808835037339527
34758,3.9501265396305834
34759,3.554025213513268
34760,3.462743911669827
34761,3.774318873085504
34762,4.09189579966239
34763,4.0163082347887515
34764,2.5240970524992803
34765,2.1128994636933105
34766,1.0234535504035254
34767,0.2392779450967929
34768,1.8357076386470272
34769,2.9025077344493364
34770,3.691179945779295
34771,3.816065333849563
34772,4.198919698134792
34773,4.032209571877065
34774,3.3086463925202696
34775,1.9027635023873524
34776,0.955403839701895
34777,3.584377575573055
34778,3.628190993396656
34779,3.800447035194926
34780,4.023289194993309
34781,0.438826929563101
34782,1.6344646700200323
34783,3.748139246339045
34784,3.924296196067472
34785,4.2224820640776555
34786,3.916515966467715
34787,2.163702352067831
34788,0.8808588125546933
34789,1.578796963238269
34790,1.9174456919192286
34791,3.0029704065045135
34792,0.8822835128284515
34793,0.33602304855510845
34794,0.9328808065675428
34795,1.3098891622708826
34796,2.1326501013309205
34797,3.7727642425968826
34798,3.9023430266035497
34799,3.993736197333109
34800,2.7698766218584905
34801,1.728008431165852
34802,0.40350722363484887
34803,3.899454607239062
34804,3.411896460614595
34805,3.5750985644302236
34806,3.662461716583025
34807,4.406447271706116
34808,1.820199452674768
34809,2.6224237654849976
34810,3.9354620177159414
34811,4.6514506489470255
34812,4.702793536698554
34813,5.039071359373398
34814,4.088465264915438
34815,2.010780685337716
34816,3.0994321594717325
34817,4.660273702973841
34818,4.750769364435637
34819,4.7939127521627904
34820,5.072839238059965
34821,3.2274229816577242
34822,2.409509166825865
34823,1.7389583842376448
34824,1.9631030067190447
34825,2.3100488929672927
34826,2.7073094741009602
34827,4.989649330995397
34828,5.049706035917686
34829,4.833218110234003
34830,4.492807822967387
34831,3.9853217784569606
34832,2.356914256991578
34833,1.23457668972345
34834,3.8886231526431843
34835,4.799224537199576
34836,4.7869298229775925
34837,4.884265364772065
34838,5.171670577966095
34839,5.367504728778202
34840,5.011458018703033
34841,1.788631401342533
34842,3.798717030063295
34843,4.809178141591757
34844,4.926949384237988
34845,4.671789504535064
34846,5.194814823872368
34847,5.038853902507704
34848,3.029696560782436
34849,1.6356637173240463
34850,1.812699276055273
34851,4.352455344318266
34852,4.600730527676041
34853,5.285498521160903
34854,4.533142889675033
34855,1.8511296010781697
34856,2.729082581673005
34857,4.593301061029718
34858,2.222320605275942
34859,1.0850715877957262
34860,2.5560823578593532
34861,3.708989375846342
34862,4.706401057854813
34863,5.2150155791765
34864,4.87785266475594
34865,4.878182973801821
34866,5.081820025620011
34867,5.325983867569759
34868,4.551714764803121
34869,3.320711499971521
34870,2.7504128758724473
34871,4.583988972691797
34872,4.726830901299706
34873,5.021994228688901
34874,4.223708301783982
34875,3.895499675957326
34876,3.8061319802880837
34877,2.5302352466411606
34878,1.9531574158850091
34879,2.3490219511962476
34880,2.776950409392315
34881,4.240930280135705
34882,4.859355777849583
34883,4.859355777849583
34884,4.989643433037282
34885,4.406250647757513
34886,3.3393999169731363
34887,2.949169661189054
34888,1.3502295204961385
34889,0.9683909258822184
34890,3.8693888481630374
34891,4.481295371252766
34892,4.665957615647407
34893,5.010607180389279
34894,2.7748085034228325
34895,0.9337215902960303
34896,4.712455058515239
34897,4.625995956857122
34898,4.765359295277458
34899,4.812250888872714
34900,5.258770376018776
34901,3.645553343691548
34902,2.0495977713411055
34903,1.1847200953424966
34904,0.9481775689303091
34905,1.2864845388023993
34906,4.751748114470067
34907,5.201764564653013
34908,5.053808524867427
34909,5.502074815033014
34910,5.370136495678245
34911,4.483936506803107
34912,3.710952553194712
34913,2.2956587397162695
34914,1.3250030779752506
34915,2.462266724790166
34916,4.954800556885353
34917,5.067369936745314
34918,5.32333707856657
34919,5.411289022102729
34920,3.812629012550529
34921,3.4887255239768398
34922,2.2872809864350967
34923,1.7107662356955593
34924,5.171652572953489
34925,4.90394609474239
34926,4.90394609474239
34927,5.039023332158798
34928,5.294990473980053
34929,3.612051661738038
34930,3.285030521629379
34931,2.3307771507113397
34932,1.9549099335297158
34933,1.595282506744573
34934,3.6048017528694665
34935,4.849953608966923
34936,4.274581895662604
34937,3.625917573697184
34938,3.0476757370646093
34939,2.8379885961166713
34940,2.1731732541012603
34941,4.27917019046388
34942,4.321556368499312
34943,4.10164944938924
34944,4.2954784900773095
34945,4.221517499975867
34946,3.3681415317922325
34947,2.151623692335204
34948,1.4528991931597854
34949,1.676213239842508
34950,4.132952287023103
34951,1.0993299457826444
34952,3.54781480684856
34953,4.538154723390927
34954,4.96442865775474
34955,4.65534386266962
34956,4.803032537482325
34957,4.855216426543688
34958,4.990335707649107
34959,1.058354221866043
34960,0.9811955155492657
34961,1.4496177133264172
34962,2.5958748320581724
34963,3.332680772685733
34964,4.306781241599884
34965,4.666004776884524
34966,4.56899593460467
34967,4.650435675040418
34968,4.712267315035742
34969,4.231763225043573
34970,3.5775821944576593
34971,1.1981333388620112
34972,4.1188068795230945
34973,4.748337293722436
34974,4.80606489744931
34975,4.80606489744931
34976,4.985975797916487
34977,5.202452501175353
34978,5.355295705347396
34979,3.3477562862055867
34980,1.1157347740890975
34981,4.742300418861038
34982,3.0094083902604263
34983,2.27729651487095
34984,4.435650894258815
34985,4.745860050718298
34986,4.198389471808186
34987,2.9104936591971886
34988,2.4031914708510693
34989,2.4249810138150503
34990,1.6606836348436032
34991,1.9656852744674225
34992,4.01061405845316
34993,4.140376131239339
34994,4.140376131239339
34995,4.758316565480305
34996,4.407893018775
34997,3.547205539147839
34998,2.660545991177786
34999,0.6808498100476122
35000,4.860559768544257
35001,4.603756725256124
35002,4.54546390628241
35003,1.4806152566185113
35004,0.7845825186690485
35005,1.2034700080315133
35006,2.304228874210368
35007,3.7947607793998843
35008,4.47544547977443
35009,4.536196262990307
35010,4.8987461502094085
35011,2.2622984027998716
35012,3.29372436137586
35013,4.613843934709061
35014,5.05469538852795
35015,5.252386205341473
35016,5.150661223678821
35017,4.091793737601747
35018,3.384819161522174
35019,1.5725676491715668
35020,2.31859726208419
35021,4.7700876293002805
35022,4.462557579078804
35023,4.827764140782721
35024,4.827764140782721
35025,4.923017143146171
35026,5.139493846405037
35027,5.344983950853127
35028,1.8353063523027695
35029,2.2389253094562944
35030,3.297506493224106
35031,4.789726139750124
35032,4.511064669650079
35033,4.8012514786880685
35034,4.8648248461090535
35035,4.960098765518842
35036,5.176575468777708
35037,5.016806618241391
35038,4.10992933452674
35039,2.4444655172327336
35040,1.9512493039868941
35041,1.2931384166643551
35042,2.284057677828873
35043,3.625256761193252
35044,4.212944682650751
35045,4.50102936060429
35046,5.00305181039566
35047,4.700635147650139
35048,2.952834493062988
35049,1.754117647616947
35050,1.3654520556704572
35051,1.0648132127249583
35052,4.899415741968418
35053,1.2892188311757937
35054,0.5655461615622375
35055,0.6955584868284785
35056,4.840232908263298
35057,4.5164980972901665
35058,4.55362719469673
35059,4.67104239071015
35060,5.134074761320122
35061,4.095869272070903
35062,3.271748155722266
35063,0.686202834826556
35064,1.1180700788554838
35065,2.2553337256704
35066,4.571354951332148
35067,4.435917610032929
35068,4.776106635471795
35069,5.233644218435607
35070,2.9291427509514785
35071,1.7268222067355712
35072,1.0128331515531808
35073,1.154748677315618
35074,4.435282986958918
35075,4.606278526169714
35076,4.890526403436213
35077,2.7149305813926863
35078,4.058640488510963
35079,4.745823946629356
35080,5.2851858537497005
35081,5.13784270330272
35082,1.487691883025721
35083,3.384819161522174
35084,4.91332625625719
35085,0.981445708812398
35086,5.181643123779852
35087,0.6474904862919004
35088,4.694594036674179
35089,3.9907909841832745
35090,4.574095679611682
35091,4.4934281366279345
35092,5.026375244417455
35093,4.778841443281122
35094,5.056892608022341
35095,4.871963858042485
35096,4.398646613996026
35097,5.062044845713324
35098,2.0517405612555715
35099,4.838958384993248
35100,2.0160256066039817
35101,1.327874888613408
35102,2.47522157346189
35103,2.0130362908970216
35104,4.960810626529085
35105,2.798350582146376
35106,4.960810626529085
35107,3.7305911743044375
35108,5.007009386103828
35109,4.5094833955454465
35110,5.106400034287916
35111,4.829884327895567
35112,3.6918620676509226
35113,3.8513342227101903
35114,2.191584706094934
35115,1.515361777229433
35116,2.0370213578112226
35117,0.9355423472107423
35118,2.157150664635887
35119,0.849590236513479
35120,3.8344459203095984
35121,1.3457787335616687
35122,4.574461602729307
35123,4.199424805789466
35124,4.702469251563058
35125,4.793989438410776
35126,4.891205611213583
35127,4.8641925487067565
35128,3.527874092171577
35129,2.403986115713632
35130,2.7249199528709056
35131,1.704518648692502
35132,4.881483609686882
35133,2.2129201650383226
35134,4.712765435541459
35135,4.5530537927583685
35136,4.749894532948023
35137,4.374770958328087
35138,4.749894532948023
35139,4.585688027270728
35140,5.332395013243048
35141,4.666385945633931
35142,3.613121651438591
35143,5.201026685122033
35144,4.624897910939808
35145,5.061166009016735
35146,4.671789504535064
35147,4.058355507911728
35148,4.877088479302366
35149,2.427086658940768
35150,3.7529178974776602
35151,1.439461358452427
35152,2.6904203236170456
35153,5.068460091889412
35154,5.331484663945967
35155,4.5869727235094935
35156,4.5485466386146785
35157,4.600730527676041
35158,4.4056430171986545
35159,4.802453996580593
35160,4.117910048102202
35161,3.9604881357181987
35162,3.2539148094419588
35163,1.8990930770790044
35164,1.5078970450000464
35165,1.4995827536089004
35166,5.117996252269797
35167,4.8895955275474865
35168,4.796659182337807
35169,4.954800556885353
35170,4.954800556885353
35171,5.290768780223408
35172,5.479501049904855
35173,3.849744136090675
35174,3.19556138371363
35175,1.5988257440372349
35176,1.2603466277368727
35177,4.802631673375554
35178,4.941756341222806
35179,4.941756341222806
35180,5.105948099494832
35181,3.919322814635156
35182,2.4980562463585083
35183,2.1605013200345544
35184,1.614339698687271
35185,2.467667964546104
35186,4.093032404415577
35187,4.761659997635713
35188,4.9597185925520435
35189,4.9597185925520435
35190,5.121384876872989
35191,4.620852195794904
35192,2.8701078007739866
35193,1.8792390647928299
35194,3.929141337804032
35195,4.600320987963339
35196,4.68288540024766
35197,4.929586728114993
35198,4.983807843356314
35199,3.9853217784569606
35200,0.8397909391081418
35201,2.5091603630863046
35202,4.81866483213773
35203,5.017848652621538
35204,4.582433683357543
35205,4.623630030151731
35206,4.665957615647407
35207,4.786446135311547
35208,3.117671787582718
35209,1.770158100853443
35210,1.2454147494573458
35211,1.4362909949209168
35212,2.6733586283366857
35213,4.783861733391917
35214,5.2031916701151
35215,5.139238273808196
35216,5.3201631557202775
35217,3.196999687988054
35218,3.6755799679594907
35219,4.808513310831658
35220,4.746280125198514
35221,4.909780196248274
35222,3.412945983770376
35223,1.383378977083777
35224,4.561688100324487
35225,5.089150980881196
35226,4.651285573842455
35227,4.686114670178462
35228,4.8890552559461025
35229,5.515636226910901
35230,5.098984944816969
35231,4.525089033227592
35232,3.2332196656400507
35233,1.2510684189968746
35234,1.0977772849182161
35235,4.918244632741463
35236,4.750561475554661
35237,5.344839552217322
35238,5.225729213127713
35239,5.055998871861735
35240,4.495422767460228
35241,1.4632664555522115
35242,2.248418224411493
35243,2.432505037757429
35244,4.4844919400435765
35245,4.991969344556308
35246,4.991969344556308
35247,5.053844062052901
35248,5.1532347102369895
35249,5.165867507476742
35250,4.67134262845451
35251,3.7553241019682164
35252,2.0312799660581726
35253,4.231411522175419
35254,4.266291166661569
35255,4.272831319917952
35256,4.051175124062142
35257,4.814683321036508
35258,5.023313591174377
35259,4.1700813844296665
35260,4.186701092926529
35261,4.625833690101487
35262,4.938400661199652
35263,5.10286321384078
35264,3.483611186539081
35265,2.767558205811081
35266,0.8864002592595416
35267,1.340116352431738
35268,2.477379999246654
35269,4.737486864426179
35270,4.986953003821275
35271,5.217717675457366
35272,5.385451601265689
35273,5.288495338000066
35274,4.259399952227444
35275,3.604911341282857
35276,2.1230462125876297
35277,4.612139322331823
35278,4.603544081445162
35279,4.650435675040418
35280,4.893022799703336
35281,5.090713616516859
35282,2.6736301256399195
35283,1.9375508233297534
35284,0.846544346426799
35285,2.2985483741548918
35286,3.237773208374602
35287,4.185586700258533
35288,4.8105704793555795
35289,5.314677601691169
35290,4.267188542244544
35291,3.6861114840762896
35292,2.8125566461000937
35293,2.1669786428388025
35294,1.2249211940691704
35295,0.8110838875967248
35296,3.341084009557016
35297,4.349153730346958
35298,4.726934827625579
35299,4.683878310419184
35300,4.62367595572165
35301,4.62367595572165
35302,4.694376392401506
35303,4.571498025506195
35304,3.895376612866353
35305,2.414190618027784
35306,1.4265529086871893
35307,1.3933256393362925
35308,1.4007827901399281
35309,3.0276206720601953
35310,3.9252475056674263
35311,4.392507506531662
35312,4.622698022472908
35313,3.7224000157461092
35314,2.058045527686174
35315,1.7851899886263518
35316,1.649728349484143
35317,1.8326460824513655
35318,3.314398167562283
35319,3.492652653925255
35320,3.535038831960688
35321,4.070845635062555
35322,1.8437099321270292
35323,0.5655461615622375
35324,1.8982912019113944
35325,3.4221900162465477
35326,4.416682347817112
35327,5.036482005455508
35328,1.537906496244569
35329,5.1231784479665885
35330,4.780496047011637
35331,4.875324244424578
35332,4.527204086016426
35333,3.2362420436553925
35334,4.574095679611682
35335,2.7338166099648498
35336,4.869341018107419
35337,1.9865918146078188
35338,4.007514129388215
35339,1.0627963882610094
35340,3.3017466694797317
35341,4.845068076579715
35342,2.819411692331959
35343,3.991134794593597
35344,2.3437508908311186
35345,4.522337073369686
35346,2.6724551250908304
35347,4.522337073369686
35348,3.9796703388962316
35349,4.102263502076549
35350,4.837648598283694
35351,3.3549812885127066
35352,5.119032831527669
35353,1.6348780349599514
35354,4.757899803664383
35355,1.1359327479015162
35356,4.274581895662604
35357,4.715743094640902
35358,3.4929314258391875
35359,4.665995071265863
35360,4.736541138207344
35361,4.911439937391066
35362,4.695881526267666
35363,0.9259441394509763
35364,4.891205611213583
35365,0.7296480001971819
35366,5.043870446236719
35367,0.7847645742335095
35368,3.2046688310393203
35369,3.2763217503862077
35370,1.4155483147418249
35371,4.145977915969802
35372,1.2793464605598746
35373,3.4271506606768485
35374,1.7628647669455189
35375,2.8777959090736265
35376,2.686173090591783
35377,2.4021206396924457
35378,5.1296730530791885
35379,1.2777680005935397
35380,4.7869298229775925
35381,0.8607461001489518
35382,4.424652052650003
35383,0.7897633885359363
35384,3.9311537817341695
35385,4.597264574583627
35386,2.889900314743367
35387,4.8648248461090535
35388,2.4226352739178347
35389,3.412681912506233
35390,1.674072010584491
35391,1.6559525869293525
35392,1.4192072581852595
35393,4.467347404200783
35394,1.3756399852242343
35395,4.577483084033938
35396,2.655222523954683
35397,4.577483084033938
35398,4.484851886383988
35399,4.99635289300303
35400,4.30278694908092
35401,3.813649752295415
35402,4.339916046487484
35403,3.229450575033085
35404,4.889311663726802
35405,2.4213033275793756
35406,5.375739705784449
35407,1.9814388173289361
35408,4.375013608618863
35409,2.2768530818381185
35410,3.986848171835541
35411,3.4794709991713413
35412,2.546530220149811
35413,4.3312671470058035
35414,1.439461358452427
35415,4.81588094594863
35416,3.96651113424642
35417,4.81588094594863
35418,4.387284440654273
35419,4.884685065289486
35420,4.691630054975567
35421,4.89947830732091
35422,5.023499870684092
35423,4.524455652381037
35424,2.766985139178279
35425,2.3833268249802217
35426,4.035922442060667
35427,1.1726227917633028
35428,5.2483091344549155
35429,3.2940137464691013
35430,4.83980257006496
35431,4.67104239071015
35432,4.8890552559461025
35433,4.70531874421735
35434,5.034801638402152
35435,5.0894710895053334
35436,5.496258884671498
35437,4.9128235006716245
35438,5.167196972619095
35439,1.349650887893978
35440,3.457351563968556
35441,3.31103312785942
35442,1.4578106651599192
35443,4.729215041876539
35444,4.767802577039547
35445,5.195626508156901
35446,5.337787167441266
35447,4.985790014893597
35448,5.387636245678535
35449,4.189307366760736
35450,3.6477326400801795
35451,2.2920123241305337
35452,1.7169609279397167
35453,4.6500919439933135
35454,1.6046617217787413
35455,4.776553887665733
35456,3.29605469710391
35457,4.823445481260989
35458,4.836556564306653
35459,5.271118390594676
35460,5.134017674112742
35461,4.163148592385365
35462,4.885486203381537
35463,2.0747136545941762
35464,3.1446409769552757
35465,1.5976703407589188
35466,2.0425446898378405
35467,0.7277556756285629
35468,2.0621567977600495
35469,0.5434743004038889
35470,4.5579348099279064
35471,0.5016307954072909
35472,4.696355508215181
35473,0.8629078273699349
35474,2.467246872198805
35475,2.000171474184854
35476,0.9379175384662831
35477,4.792715540224612
35478,1.378634461509094
35479,4.1850632732648485
35480,4.444166273846202
35481,2.861361329068305
35482,5.109099398452662
35483,2.3856860596871243
35484,5.338248734908432
35485,1.492308239130058
35486,4.73881216042746
35487,0.7225296766917328
35488,4.190729738146827
35489,0.963088705439704
35490,3.5291027035112457
35491,3.1115053095284173
35492,1.0301570367018613
35493,4.449614718804335
35494,3.6806827345130224
35495,5.143550580488314
35496,4.663125054263686
35497,4.914704747361869
35498,4.812250888872714
35499,3.4669320562714447
35500,4.87322555222502
35501,3.0232704388603233
35502,4.977471367082338
35503,1.860626563470596
35504,4.240710612101067
35505,1.2360946197337885
35506,2.6250636059006554
35507,2.354189973021822
35508,0.8152855158326616
35509,4.30234999848204
35510,2.4239801186503778
35511,4.553296813369046
35512,4.711451028862507
35513,4.4959601319005005
35514,4.95667178984353
35515,3.8670011299111415
35516,4.95667178984353
35517,4.242481013921345
35518,5.309775666688682
35519,4.793989438410776
35520,5.0578324183924845
35521,4.849461872027825
35522,2.7503358115838776
35523,0.9693249435369252
35524,1.0317899846485656
35525,0.604875318488173
35526,0.8789709429278708
35527,0.4895716700027983
35528,3.533007383933265
35529,0.5769965653744132
35530,4.7483478558116055
35531,1.0482238497112937
35532,4.954800556885353
35533,3.395152886275378
35534,1.4705163622824093
35535,4.359747421354559
35536,2.668360108549634
35537,4.220418352367815
35538,3.978132059911636
35539,4.5486527372411585
35540,4.6602356338616415
35541,4.585688027270728
35542,4.6950647301976485
35543,4.779867000080297
35544,4.840372727321405
35545,2.94090545561616
35546,3.9095387554423673
35547,1.4714765532482614
35548,2.8776071887849244
35549,4.242529446644162
35550,4.44966284370757
35551,4.935976636041143
35552,2.40775444987278
35553,2.085432758176263
35554,1.7776413955189436
35555,1.7181957353965147
35556,2.5324883463330914
35557,3.640743271319825
35558,3.962165660671677
35559,4.231411522175419
35560,3.832875567906751
35561,3.0320043680418287
35562,2.5500815790515796
35563,1.3166973389778351
35564,1.295103274775186
35565,2.5174295067682197
35566,3.7919890878336204
35567,4.315017224326171
35568,4.149665802896959
35569,4.186701092926529
35570,5.149932342195323
35571,4.902078138653313
35572,4.1448458032041815
35573,2.28126563753075
35574,1.7903708149944955
35575,0.8840722330271593
35576,4.6182147652630565
35577,4.855216426543688
35578,3.156357685579363
35579,2.600777297991156
35580,1.3032110396693757
35581,4.670895094536511
35582,5.185060425231632
35583,5.017045753652178
35584,3.0914611737157855
35585,0.6776103653648727
35586,1.1612847273399758
35587,4.713508197386429
35588,4.759173303854054
35589,5.010566964649657
35590,0.8078992936245828
35591,2.1871186017294715
35592,4.6407349226920305
35593,4.548045708489922
35594,4.424919898851713
35595,4.651066415646171
35596,4.803737613122357
35597,3.3226729125881134
35598,1.923322956452172
35599,1.6955623842697924
35600,2.575177196057135
35601,4.181248172708783
35602,4.745860050718298
35603,4.173075501197062
35604,4.208832729346501
35605,3.531372386815914
35606,3.1378927649329493
35607,2.8868482847937487
35608,2.2906426683579237
35609,3.2022878810587314
35610,4.773047242159237
35611,4.773109807511729
35612,3.031387456953137
35613,1.2892188311757937
35614,0.3274789722705818
35615,0.7700996672204283
35616,4.508334808875846
35617,4.619637729729224
35618,4.656673019758793
35619,4.656673019758793
35620,4.788567230823868
35621,5.2455071123713735
35622,4.064448822116082
35623,0.8488273492030673
35624,5.083401216406336
35625,4.179676975448228
35626,4.028263892000161
35627,4.814225418103979
35628,5.005159601538465
35629,5.012314651354341
35630,2.71591929855219
35631,2.187177128655266
35632,0.9379875407668499
35633,0.6944193966610602
35634,0.7005824958316919
35635,4.355118132044155
35636,4.791248363582667
35637,4.656987322436215
35638,4.703030361295433
35639,4.703030361295433
35640,4.8382186852690845
35641,2.766975326370522
35642,2.2913000569893414
35643,1.1813336152692737
35644,4.327484512051546
35645,4.588306921793489
35646,4.506370996902404
35647,4.780872547187465
35648,5.188563481231829
35649,4.949342194944074
35650,1.1406536167568604
35651,4.277934078438443
35652,4.554208057377232
35653,5.207092832382594
35654,4.869853641164469
35655,3.0375093786435414
35656,1.3496373762581229
35657,1.2842133866482401
35658,2.046894628955398
35659,2.7282182869534273
35660,4.42420401647363
35661,4.9431516007739615
35662,4.415454332396757
35663,1.1507653234222217
35664,1.5610017097731481
35665,1.8681711508506766
35666,3.955787262995601
35667,4.288210938873925
35668,4.639410568346706
35669,4.187408268668593
35670,3.561818713277621
35671,2.94002596633363
35672,1.6838593579590915
35673,0.6808498100476122
35674,2.30988643857822
35675,4.350459638586664
35676,4.611920013670445
35677,4.634007100680581
35678,4.893392997866536
35679,2.5868474468307006
35680,2.041597049066721
35681,0.8752896828055668
35682,0.6613206437476253
35683,4.411313118291121
35684,4.944701025886186
35685,4.473046707439493
35686,4.776106635471795
35687,4.776872769106378
35688,4.983044969707099
35689,3.382347065333938
35690,2.283031989024927
35691,0.7799013073072064
35692,0.7074064420654503
35693,3.3841202252935805
35694,4.892046264808195
35695,4.732027868884399
35696,4.823445481260989
35697,5.047162585712623
35698,5.116445792573424
35699,4.948431120993971
35700,1.4159858950906805
35701,3.1662144277646913
35702,4.084552596672646
35703,4.743947899343632
35704,4.618198556628947
35705,4.662011974452547
35706,4.792715540224612
35707,4.857958105093051
35708,5.048039092763889
35709,4.969828031723266
35710,2.061360398139141
35711,3.767903914024172
35712,4.60251029965179
35713,4.715268075860137
35714,4.778841443281122
35715,4.163220133572423
35716,2.4302265774495155
35717,1.596884364196011
35718,1.2286374689301534
35719,4.706722299650177
35720,4.829884327895567
35721,4.941863322446419
35722,5.001763532068117
35723,5.008623304979395
35724,4.79920651787134
35725,3.0400976232025276
35726,2.5781739572377935
35727,2.013191147555429
35728,1.7188247842477038
35729,1.18530053211258
35730,1.6554897496139624
35731,1.9215383448703898
35732,2.9406999232634123
35733,4.617519060808853
35734,4.864255114059249
35735,4.539934911181847
35736,4.2351273835608945
35737,3.5647459343881787
35738,2.8161915408097467
35739,4.411900055734651
35740,4.9920015782061675
35741,4.757528127441037
35742,4.487236040051096
35743,4.490922333285067
35744,4.263730204051911
35745,1.8518109977080548
35746,2.5082405161949013
35747,4.754475251957079
35748,5.07305623756418
35749,5.255964658370677
35750,4.6146880164522734
35751,4.031968188440594
35752,3.8330375466288564
35753,2.609929159275886
35754,2.152885601136282
35755,2.1703621949718603
35756,3.694759222314166
35757,5.121970779442546
35758,3.508763761706457
35759,2.551841685410627
35760,1.224705210154195
35761,1.5425896582303007
35762,2.4658979818765645
35763,3.6683480439279657
35764,4.426226800035877
35765,4.674416243428184
35766,4.728185162415332
35767,5.540245733262165
35768,5.519719941671821
35769,2.6435268468357154
35770,1.6353729056258395
35771,1.5439276068629604
35772,4.074754364809515
35773,4.256742700160869
35774,4.588616158208449
35775,5.563064634213221
35776,1.596964612365395
35777,1.2997746604569946
35778,1.6086265740266101
35779,4.887645421583779
35780,4.200709769042548
35781,4.465373292288064
35782,4.517557181349426
35783,4.517557181349426
35784,5.503839675728703
35785,4.88602303371003
35786,2.9674051316283
35787,1.359896055613468
35788,2.525009879644342
35789,4.563621900050578
35790,4.756629223738345
35791,4.805881909619488
35792,4.871627210558738
35793,5.086264565917696
35794,5.362660246480346
35795,5.666825978333628
35796,4.171608053986648
35797,1.1935423172838602
35798,4.471865464265621
35799,4.603587968143618
35800,4.795009627475206
35801,4.858582994896191
35802,5.409678633698205
35803,5.513308795998531
35804,5.3774038258953905
35805,4.24118673253113
35806,2.6984762388085293
35807,1.4772406495003305
35808,2.5861982669765182
35809,4.562616292403776
35810,1.9634747536678074
35811,1.9224700997646196
35812,4.594962425500941
35813,4.942566479224117
35814,3.643494847640273
35815,2.288885254371086
35816,4.54286759694716
35817,4.196764847547423
35818,4.607212955085147
35819,5.525573663337204
35820,5.010267886828019
35821,4.719352618509287
35822,4.579951707937071
35823,4.939272403685372
35824,5.225713664009944
35825,5.446095304447549
35826,4.562574529997036
35827,3.9674172615875176
35828,2.881279680564349
35829,0.8691076327602757
35830,4.547236419966578
35831,4.663106778871899
35832,4.873498443516915
35833,5.557461424107017
35834,5.329288144793043
35835,1.3446798721251259
35836,0.7392842449324392
35837,1.1209303759465878
35838,4.645311738519007
35839,4.422374228314697
35840,4.4870709649465255
35841,4.805881909619488
35842,4.871627210558738
35843,5.118832864260858
35844,2.4877009788851177
35845,0.9580905869227844
35846,4.391959313854417
35847,4.496021024965712
35848,5.3814658641818
35849,2.5311971431613607
35850,1.9284764542880861
35851,1.3358453832738006
35852,1.3195275700693538
35853,2.096469241232585
35854,4.28544823481164
35855,2.9880003970712807
35856,2.369055344914128
35857,2.033486556105828
35858,4.013726474642521
35859,4.1434885474287
35860,4.32082353371328
35861,1.4559381311272894
35862,2.297154398053001
35863,3.82594668490291
35864,0.8050022968571259
35865,1.0954125579521654
35866,2.232676204767081
35867,4.772043080217073
35868,5.289609141714305
35869,5.475820266428839
35870,0.8415088175538336
35871,1.2455450112977544
35872,4.2418897805457085
35873,4.528965976005209
35874,4.548060707564381
35875,4.778314166496094
35876,5.4217638325776445
35877,3.899446112353629
35878,3.413325091611755
35879,2.929846200303613
35880,1.1594342339033599
35881,0.5379236673694409
35882,4.484596851858671
35883,4.665163947395821
35884,4.722891551122695
35885,5.282022691050216
35886,1.9830458997008087
35887,3.137011307528353
35888,3.842592657483281
35889,4.464872362163307
35890,4.737541805847918
35891,2.0733347574067804
35892,2.113081905975021
35893,2.780959986639408
35894,4.3524775479322
35895,4.284864862009933
35896,4.345764556189509
35897,3.859331842589117
35898,3.7371802699841963
35899,3.394108839596643
35900,2.6254010062650712
35901,2.000144801578102
35902,1.6869184313068961
35903,1.825998576471991
35904,3.9226910837064364
35905,4.821039455954565
35906,1.4841462595948425
35907,0.21222096003950422
35908,4.3685488857442705
35909,4.486719245720149
35910,4.5979283591965325
35911,4.5979283591965325
35912,3.5785775420192216
35913,0.9587662135519406
35914,3.7742123998318586
35915,3.8077185645482428
35916,4.4199621058936485
35917,4.602243114450659
35918,4.900700808305727
35919,5.1924845299672375
35920,5.104554033377692
35921,3.089651659347197
35922,4.5738139761096
35923,4.563620103789826
35924,4.6006553938193955
35925,4.6006553938193955
35926,0.8872450344923252
35927,0.9772609132406116
35928,2.114524560055527
35929,3.072249048357545
35930,4.326248386938092
35931,4.423197650575789
35932,4.744590794456106
35933,4.744590794456106
35934,5.220797921344633
35935,4.467841833865771
35936,2.0348526074276316
35937,4.211001620116681
35938,4.471034711050617
35939,4.718078132361454
35940,5.263050858979455
35941,5.394417760811367
35942,3.7345458304022023
35943,3.359373296539511
35944,1.1445266886528078
35945,3.4610421522973227
35946,4.4178560142776755
35947,4.494309737707323
35948,4.7051522616910155
35949,3.569556695822754
35950,2.6775194022430693
35951,1.7154185426582955
35952,1.2863821195004232
35953,1.0110786254267892
35954,0.9251265147295269
35955,3.816100565000169
35956,4.148524240878492
35957,4.727957971201911
35958,3.2441208970007667
35959,1.904064242500253
35960,0.5109049111565582
35961,3.0737386377538827
35962,4.376712174158591
35963,4.979868388068283
35964,5.276796017934106
35965,4.438204770434733
35966,0.8365905778469157
35967,0.5822507075775918
35968,0.5465161368311243
35969,2.0106299311908273
35970,4.441137728257
35971,4.1253679415982045
35972,4.271703001136999
35973,4.84291962056673
35974,5.0695203599088465
35975,5.42096914686438
35976,3.7042109832299075
35977,2.5392480636886208
35978,0.9741340465945296
35979,0.700831371137173
35980,2.087939622101871
35981,4.3260406683940795
35982,4.740272134934374
35983,5.303770721002197
35984,2.460918270866302
35985,0.689056570669912
35986,0.4644043642338555
35987,0.6588351253412733
35988,4.709542193897997
35989,3.1832252469642746
35990,1.6423200400846671
35991,1.8695533218274998
35992,3.546951741821086
35993,4.196523099161471
35994,4.632094729533522
35995,5.148520235915071
35996,5.102029675790641
35997,4.485084051468393
35998,3.788795974167414
35999,1.248804952443374
36000,1.8488216820010934
36001,2.5516898967255894
36002,4.4701234670424315
36003,4.7467109815689525
36004,5.073654998325056
36005,5.130971207877594
36006,2.834390031901487
36007,1.919244776697724
36008,1.4766626722707819
36009,1.7941172725919787
36010,4.706066463664057
36011,4.706066463664057
36012,4.936519857584109
36013,3.1202864714768834
36014,1.1642523719559739
36015,0.44719604531414037
36016,3.7412837405029786
36017,4.2349850351965115
36018,4.526943366708467
36019,4.732432797094283
36020,5.078476968407915
36021,5.388351613550805
36022,5.297869416362747
36023,1.6161267506461052
36024,4.394233092544691
36025,4.611420690347564
36026,4.490922333285067
36027,4.768840388158906
36028,5.22639628780217
36029,5.140796744507978
36030,4.344681339579132
36031,1.9317107491676833
36032,2.3110069645659608
36033,2.8527714740509453
36034,3.8154557300003002
36035,4.4960590940779115
36036,4.87763728020247
36037,5.209771064902973
36038,4.4347749047338745
36039,4.607958551520947
36040,4.803282636466864
36041,5.002629082104521
36042,4.2894167091241
36043,3.831969022838714
36044,2.945124837412067
36045,1.1193186774923722
36046,4.473845028359494
36047,4.5729795124098835
36048,4.691149872385762
36049,4.728185162415332
36050,5.282913745103592
36051,3.9554571498024202
36052,3.16658796987492
36053,1.3401373220152255
36054,1.235953287228802
36055,2.4105187294751103
36056,3.554013235583722
36057,4.247046569651541
36058,4.13857234018499
36059,4.541724564613193
36060,4.955358515187154
36061,5.281290214074115
36062,5.226178830936476
36063,5.08289636247065
36064,4.258303898236102
36065,4.02437362387822
36066,1.360391422282393
36067,2.486347621588383
36068,4.188240735422337
36069,4.304111094327658
36070,4.778105445177315
36071,5.325971823223679
36072,4.439773965998174
36073,4.282352053614171
36074,3.5101308841056524
36075,1.8603939721203528
36076,1.4288271088300124
36077,1.647056899049507
36078,4.6324445734418775
36079,5.668999889155462
36080,5.438652699019654
36081,0.9576505155173158
36082,1.266003588848278
36083,2.3642752815477115
36084,3.5171822995347
36085,4.192381364684788
36086,4.719458327048939
36087,4.858582994896191
36088,5.133282953135554
36089,5.560377250162499
36090,4.87357868269909
36091,3.969596557976149
36092,2.1340678407929237
36093,1.4623907155083633
36094,2.315718981367196
36095,3.049394011683123
36096,4.4197743637958675
36097,4.678486651309098
36098,4.753383217980038
36099,4.876545246225429
36100,5.073457156204444
36101,5.193276343129928
36102,5.256365577010941
36103,5.022418030224545
36104,4.910550125089163
36105,4.563814422573651
36106,4.284984275664238
36107,4.247700206147992
36108,3.1226114193770034
36109,2.4915361416825093
36110,2.5548176348720246
36111,3.789454639808599
36112,4.418248111932474
36113,5.0172161332068335
36114,4.636152411639611
36115,4.2894167091241
36116,2.7701514037794293
36117,1.5174132281525128
36118,0.7851496887024624
36119,0.8226595262352054
36120,4.607212955085147
36121,4.852492986771899
36122,5.197932108818051
36123,1.2067156444986946
36124,0.9510871005318273
36125,1.458836560074535
36126,0.7940348923005986
36127,1.3480051850302888
36128,1.1915872004413441
36129,2.4183510634563348
36130,2.428654833857113
36131,3.7313893156872786
36132,3.4359789400334497
36133,4.406765183393517
36134,4.362646863910803
36135,4.444030739689811
36136,4.682185948950843
36137,5.112850634619202
36138,4.729077542546099
36139,5.244217536451114
36140,5.50748808414905
36141,4.720510531891995
36142,1.1460209903838454
36143,3.5579627441434254
36144,1.0824118367737365
36145,2.9694234932865684
36146,2.219907416621715
36147,2.305051785872467
36148,4.225462795583021
36149,1.9120538632601414
36150,4.48253968333475
36151,4.586554755539708
36152,4.826606849921659
36153,4.710739405836176
36154,4.873498443516915
36155,4.87763728020247
36156,5.381667132945621
36157,5.192875424489664
36158,5.6748158195169776
36159,5.047597732958642
36160,3.7348099016663454
36161,3.483639056321418
36162,2.4960787321662905
36163,1.6598884480676108
36164,0.9527200484785318
36165,1.8973346598157912
36166,3.3289346819046024
36167,1.8234163087236124
36168,4.602941323851847
36169,2.0174639666404546
36170,5.395228544823508
36171,2.4851766995806703
36172,5.598613950531502
36173,4.562782553567626
36174,5.370440671217528
36175,4.648618163460625
36176,4.846952951123561
36177,4.803282636466864
36178,4.134492930446501
36179,5.077278736087238
36180,3.8105894418728092
36181,4.9200667777036715
36182,3.4894357403037444
36183,4.722709586849485
36184,1.6843327564539297
36185,1.3768492097831737
36186,2.4642874065209712
36187,4.691149872385762
36188,4.364298521087715
36189,4.9357282922876085
36190,4.820772748415775
36191,5.243562044223034
36192,5.10507018361915
36193,4.766987551013832
36194,5.327454598262293
36195,4.273489280098001
36196,3.9339155796340073
36197,4.447263888822629
36198,3.541246596293073
36199,4.588616158208449
36200,1.5284781962915606
36201,4.631229683282557
36202,2.2682904288615
36203,3.235504443950718
36204,3.4405871439735374
36205,2.6965420211044204
36206,4.401318593716962
36207,3.762438432217757
36208,4.766780262640308
36209,4.542174773002365
36210,5.288215410374941
36211,4.4716898686590065
36212,5.0729084628841505
36213,4.989778925009365
36214,4.961040557748769
36215,3.8318497400320006
36216,2.006362822006231
36217,4.611435179406124
36218,1.6379546975235113
36219,4.8241941381161
36220,1.8915932680627432
36221,4.871627210558738
36222,2.310355571812801
36223,4.915164978925687
36224,3.8224789626762425
36225,3.7792154818645254
36226,4.293854841715501
36227,3.4517774583773235
36228,4.308366167445536
36229,2.3723324062305515
36230,3.2619061319239253
36231,1.5723922647956052
36232,1.4142000882011339
36233,4.783441962531333
36234,1.2620560885721552
36235,3.5769275746352145
36236,4.568056781523373
36237,1.6501566174867042
36238,3.929348388516049
36239,3.928817795519643
36240,4.111336723867406
36241,4.876545246225429
36242,4.0909211423346985
36243,3.5023191566892047
36244,4.127956432364268
36245,1.8134707178895768
36246,5.0248760514013995
36247,1.7395523667973976
36248,5.290188142269552
36249,2.2093352532008153
36250,5.337257270624096
36251,4.101243582140273
36252,4.487181301568011
36253,4.51239801321662
36254,2.557953292662303
36255,4.771432803102864
36256,3.3031110123689875
36257,4.771432803102864
36258,3.95214534923688
36259,5.061908176562142
36260,5.038415931336818
36261,4.783204175684849
36262,4.581263870123413
36263,3.3359642388956536
36264,2.3234662050376507
36265,0.9296918209235674
36266,4.404781325708741
36267,1.1583593527938754
36268,4.501169113969125
36269,3.649113739447819
36270,5.337879958969977
36271,4.343683776463353
36272,4.6030056218567825
36273,4.304380350714626
36274,2.1379708157797728
36275,4.422550710690505
36276,0.7674744102567654
36277,4.56488536958947
36278,2.094475672126229
36279,5.195574788654409
36280,3.033700506345939
36281,4.533065236510657
36282,3.674967637160902
36283,3.734910586679528
36284,4.675999957527439
36285,3.323479670751
36286,5.274343967432292
36287,2.9806163865911146
36288,5.487418606175133
36289,1.9910496737713228
36290,4.589052460140514
36291,4.217576605261247
36292,0.6713971896012931
36293,4.4617813479611925
36294,4.340671873158633
36295,4.729077542546099
36296,4.540502609395035
36297,5.248927093482897
36298,4.490966750312065
36299,3.5188636058840235
36300,4.881701320830278
36301,2.2500177637911265
36302,4.777305908674479
36303,0.67559881783723
36304,3.3312723081563957
36305,3.471507265930828
36306,1.6568632793111413
36307,4.757925322290824
36308,1.3474829725171553
36309,5.10527145238297
36310,1.236568181243999
36311,4.805800424699076
36312,2.410962587161206
36313,4.032816471090684
36314,4.017033563812854
36315,3.0065518862475713
36316,4.539524676146293
36317,2.2581940227615034
36318,4.6626867043916835
36319,4.0354027814374405
36320,4.239122352657414
36321,4.871627210558738
36322,2.659407545514763
36323,5.688377231394865
36324,1.490840030339289
36325,1.184264108543862
36326,1.6737577633065115
36327,1.2664436602537466
36328,2.1509559703624914
36329,3.7740593578829733
36330,3.1747114695668506
36331,4.7278133305913
36332,3.427914236064547
36333,4.611891383871034
36334,4.0524531564926205
36335,4.75719938099479
36336,4.859958474981398
36337,4.820772748415775
36338,3.851300469814976
36339,5.532164480646094
36340,2.964640921844923
36341,5.4130541415564855
36342,2.0639148166681895
36343,4.817286685356198
36344,0.6421507050889613
36345,4.231402673338341
36346,0.5109049111565582
36347,2.6309465033641373
36348,3.937547735952278
36349,4.078314837748232
36350,5.122957395657256
36351,4.908795998229693
36352,5.432832040800146
36353,4.908795998229693
36354,5.310503376395361
36355,5.105306989568445
36356,4.406784320479912
36357,5.225126176493928
36358,3.076152108328679
36359,4.6146880164522734
36360,1.0240972833023583
36361,4.144808701675128
36362,0.7697574130330339
36363,4.06748579955709
36364,2.059525079730795
36365,3.4053539167985383
36366,3.5500569849203116
36367,1.5785090374010824
36368,4.599562164800523
36369,3.5010565733243926
36370,4.373070512298392
36371,4.139483492468448
36372,4.4199621058936485
36373,4.233633393752593
36374,4.358479576740242
36375,4.1434885474287
36376,3.676845206408676
36377,4.382327157546978
36378,1.8352980274099717
36379,4.28107688794424
36380,0.6153494604910269
36381,4.13697049857389
36382,0.5608957978362602
36383,3.598043295674329
36384,0.9318600458728533
36385,2.696093296807701
36386,4.367133367243851
36387,2.272357953969213
36388,4.329480140173956
36389,1.1798452625441078
36390,4.889681612784628
36391,3.571713979118402
36392,5.126586854784889
36393,4.359426511385504
36394,5.182895663791625
36395,3.9931663638915262
36396,4.413657655497716
36397,4.127956432364268
36398,3.0888392442664916
36399,4.691880541561839
36400,2.547516131653035
36401,5.173533865053872
36402,1.722579450126176
36403,3.10989370417491
36404,0.6505780640271484
36405,2.0112623879123745
36406,0.6450778762380779
36407,1.0606308408239935
36408,4.69769920086085
36409,0.7467135612641099
36410,5.225969236606784
36411,4.460865360125554
36412,3.199659826969596
36413,4.307665096828332
36414,2.6583367143561394
36415,4.454000156367127
36416,0.6500766905405047
36417,4.5721705163430055
36418,3.093433791195443
36419,4.71985919115571
36420,5.0261456169791945
36421,4.772043080217073
36422,5.204131546670164
36423,5.558192605749652
36424,4.431793252422709
36425,5.261791434049666
36426,2.1516692964369133
36427,3.9267752591788265
36428,1.2705674400880889
36429,3.4782216034753324
36430,1.128923807768426
36431,2.8569933726548498
36432,1.8826800200594713
36433,1.2645119347107245
36434,2.48155760153264
36435,0.9792842856960094
36436,4.048730073754822
36437,2.3918021300295096
36438,4.384174057874168
36439,3.1286080706570703
36440,4.494309737707323
36441,3.8826662452610674
36442,5.009198452234314
36443,4.284632140069565
36444,5.0895272005974075
36445,4.548060707564381
36446,5.133284719846038
36447,5.028876668822323
36448,4.837566974493147
36449,5.327417023862871
36450,2.181858809778956
36451,0.9572120253113129
36452,1.7284844528552443
36453,3.7417474578963406
36454,3.339784301175909
36455,4.5492935884904995
36456,4.551487593599988
36457,4.722891551122695
36458,4.727957971201911
36459,5.037438725432031
36460,4.6113043198507055
36461,5.52803670983136
36462,1.4841462595948425
36463,4.00797540197226
36464,0.6421507050889613
36465,3.669620204101556
36466,2.0896113298630015
36467,3.0687727207637874
36468,3.891049272745203
36469,2.3673986352888234
36470,4.380822542421839
36471,1.1862220891105189
36472,4.226251177860325
36473,0.7288293574545495
36474,4.61229773014789
36475,0.9116620720604346
36476,4.771365595677702
36477,4.318185422522222
36478,5.321399689748894
36479,4.476520313796101
36480,5.184279227072183
36481,4.600704964092569
36482,3.614083654086095
36483,4.540502609395035
36484,2.318284704198274
36485,4.99106254155113
36486,0.8733662843759115
36487,4.151592687530052
36488,3.8253037441370736
36489,3.644536830484083
36490,4.646041695549924
36491,2.670406692691478
36492,5.382951436585674
36493,1.2536389413408602
36494,0.950675975286955
36495,3.761032896771496
36496,3.9089976680718688
36497,4.228292897635733
36498,4.448207022446006
36499,4.6626867043916835
36500,4.566918597666699
36501,3.1430643594574423
36502,4.740272134934374
36503,3.1667097338608823
36504,4.941989330951756
36505,1.5017953156987491
36506,5.119054051969562
36507,3.043399561913877
36508,5.44385939507864
36509,3.3337643347804007
36510,5.2198868473945295
36511,4.0524531564926205
36512,1.9838749570310439
36513,4.7858802405342376
36514,1.6164058875407008
36515,4.4947416862446685
36516,1.7960987721561912
36517,4.300747398944653
36518,2.9621417257360285
36519,3.335482387620274
36520,3.6407133543104555
36521,0.5498245585052102
36522,4.337960698853313
36523,1.6780160931961763
36524,4.578838628125932
36525,3.201914907531329
36526,5.119930559020828
36527,4.381425156679425
36528,5.325167631731492
36529,4.2180878894460045
36530,3.7066830794181436
36531,4.560893069166963
36532,2.641902134350818
36533,4.85461408228422
36534,0.9427466038537472
36535,5.146779970825137
36536,0.5200694140134902
36537,2.263279469739372
36538,3.324064671661984
36539,1.7015068295363913
36540,4.41025479030132
36541,0.6448958206736168
36542,4.695668096954507
36543,4.361229024973903
36544,4.938010709502837
36545,3.9258889245241217
36546,5.330875508917086
36547,5.199639579783113
36548,5.110414111393807
36549,3.0377832164481595
36550,3.345134356756293
36551,2.44339320331896
36552,2.010638364425205
36553,0.8992884358081987
36554,1.0718800108378594
36555,2.058225700771209
36556,2.189975364125893
36557,3.8485570591804774
36558,4.993326249961962
36559,4.449629325813132
36560,3.2963136978662213
36561,5.425127209825437
36562,0.7958556492153104
36563,5.337986152107593
36564,1.2060920355662363
36565,3.7066830794181436
36566,2.813278850985001
36567,3.801199193164496
36568,4.862441623136949
36569,4.18231972130317
36570,4.897600838557276
36571,4.298342970182874
36572,4.626783578651516
36573,4.989063994606523
36574,4.465029147442992
36575,5.532308879281899
36576,3.8688408650553154
36577,5.375888409660601
36578,2.708081046380769
36579,3.749014578572818
36580,0.5784418392465434
36581,2.0357263447527885
36582,0.474004178860357
36583,1.239068895634888
36584,0.8808454591640072
36585,0.7816761639789183
36586,2.045541774491035
36587,0.9365809147281977
36588,3.1748777775601593
36589,3.771373005574766
36590,4.1314954687887795
36591,4.365611143411309
36592,4.35315539517239
36593,4.346850060754149
36594,4.526943366708467
36595,4.781651499782439
36596,3.146713338784442
36597,4.781651499782439
36598,2.63289454210905
36599,5.141309367565028
36600,2.7006815918964273
36601,1.617253481970701
36602,2.1198430689329437
36603,4.2599894075777005
36604,4.153755873085089
36605,3.292940613852657
36606,1.4213150117777158
36607,2.0547203073178286
36608,4.243344172259085
36609,4.9122487403434185
36610,4.947407955763746
36611,4.986326974790579
36612,4.417310032550691
36613,3.865913643944758
36614,2.6874217556473585
36615,0.580300474597401
36616,0.9523476830480844
36617,4.49488253413447
36618,4.57526244011832
36619,4.61229773014789
36620,2.9291829451945297
36621,1.5705424608118579
36622,3.0663293333798474
36623,4.389873361112878
36624,4.69293328914518
36625,4.69293328914518
36626,5.257245741294156
36627,4.511171284656705
36628,3.251006668847448
36629,1.9793258253385875
36630,0.5677197440700187
36631,3.1800475232649177
36632,4.442063917273784
36633,4.693380541339118
36634,4.485012510281336
36635,3.1011351976648123
36636,0.36194409741185934
36637,3.614801246148773
36638,4.453983947733017
36639,4.662650600302741
36640,4.709542193897997
36641,4.909421032608594
36642,5.457926858233664
36643,5.241283758123825
36644,4.506927191160818
36645,0.6434597405216994
36646,0.7712816291280638
36647,2.9074326074997545
36648,4.285400109908405
36649,4.695668096954507
36650,2.686442652113209
36651,1.55818525923736
36652,1.088950770934721
36653,3.5663765654085084
36654,4.13813538958611
36655,4.345268786649517
36656,4.623548953323562
36657,4.7467109815689525
36658,4.936138344714348
36659,4.785658061194759
36660,4.191440343499864
36661,2.269407222219122
36662,1.106230595942546
36663,0.7099035385180478
36664,1.5280686773355516
36665,3.727314431915709
36666,4.0597381077940335
36667,4.154558039174626
36668,4.529596086062134
36669,1.9247235332336634
36670,3.880612809489724
36671,4.489908076678898
36672,5.100701205398096
36673,4.450069485192798
36674,1.5256753695226788
36675,1.8609589711506296
36676,4.569009499461413
36677,4.569009499461413
36678,4.569009499461413
36679,5.191865480040567
36680,4.4436250326843325
36681,3.959714501958072
36682,3.263897014140487
36683,2.8357920816126434
36684,2.352632015340958
36685,2.6596488786533836
36686,5.084091785526125
36687,5.244266774807393
36688,3.6938935958941777
36689,1.7590372530715706
36690,2.467713876943245
36691,5.0162541202635085
36692,5.0162541202635085
36693,5.037914515797508
36694,3.3013531075851943
36695,2.814117864981735
36696,1.2478807614632612
36697,1.8153266925813665
36698,5.260002714665115
36699,4.873625873456754
36700,5.00866090960275
36701,5.095416459349609
36702,4.479949656488708
36703,3.9613510177459372
36704,1.3992820402249528
36705,1.8150494883221555
36706,2.681640610934306
36707,3.8050523793225413
36708,4.4108520191874
36709,4.754389029725742
36710,5.352131301143677
36711,4.005644864888222
36712,3.7717145905303395
36713,1.6636864375305782
36714,1.4609519311288628
36715,1.836965880710613
36716,2.7146869282723864
36717,3.9793310245610347
36718,4.5129728563129055
36719,4.313284573457685
36720,4.6841748667279735
36721,4.8245964907018415
36722,5.4528749388201465
36723,5.122120199353671
36724,4.0052781793352805
36725,1.5507691791116578
36726,1.9331595890858175
36727,4.106078887944976
36728,5.195169744300183
36729,4.966831934930103
36730,5.009975322657256
36731,5.078926529743647
36732,5.078926529743647
36733,5.674397878781289
36734,5.2765798777392225
36735,4.693302545020625
36736,3.8782592872769075
36737,3.249233565646185
36738,1.4588445529869756
36739,3.692092008277304
36740,5.258650657466508
36741,5.048408578567252
36742,4.9731875871868665
36743,5.065420661438862
36744,5.243183840187591
36745,5.585437816685993
36746,3.964112858252237
36747,3.6925226836972604
36748,2.5576978817571066
36749,1.789366583321862
36750,1.6770673771608866
36751,1.725903207965453
36752,2.8435556065108876
36753,4.348372300246753
36754,4.775098955280423
36755,4.917940883888331
36756,4.952769980224338
36757,5.007112478117965
36758,5.30544521086017
36759,4.767756719487382
36760,3.9645705030417058
36761,3.8731719331046595
36762,4.862887023332377
36763,5.003257994243502
36764,5.29132416203117
36765,3.3593581518612305
36766,2.55016301184135
36767,1.3132460372478292
36768,1.297380979198838
36769,4.985903728151597
36770,4.589296496993501
36771,4.774052548765137
36772,5.230675581067347
36773,5.110617482227941
36774,4.770066373276458
36775,4.1933231141879554
36776,3.0103360216038135
36777,1.7979390330932148
36778,1.0730291708134727
36779,4.827410583020179
36780,4.934322212683213
36781,4.934322212683213
36782,3.2082469436207743
36783,0.8245330075421488
36784,5.07995294884057
36785,5.56882955856535
36786,3.4241932394030963
36787,2.7867400979629204
36788,1.4076764075311097
36789,1.0746621187601766
36790,2.4502600051672108
36791,3.533740489974693
36792,5.127003997577435
36793,5.060072822399653
36794,5.229195403955133
36795,5.22892191871441
36796,4.6456445859958135
36797,1.100126261897959
36798,1.4756413712410563
36799,3.9653258134741893
36800,4.851345616450267
36801,5.027610414958446
36802,5.452690112470378
36803,5.54264112322478
36804,5.444084852912485
36805,5.205598422656842
36806,3.9207860110750876
36807,2.366388542798591
36808,1.6436579188153715
36809,1.461524311400364
36810,5.115633664772364
36811,5.115633664772364
36812,5.2152078766204815
36813,5.310934348727315
36814,5.33729504422417
36815,5.107404172788571
36816,3.844800139846941
36817,4.2174147353788
36818,4.611961938443833
36819,3.438832457773705
36820,3.102695294023301
36821,1.2883380648182552
36822,3.7700686544594997
36823,4.128027896977538
36824,5.214896109670658
36825,5.011012356867849
36826,3.463908887717875
36827,1.7604968615207959
36828,4.937400831139126
36829,4.95275962412634
36830,4.999896468179296
36831,5.143973806015845
36832,3.6161585969155774
36833,3.1676049412120832
36834,2.637181584370199
36835,2.165419952432716
36836,1.5163683384255795
36837,3.250296133348982
36838,4.224396602263131
36839,4.765634686226829
36840,4.765353002937945
36841,4.765353002937945
36842,5.299860739137509
36843,5.396692036137486
36844,5.159921275568368
36845,2.676409769616838
36846,4.085650958855908
36847,4.92878095708659
36848,4.951837345729106
36849,4.951837345729106
36850,5.145746616078511
36851,3.69735873970901
36852,3.359003541838307
36853,0.8743468275409583
36854,2.2122580695703977
36855,4.3837468943117415
36856,4.873459048750009
36857,4.554578611366972
36858,3.7827698567441166
36859,3.2955484934132477
36860,2.412223229599241
36861,1.4289018856669322
36862,1.3956746163160354
36863,2.2824215238295977
36864,4.119792175051113
36865,4.373912214583836
36866,4.585171548406715
36867,4.867931374528798
36868,3.4788853174571726
36869,2.829674871872627
36870,2.332322655617405
36871,1.6971457280498243
36872,1.8368762495386999
36873,1.959683626906455
36874,3.3572825149803758
36875,4.227379714823208
36876,4.310250194014131
36877,4.657227778804131
36878,0.6600443407693174
36879,4.301905001941436
36880,4.7717432590114655
36881,4.713450440037751
36882,4.763923139015268
36883,4.763923139015268
36884,5.177767442986252
36885,3.232896491682799
36886,2.7304710579922564
36887,1.0870938187083417
36888,0.7533068532466669
36889,4.84143995501333
36890,5.156767552943942
36891,4.07912055893015
36892,3.8905783780755185
36893,4.483975122376468
36894,5.163833598025988
36895,5.108062848205975
36896,4.0354508932295134
36897,2.693541911782786
36898,4.806507976584114
36899,4.780115001458477
36900,5.432966570963422
36901,5.084357451436454
36902,2.744597939601118
36903,0.9052386866734944
36904,0.7024103998896039
36905,1.121275172627202
36906,4.616594636195289
36907,4.972444182418329
36908,4.972444182418329
36909,5.318209206314914
36910,5.410957668588231
36911,5.102980293310812
36912,1.8440554497457309
36913,1.2684407886387472
36914,0.8156877653204431
36915,2.2403217753403046
36916,4.268416335072434
36917,4.823934015718185
36918,4.970214396093824
36919,2.4808698036117764
36920,1.9359681581185089
36921,1.6225951316632132
36922,3.7376502981039827
36923,4.60875657542637
36924,5.180922356444283
36925,3.1978574608742156
36926,2.9212413789041185
36927,2.424082971556294
36928,1.3519062821022585
36929,1.871971601703535
36930,4.14026027840524
36931,4.5069679468947905
36932,4.929816138291227
36933,5.176965036591952
36934,4.773790412410168
36935,4.41260317686179
36936,3.6732677807071124
36937,0.6600443407693174
36938,2.2722726181980692
36939,4.300972276083172
36940,4.85788370029811
36941,4.988133076484036
36942,3.234777961347548
36943,2.5498772524559827
36944,2.029783885438326
36945,4.301709596069717
36946,4.943642987715445
36947,4.943642987715445
36948,4.943642987715445
36949,5.456038405792009
36950,4.2763201315445984
36951,2.264047729037992
36952,4.383790001476227
36953,4.8758830426660165
36954,4.787926643467751
36955,5.096607063892642
36956,5.493512577951078
36957,4.233804610320616
36958,0.6611802645326949
36959,4.961096706329517
36960,4.961096706329517
36961,5.06403876554948
36962,5.507580041106102
36963,5.326612248256998
36964,2.838983942298901
36965,0.6203425281064854
36966,3.697086773124552
36967,4.630801183460133
36968,4.674614601283733
36969,5.053881741387379
36970,5.2402985529809625
36971,5.012259060257652
36972,4.250232898356285
36973,2.4666308638285583
36974,1.5721408463037259
36975,1.1843291085257135
36976,4.483536463137839
36977,4.921533406708099
36978,5.123781205791312
36979,5.180017239335756
36980,5.200604910504136
36981,4.687503010058605
36982,2.985070190306631
36983,2.009972809321262
36984,4.418181813810332
36985,4.9316257552226705
36986,5.061204539229338
36987,5.154376467197911
36988,5.165442967799588
36989,4.755645028808854
36990,0.9298526510851396
36991,4.222167223561988
36992,4.108311614350066
36993,4.547106760949123
36994,4.15165557040888
36995,1.5593970689210048
36996,4.926678651662511
36997,4.950668799603933
36998,4.821623401539322
36999,4.801328652276902
37000,5.121246183918548
37001,5.181849865078254
37002,2.66318328396086
37003,4.943363434822611
37004,3.941797366975188
37005,2.09805559461163
37006,5.219290953557488
37007,2.5572515614695384
37008,4.864766789266475
37009,4.920942117027933
37010,4.040665637485295
37011,5.00782135087599
37012,2.0131296623174597
37013,5.168373200671408
37014,2.0946126953671844
37015,5.290460368275097
37016,3.093642959180363
37017,4.3928255825472124
37018,4.119204954085839
37019,3.4949629540824425
37020,4.830446455566137
37021,2.451882906670951
37022,4.9640855047550865
37023,2.074368122198661
37024,5.084091785526125
37025,2.0804032253542935
37026,5.264099672778242
37027,2.87199150422299
37028,4.905187488575877
37029,4.809539769878131
37030,3.263827268036767
37031,5.16468661161417
37032,2.193088871264581
37033,5.351386764911575
37034,2.303039546138465
37035,5.346422341949148
37036,4.154308069478293
37037,3.624558368717451
37038,4.996728877079172
37039,1.432355930009684
37040,5.16468661161417
37041,1.2966389744437152
37042,5.300829825747508
37043,3.951814659690808
37044,4.673364376694957
37045,4.922955877708307
37046,4.137217495376664
37047,4.83649677605019
37048,2.4329400268717576
37049,4.873625873456754
37050,2.738635016227631
37051,4.873625873456754
37052,4.944675116734503
37053,5.520219258414442
37054,4.873625873456754
37055,5.485109542879289
37056,5.292401946719526
37057,3.6433188874503584
37058,2.930853389213789
37059,2.4695578018543003
37060,1.717511036728516
37061,1.481220987993564
37062,5.050292317075366
37063,4.822530536997078
37064,2.5820522051271886
37065,4.903361511431948
37066,1.4609519311288628
37067,4.228787081884332
37068,5.060583719355182
37069,4.265916179290896
37070,5.347903725784052
37071,4.754389029725742
37072,4.6841748667279735
37073,4.754389029725742
37074,4.332307354324021
37075,5.573158115572891
37076,4.614630216023679
37077,5.086870731578693
37078,4.622381797215392
37079,4.829169836257561
37080,3.3094606915176947
37081,4.317713544444839
37082,2.8093588790233652
37083,3.0592490922937703
37084,1.5424548877205118
37085,4.278455477121678
37086,2.8111125696806534
37087,4.678882571261867
37088,5.060072822399653
37089,4.162700091719283
37090,5.196627105611971
37091,1.9233905075263371
37092,5.657640044014647
37093,5.402477084589293
37094,3.4858667151547884
37095,5.0597682801397825
37096,2.2559688901101387
37097,5.448930071355972
37098,1.2922291259871492
37099,1.637240389817608
37100,1.083329443643878
37101,2.5571162456864096
37102,5.048738887613133
37103,4.696520736431851
37104,5.065420661438862
37105,4.9383584908508595
37106,5.234993581512626
37107,5.495486805931591
37108,4.6517162487940285
37109,5.523785438577217
37110,3.376257382047257
37111,2.2143322717524208
37112,4.3419519886685904
37113,2.5792314738242856
37114,2.0882496954238277
37115,3.3962144738884272
37116,1.9923778804156278
37117,5.0833829127681
37118,2.2099193794058087
37119,5.0833829127681
37120,2.5066869351722
37121,5.183358043256481
37122,4.249003486972724
37123,5.279084515363315
37124,4.496179354842827
37125,5.056530578909949
37126,4.890726557907859
37127,3.204194565336807
37128,5.132836778250169
37129,2.935630842621561
37130,5.240767222867103
37131,2.5573655485628684
37132,4.901051913778685
37133,1.9984129835712596
37134,4.586807201485084
37135,2.9416324395143447
37136,4.137217495376664
37137,5.132836778250169
37138,0.8838765129770767
37139,5.286359739068743
37140,0.8538880241771233
37141,2.9977130426958114
37142,2.427906880776049
37143,0.7557614248189819
37144,3.8315414717384706
37145,4.78081745571316
37146,4.76876025329903
37147,4.727563906504842
37148,5.4716838488660215
37149,4.6264255944000645
37150,3.4217669375323414
37151,4.774052548765137
37152,2.691823901822493
37153,4.911686494003487
37154,1.2697121799046784
37155,2.755388616344334
37156,0.9765937244076417
37157,3.7172145379952073
37158,1.518320982928565
37159,5.323734977847353
37160,4.905119100390292
37161,4.934322212683213
37162,4.8186599987321745
37163,5.0329963703870435
37164,4.855789096138738
37165,5.295344915892965
37166,5.516371730322179
37167,5.131109465449076
37168,5.481164563375178
37169,4.3277233768849275
37170,3.6568005993242685
37171,0.9574250606397963
37172,2.661467892279698
37173,2.4723854642559018
37174,2.0583468687840676
37175,3.6516997062131966
37176,1.1753928833877039
37177,4.734884898869849
37178,1.3348898844079227
37179,4.9267237885626685
37180,5.261895807156786
37181,4.961552884898675
37182,5.023786070531819
37183,5.07995294884057
37184,5.07995294884057
37185,5.467936957821246
37186,5.215633992077246
37187,5.187769392289925
37188,5.680213809142805
37189,4.604492059571329
37190,3.7221998088274324
37191,2.3380324795613556
37192,4.569438252511991
37193,0.8641881913260109
37194,5.078926529743647
37195,1.3129963583522946
37196,5.078926529743647
37197,4.878683788458794
37198,5.693775221020693
37199,4.7816215064896435
37200,3.823876268183249
37201,4.81645060282565
37202,3.49997277960956
37203,5.481498369699134
37204,3.2696239520190935
37205,5.609982084989834
37206,2.346922621833695
37207,1.3234740743790199
37208,1.7645971874134254
37209,2.6734851175082817
37210,5.233001527200422
37211,4.912455432450091
37212,4.941671458143286
37213,5.027610414958446
37214,4.886174712786274
37215,4.61597832022845
37216,5.010928641132717
37217,3.321434808008422
37218,5.200387146726378
37219,1.9847106419362355
37220,3.623298917370758
37221,3.6494760230732695
37222,1.4725104410753178
37223,5.0205095227782355
37224,2.2494521122385494
37225,4.818630313366004
37226,2.386074148917858
37227,4.3928255825472124
37228,2.83819334609143
37229,3.800364685741249
37230,4.4573405537020845
37231,3.0831990821347937
37232,4.664473950765492
37233,2.4111102046584456
37234,4.699303047101499
37235,1.757197107221001
37236,3.6689272832024127
37237,1.7413230794292511
37238,2.871636880950868
37239,4.58412240386835
37240,2.082256365431834
37241,4.242750450190121
37242,2.0829959729582375
37243,4.407678387888659
37244,2.2248892610013256
37245,2.5134403287901934
37246,2.5912213993792337
37247,4.792762887662384
37248,4.325620929381044
37249,5.068531312338558
37250,4.325620929381044
37251,4.336656115076091
37252,4.410554365067787
37253,4.128027896977538
37254,4.421041033896887
37255,5.01845039614672
37256,4.452806554890285
37257,2.747855906989875
37258,4.258324327140625
37259,2.2867203694558667
37260,4.011363934177368
37261,1.0659724905165051
37262,2.6132861405980075
37263,0.8692894814252995
37264,2.2016561116509825
37265,1.3116167189882606
37266,1.445649084586873
37267,3.531280017336476
37268,1.3099321290209043
37269,4.528636980024919
37270,1.6722240618644815
37271,4.833487524963218
37272,4.154591177773023
37273,4.8706166223697815
37274,4.191720275179587
37275,5.168487725947152
37276,4.128027896977538
37277,5.395588221505989
37278,4.70954760112581
37279,5.603424079831444
37280,5.327622649399523
37281,5.510889525356468
37282,4.18715468783584
37283,4.3464127170113045
37284,0.85512459383716
37285,1.3275084701167084
37286,2.448880365803177
37287,1.1012263559776545
37288,4.994604172713189
37289,1.0087882867523916
37290,4.999896468179296
37291,2.662625457157336
37292,5.062067989806853
37293,4.632506132526832
37294,1.9076497738951572
37295,4.867533846158669
37296,1.1928441920220227
37297,4.808778073953982
37298,0.662518832906018
37299,4.765353002937945
37300,1.1216652839806238
37301,4.8997139674141685
37302,3.1378374669719777
37303,4.308013413376887
37304,5.025843239055741
37305,3.555204807688255
37306,4.963610053422597
37307,3.0690837869463814
37308,5.358559143260122
37309,0.8598299032510897
37310,5.551504279949298
37311,2.2589289307955402
37312,2.8489609324791365
37313,4.044344597895296
37314,4.89830625625809
37315,4.951837345729106
37316,4.763430104764303
37317,5.537071789047571
37318,4.763609857656589
37319,5.164205063016395
37320,2.9822839710855606
37321,4.354201307028405
37322,1.9397033457328563
37323,2.2056238396092516
37324,1.7044435087796317
37325,1.2727940243212665
37326,3.0669852223972174
37327,0.8243694444210155
37328,4.628314936133868
37329,1.1408742419300235
37330,4.791660939878663
37331,3.3686601273757213
37332,4.867931374528798
37333,4.941362773464485
37334,4.295311741244707
37335,4.855162868530937
37336,3.715455316917397
37337,4.746748330938574
37338,2.9720430160295153
37339,4.763430104764303
37340,1.944409517299289
37341,4.777060952084176
37342,1.5726393742670757
37343,4.969834082077495
37344,2.284641020796956
37345,4.544796018645484
37346,3.2097822091511565
37347,1.405907799098575
37348,3.543664341158899
37349,2.6075247002480797
37350,3.5715038757343827
37351,4.316961535778575
37352,4.310250194014131
37353,4.341132691573993
37354,5.063231160650391
37355,2.806029497469187
37356,3.0670710152314857
37357,2.3403244298850825
37358,2.6962295494561346
37359,1.625369853704149
37360,1.9137662485411648
37361,5.074297661252068
37362,1.3316199586538486
37363,5.063560213961166
37364,0.4643028018501622
37365,4.296040543255753
37366,2.0105871205904773
37367,3.6586546065773304
37368,4.676321342631187
37369,0.5452255908999242
37370,4.763923139015268
37371,0.8823955858995118
37372,4.106757706747741
37373,3.3074126703708724
37374,0.891699483314679
37375,4.771255882443407
37376,1.1749703745880358
37377,4.933516844431867
37378,3.811828920682344
37379,5.418775710784927
37380,4.483975122376468
37381,5.3008687551707885
37382,4.483975122376468
37383,4.984258462639114
37384,4.658432503037952
37385,2.0084032933815474
37386,4.898558874945248
37387,1.5083961888582837
37388,3.3326039017433025
37389,2.275729240766891
37390,1.6436271324029128
37391,3.9277074754820824
37392,0.709829987541179
37393,4.93279748207437
37394,4.429402300571165
37395,2.1899567726321845
37396,4.919114455009432
37397,0.9286603288120576
37398,4.849651364311267
37399,0.7036668883705474
37400,4.780115001458477
37401,1.1843380935070398
37402,4.780115001458477
37403,2.3107037484053956
37404,5.392334826713873
37405,3.360991483756793
37406,4.17880650238561
37407,4.9084071365159545
37408,2.2940797009662597
37409,4.982361294451155
37410,2.2585388194421188
37411,5.195173821632766
37412,4.721517476499138
37413,3.36244177475277
37414,4.742343978909974
37415,1.5166732491725692
37416,4.660408054018889
37417,0.7492340424919351
37418,5.543677013740232
37419,3.2022781378102403
37420,4.232990680753662
37421,4.253440899475578
37422,3.4047732739074443
37423,4.972444182418329
37424,4.6642569129053095
37425,5.105396679133303
37426,4.707400300632463
37427,2.8554185223042223
37428,4.986896169919553
37429,2.404900283669364
37430,5.0993155149035525
37431,0.8699935918584389
37432,5.312128042085163
37433,1.1420500826408702
37434,5.382747338207182
37435,3.2809717037120216
37436,4.196942099310601
37437,4.750456817838858
37438,3.423929168138953
37439,4.986896169919553
37440,1.334854624656263
37441,5.258480221276444
37442,1.3415437622698787
37443,5.0427711552098575
37444,2.095299974560922
37445,3.0487566342762618
37446,4.427755789708674
37447,1.293460878357727
37448,4.639015123531553
37449,2.2675228883167886
37450,4.682158511258706
37451,2.7187005435874205
37452,4.638318705260762
37453,4.638318705260762
37454,5.124686322899839
37455,4.916317877644178
37456,5.187951337308755
37457,1.9901879147718982
37458,4.606997210554861
37459,1.721997170384469
37460,3.891446789689813
37461,1.0924415264029612
37462,1.5475342650724941
37463,1.0227571051569764
37464,2.2876705788370546
37465,3.5633749037034446
37466,4.53547751156672
37467,5.165898535990275
37468,5.059394922297894
37469,5.16622758930105
37470,5.059394922297894
37471,2.942084882209854
37472,1.7202910319711027
37473,2.385385740856446
37474,0.5452255908999242
37475,1.3316199586538486
37476,1.1350089713831517
37477,0.6551686344694233
37478,4.801993634435922
37479,3.2445263839656118
37480,4.873969482294646
37481,4.779906547425786
37482,5.331044484202972
37483,4.684484631045508
37484,4.1045535143004415
37485,4.721613728452072
37486,0.674606200571916
37487,4.801993634435922
37488,1.056422077980449
37489,4.801993634435922
37490,2.1936857247953654
37491,5.058379559866577
37492,4.860570963439608
37493,5.233536754307409
37494,4.55633002474729
37495,1.3051570308540685
37496,4.593459122153854
37497,0.8700005359655781
37498,5.184616640225019
37499,0.6490827448520181
37500,5.437300111191954
37501,3.231453871588291
37502,2.885001460218221
37503,4.691767366046509
37504,1.7395790104843278
37505,4.982108615701552
37506,1.1194760799280645
37507,5.139428113260335
37508,2.2567397267429805
37509,3.3382057746006804
37510,3.33262723981089
37511,1.0099904806537567
37512,4.913675986182436
37513,0.7956333400720619
37514,4.991826647365894
37515,0.6966617555783942
37516,2.6587292911085663
37517,4.831740061291351
37518,1.565820214853363
37519,4.991826647365894
37520,0.5024906391183777
37521,4.991826647365894
37522,1.9181669881783234
37523,5.249579070091798
37524,3.0835465819155794
37525,5.322483233081215
37526,4.001884750823533
37527,5.085712472512097
37528,4.925596016641669
37529,2.018512364310056
37530,4.843660091750584
37531,1.324798581400205
37532,1.4423178425666967
37533,0.444154220301258
37534,0.9666442594705528
37535,0.7809033413634056
37536,0.9114128363537924
37537,3.9878233476113416
37538,2.009684529053229
37539,4.799846673926984
37540,4.783696764307589
37541,4.961096706329517
37542,4.9467609567437885
37543,5.250455577143064
37544,3.478179311904165
37545,5.08984148768788
37546,1.843382310349156
37547,4.238451395646586
37548,1.201399868622575
37549,3.36244177475277
37550,1.9612707796889475
37551,2.3884657036640426
37552,2.7356708616882845
37553,0.7082131259658689
37554,4.734483278024845
37555,3.0288374636793054
37556,4.997803841358234
37557,3.9081231383341613
37558,5.014889247865379
37559,4.9300791829180595
37560,3.929131260104588
37561,4.9467609567437885
37562,4.051474145320782
37563,5.361906220273085
37564,4.446691378482261
37565,5.1567615116159375
37566,4.426697649351968
37567,3.0345176944930436
37568,2.848146556013458
37569,1.2965992231910264
37570,0.5747967825110041
37571,2.284493206417653
37572,0.5474029280132258
37573,3.754620616204847
37574,0.9581084285853535
37575,4.690669860201245
37576,2.1228047439123814
37577,4.997803841358234
37578,3.2575726884828087
37579,2.5231465243418967
37580,4.68826049797284
37581,1.6948277382487442
37582,4.509977663542559
37583,1.4931833685473948
37584,4.692938146527203
37585,1.1887138732408986
37586,4.81133555924193
37587,0.8552725068270242
37588,5.374295283535586
37589,0.785588085581039
37590,5.23260358163277
37591,1.3103652454965562
37592,4.8825484837066675
37593,1.650404878469468
37594,2.8335696896372555
37595,1.9164534737258947
37596,2.3197508929618635
37597,3.006196792448781
37598,5.061204539229338
37599,5.154705520508686
37600,3.6425703594155454
37601,2.4359411309173433
37602,1.7708464220320004
37603,0.45997803264161075
37604,4.692938146527203
37605,4.692938146527203
37606,5.1332870157369115
37607,1.2984248953571893
37608,4.603933328547701
37609,4.338564263716734
37610,4.53579793597982
37611,4.855715467621467
37612,4.944485269376399
37613,4.208125051883233
37614,3.1480183194657165
37615,1.8230810352972098
37616,2.25943449879501
37617,2.8728931607439288
37618,4.617350033698854
37619,4.737356314469893
37620,4.737356314469893
37621,4.939937150312958
37622,4.5794553453873466
37623,3.031424631523111
37624,1.825629727406372
37625,1.7891117385061739
37626,1.983159396423017
37627,4.621361378206873
37628,4.676745802364193
37629,3.3176255744635075
37630,2.56599445382908
37631,1.2328649556810178
37632,1.0517008740900111
37633,4.583535972196033
37634,5.305056203894592
37635,4.8530740217036294
37636,3.7631392594783777
37637,2.466677665187409
37638,4.441304755442232
37639,4.724650362511641
37640,5.026489346579952
37641,4.165508469996839
37642,3.7923568276890345
37643,2.8865282353021735
37644,4.382322882418966
37645,4.5022110250115634
37646,4.850102079209172
37647,3.7629300124194236
37648,1.2915136007019001
37649,1.6477862750113053
37650,3.8146478605977046
37651,4.736392911628277
37652,4.870140337186991
37653,5.122443302930992
37654,5.418796565312372
37655,5.40203873054573
37656,4.993799181144175
37657,2.0629905264068604
37658,2.330177211503247
37659,4.701289946292004
37660,4.718302029163614
37661,4.912112057602733
37662,5.164415023346733
37663,1.5178349232518866
37664,1.4260289767670038
37665,2.516694545809473
37666,4.585097279171777
37667,4.659993845842717
37668,4.736264280492851
37669,4.442407737517867
37670,2.3144671909685077
37671,1.743639485623338
37672,1.7071214967231398
37673,1.8900392296903619
37674,3.755736029889134
37675,4.10682672796836
37676,4.793328460350854
37677,4.793328460350854
37678,4.989640428950241
37679,4.581384675864268
37680,4.24573744487657
37681,2.303969248594587
37682,0.7557894554210364
37683,0.7251236114324696
37684,1.1600067828655505
37685,4.457271469399742
37686,4.636798628571902
37687,4.020268637311667
37688,2.8640626724485783
37689,2.5869235992426045
37690,0.8117164238797936
37691,4.540111622895719
37692,4.964089133577581
37693,4.424920953779935
37694,4.603586047947823
37695,4.980655600847965
37696,4.008195049638514
37697,3.38887744940514
37698,2.184954981657467
37699,4.605092585220185
37700,4.500633221453136
37701,4.310538715328186
37702,2.559384128251381
37703,1.114407052946242
37704,0.8133493718264979
37705,2.1992113444859087
37706,4.833907314995692
37707,4.479769522180636
37708,4.717539204284283
37709,4.736392911628277
37710,4.736392911628277
37711,5.155011601274154
37712,5.438173907551776
37713,5.333826702743604
37714,4.925587153342049
37715,1.477757954069554
37716,1.068591448686337
37717,1.2487023370578945
37718,4.4836729153977055
37719,3.6478161943538425
37720,3.350329100649513
37721,2.1347996354732386
37722,2.159135114734695
37723,3.339429382132531
37724,4.979862566142457
37725,4.096137437385567
37726,1.870071345737699
37727,1.5450120875268663
37728,3.4535118778055267
37729,4.230970175473186
37730,4.0818566317182805
37731,2.8323158748675117
37732,1.9929569733087051
37733,4.590201490832626
37734,4.073249560679526
37735,3.8787365935058413
37736,3.8787365935058413
37737,4.785088978382753
37738,5.048182061564162
37739,4.704392385906358
37740,3.9273440352171454
37741,0.6079767344916206
37742,0.6367953432426324
37743,2.2219413316200143
37744,4.705539851141058
37745,4.4445260552602495
37746,4.631516485820506
37747,5.04939219816495
37748,5.307989281906563
37749,5.171731262893389
37750,1.920609624483774
37751,1.0689302468955637
37752,0.8419707775678968
37753,2.3948772285255933
37754,4.032194774099914
37755,4.357048034033075
37756,4.469820091459324
37757,4.518047062405214
37758,4.983692345742366
37759,5.066239181601033
37760,3.2852244892452056
37761,2.4469966313813774
37762,0.9527368145292395
37763,0.9123396405923897
37764,4.605092585220185
37765,4.500633221453136
37766,4.558098300776867
37767,5.287576190320455
37768,3.0890232233952575
37769,1.9587563431363892
37770,0.6194642018482759
37771,0.8941619878236594
37772,3.101579967895483
37773,4.509013184890169
37774,4.669849767377807
37775,1.4844346805020656
37776,1.1918664321711903
37777,1.1586391628202934
37778,3.9801731696315947
37779,4.191432503454475
37780,4.2345758911816285
37781,3.9884279392646427
37782,3.277209925691243
37783,2.8656179040295044
37784,2.7251793684724483
37785,2.292845573196013
37786,1.657245542423605
37787,3.085928124467757
37788,4.635283367153286
37789,4.662354578554484
37790,0.46012770718910817
37791,0.3469885350027529
37792,0.5515741450673541
37793,3.1857332386973782
37794,4.186414806014671
37795,4.396039240232661
37796,4.638919724084223
37797,5.0214281673354275
37798,4.677638491677623
37799,3.0091097504119673
37800,0.6303867363810001
37801,3.5497445086359427
37802,4.613258087708579
37803,3.8962811608976256
37804,4.213930205967592
37805,4.616340989396196
37806,4.898138330763972
37807,3.8556136672543166
37808,3.062623583300253
37809,0.44235414143686824
37810,0.8969076109086062
37811,2.023273265806961
37812,4.5126109230397935
37813,4.453855150835106
37814,4.683300188386108
37815,4.896112715567718
37816,4.698740390168594
37817,3.8592781751391922
37818,0.5372431263871611
37819,3.0170621209201443
37820,4.384886196182016
37821,4.295553189493033
37822,4.609356495525645
37823,4.609356495525645
37824,4.971168369112621
37825,5.267521631494001
37826,4.736642647721602
37827,0.6151109661657566
37828,4.047666536635999
37829,4.293143026914669
37830,4.639478231358433
37831,4.805180268635866
37832,3.8723671052620676
37833,2.040583854133626
37834,4.339256113274655
37835,4.368818243109047
37836,4.773443632756684
37837,3.5486295927475813
37838,1.7585990074465438
37839,1.1011107187860474
37840,0.9396542467109872
37841,1.6844243890055337
37842,4.16569738730608
37843,1.4701104522945256
37844,0.46012770718910817
37845,0.3469885350027529
37846,0.45297061695764673
37847,3.0276608695924447
37848,4.574860537526363
37849,4.310837780790625
37850,3.8426856931578213
37851,2.3240333426612296
37852,1.8445071558511603
37853,1.1912974451841725
37854,0.660170188440946
37855,0.466455430730322
37856,0.876741704785516
37857,4.158242724571786
37858,4.66300936735561
37859,4.572909712143665
37860,4.775417736667132
37861,5.1148229748050085
37862,4.771033299147204
37863,2.646527850071209
37864,0.7405136149816715
37865,0.5278360520830147
37866,0.48851098573680013
37867,4.174595880561966
37868,4.612594197165687
37869,4.403592325657897
37870,4.565736080256362
37871,4.981267802094214
37872,0.30879303830442173
37873,0.6215794532999676
37874,2.92422269385214
37875,4.37169893829353
37876,4.41551235611713
37877,4.535006139219985
37878,4.721446673574749
37879,3.9168658998762487
37880,2.159052565428582
37881,0.7883584484860536
37882,0.5316068926644079
37883,0.4688333279815963
37884,3.44142988534372
37885,4.676680907021936
37886,4.790836836929153
37887,4.619155002444738
37888,2.232171058790981
37889,1.0175263922189184
37890,4.828391387973585
37891,3.584256894638435
37892,2.7623993157857916
37893,2.3004756498210575
37894,1.5203461173294166
37895,1.4682228077150246
37896,4.0769112542216215
37897,4.617209896041842
37898,4.617209896041842
37899,4.737495174302483
37900,3.9996306140063522
37901,0.8364289969118605
37902,3.1358932568093145
37903,4.0968547215465385
37904,3.8902991829591795
37905,4.3567191934858975
37906,4.838689895389268
37907,4.973142501129854
37908,4.595908020077622
37909,1.6250987133965062
37910,3.7424904843192186
37911,4.991254319716515
37912,4.4748879304830895
37913,4.338564263716734
37914,1.3686999698536702
37915,2.432709844470221
37916,2.4273230262067362
37917,4.574206645971701
37918,4.733561004753272
37919,4.83730141808655
37920,4.518031318210243
37921,4.933027890193384
37922,4.338564263716734
37923,3.402681576279233
37924,4.977095989159643
37925,2.527199423703462
37926,4.678819455994626
37927,4.4403580505619615
37928,3.8834138962351763
37929,4.825178293714854
37930,3.8024627607079546
37931,4.977368357538583
37932,2.642813717909365
37933,5.02792529670265
37934,2.1044033256191623
37935,4.71824727788309
37936,1.7781513773456394
37937,4.332294620086444
37938,1.800238531937104
37939,2.187687513431326
37940,3.7479226105614187
37941,2.4974635233486135
37942,4.483710984509905
37943,3.6819823300039203
37944,4.661085879819758
37945,4.681032022794347
37946,4.986130743780662
37947,4.583535972196033
37948,4.096137437385567
37949,5.269946488359439
37950,3.203750934467498
37951,3.445107129182799
37952,2.2223511678695185
37953,1.4845077965106437
37954,1.931100071722317
37955,1.174055008225678
37956,1.510298858279281
37957,1.600086542575259
37958,2.1167325606769882
37959,3.605745496666572
37960,3.65898344387078
37961,4.629412890087839
37962,4.655433264851159
37963,4.2823859784848946
37964,4.825178293714854
37965,4.441304755442232
37966,5.049703031830646
37967,4.441304755442232
37968,3.8248085755760175
37969,4.925284236001474
37970,2.9944203133312506
37971,2.4146488244271826
37972,1.0964706449264356
37973,1.2702548320615281
37974,1.57415519970235
37975,1.6376589980546445
37976,4.924012736579647
37977,2.5153800456164173
37978,4.632865976447587
37979,3.773539600849697
37980,4.5464068747894695
37981,4.888694840385494
37982,4.583535972196033
37983,5.14109585988263
37984,4.583535972196033
37985,4.3845068156104
37986,4.73461785803242
37987,4.1499894364191725
37988,5.018358895149196
37989,4.382322882418966
37990,4.266268055650599
37991,4.219888163311905
37992,2.7732088111538187
37993,4.703898124549879
37994,2.314784121506553
37995,4.359745098200113
37996,1.2475403925870778
37997,3.9203519248034255
37998,4.73656058017465
37999,3.107679704809428
38000,4.100321041181826
38001,1.6321783214653904
38002,4.13745013858839
38003,1.283199309310754
38004,5.298277386425323
38005,2.52573925560614
38006,4.667583340680342
38007,4.419903269554798
38008,3.5584265533311537
38009,3.21794356523566
38010,1.473666693651857
38011,1.3890117000958129
38012,1.2702548320615281
38013,3.465152974094141
38014,4.1848185327551795
38015,4.591239858575611
38016,4.377030586952859
38017,4.626068954911618
38018,5.208036201801778
38019,4.701620255337885
38020,2.5645485510744224
38021,3.691143041530992
38022,4.909927952699644
38023,3.4195528669760153
38024,5.044888408843443
38025,3.143854745533601
38026,4.725476557683566
38027,2.328166142955674
38028,4.625143130675988
38029,1.9295502069324715
38030,4.668286518403141
38031,3.8771679302040827
38032,4.717539204284283
38033,4.407426254227861
38034,4.736392911628277
38035,4.736264280492851
38036,3.610336137357779
38037,4.948012732778457
38038,3.0218775959346456
38039,4.75258411563453
38040,1.0759570439165427
38041,4.045263843506943
38042,0.8650001930493509
38043,2.993359205520628
38044,1.2319055188038137
38045,4.467348616901781
38046,4.475770937995419
38047,4.663749676344187
38048,4.965553974884765
38049,2.69270989634776
38050,4.718302029163614
38051,0.6269970120743282
38052,5.305127259517293
38053,3.632829914123399
38054,5.243474881408517
38055,4.7760809889748925
38056,4.927503641217795
38057,4.4160751226055535
38058,4.373270306526084
38059,4.277807713094212
38060,1.4034785485669898
38061,4.462563764865848
38062,2.279357242625836
38063,4.5683510595923
38064,3.0755426489337414
38065,3.275493588377106
38066,4.55026818283577
38067,1.615533201218274
38068,4.852286260671623
38069,1.0090767881596125
38070,5.001115586365735
38071,2.4679581337458996
38072,3.6928948858564343
38073,3.4237263421240174
38074,3.603527190187192
38075,4.511380055438052
38076,2.7276663805176056
38077,4.462050051186499
38078,1.858601742579442
38079,4.603586047947823
38080,2.1577627874298644
38081,5.142006300912099
38082,2.598897527518738
38083,4.764771819859867
38084,4.509734794937213
38085,2.940323793701646
38086,4.917305754658178
38087,1.8114793723112046
38088,4.967862693822245
38089,0.9147574916426385
38090,3.8248085755760175
38091,4.535462317789143
38092,3.082940152131842
38093,4.738264144586455
38094,1.1767733303353376
38095,4.738264144586455
38096,2.2905326844427605
38097,4.889147223652266
38098,4.582105898098091
38099,5.1414501893962665
38100,4.314936810500776
38101,5.424612495673888
38102,4.462563764865848
38103,5.292674176319119
38104,4.955787715635762
38105,3.454276658908304
38106,5.275800210024823
38107,3.156270089483968
38108,4.936081551669913
38109,1.0619476976709934
38110,0.7152809774739628
38111,4.348688454075559
38112,1.2308905003301314
38113,4.5842288859476845
38114,4.603586047947823
38115,4.351691241752671
38116,4.718307055342043
38117,3.555953118264121
38118,5.252443640693336
38119,3.0422679823075542
38120,2.434111922568159
38121,2.100055125360831
38122,0.6961123137061174
38123,2.446546083325119
38124,0.5632202606084699
38125,4.939904844618678
38126,1.047459401809489
38127,4.5185020117337125
38128,3.394593332259139
38129,4.680491782683198
38130,4.483967760662521
38131,5.1216183298855205
38132,4.938631784804147
38133,5.26233056605608
38134,4.738264144586455
38135,5.143220226966471
38136,4.884434626917565
38137,3.089032171494766
38138,2.0911649830884915
38139,1.3700690902214747
38140,0.602875444392332
38141,1.224488857904622
38142,3.3068014557915304
38143,1.245571406892156
38144,4.514598618516643
38145,2.0225130780553875
38146,4.9027086355301535
38147,4.233798369496082
38148,3.2320496296904317
38149,4.8841360940356235
38150,0.8817970113034318
38151,4.803074548294136
38152,3.7383867792910266
38153,4.492898170177473
38154,4.691705634013659
38155,3.5286890685559777
38156,4.573998757090725
38157,3.399282540284945
38158,4.663810008857469
38159,2.8723637223186147
38160,4.680491782683198
38161,2.6786585172475896
38162,4.86931536414152
38163,2.185674780214336
38164,4.877554413584698
38165,1.522966789596418
38166,4.316978309183191
38167,1.8360510202580789
38168,1.697871408592364
38169,1.9779443083011643
38170,2.6174435476549966
38171,4.188583997437754
38172,4.026664972432673
38173,4.0818566317182805
38174,4.268627465832089
38175,4.182836917095413
38176,4.673390890502987
38177,4.221426232701799
38178,4.768515032497116
38179,3.8906619211811972
38180,4.768515032497116
38181,3.6723623650258084
38182,5.032965419729735
38183,1.0881972158303999
38184,2.3504656824258006
38185,2.3046896962137033
38186,3.82806210850433
38187,3.8911846233764527
38188,3.9989861525273582
38189,3.8787365935058413
38190,4.179960939916285
38191,4.476186183361842
38192,4.106546667624954
38193,5.040414688957171
38194,3.1684530386179155
38195,3.238064977923122
38196,2.4017161045435067
38197,2.522011997195122
38198,1.2461855907876311
38199,1.578091029645855
38200,1.109791280033049
38201,0.8053370987714397
38202,1.4634734292879923
38203,1.0846776848050987
38204,3.5613180218830096
38205,4.3078871815884865
38206,4.793623031363488
38207,4.407396957853686
38208,3.9283137207830174
38209,4.636808781286613
38210,2.1014436398687026
38211,4.777636160426636
38212,3.3043409831533133
38213,4.026884389764892
38214,4.5340661388147065
38215,3.348235446996449
38216,4.636808781286613
38217,2.4098256146586596
38218,4.822291702606114
38219,0.7860316636264166
38220,2.899681791292955
38221,1.2486201097938385
38222,3.058094305185763
38223,4.383267457218553
38224,4.367920931527483
38225,4.383267457218553
38226,4.411064319254637
38227,4.6951383709955525
38228,4.383267457218553
38229,4.802289037905785
38230,2.799103468503332
38231,3.9971904940570973
38232,1.7293285236273375
38233,0.6516791334094956
38234,2.9785135789085384
38235,0.44292910326540547
38236,4.535462317789143
38237,2.049603287407305
38238,5.043869828215121
38239,3.922694000450509
38240,4.797867417427185
38241,3.788687710114459
38242,3.4273784212659604
38243,4.558098300776867
38244,2.619547794243676
38245,4.558098300776867
38246,0.6226487958204179
38247,4.8310573010335105
38248,1.9655458154640344
38249,5.197913526584492
38250,4.122855970578232
38251,4.034672979781991
38252,4.346970705412735
38253,1.0162318209455454
38254,4.375709359049207
38255,4.4972376978467565
38256,4.520029060211515
38257,4.422813279956621
38258,3.63443933906496
38259,4.465956667683774
38260,3.032416361084953
38261,4.375709359049207
38262,2.719151838757266
38263,4.203833071251127
38264,3.6832956196206683
38265,4.42631541196833
38266,4.511620226790136
38267,4.30121522120041
38268,3.966778144730774
38269,2.1896582774785354
38270,4.0393412531504875
38271,1.744667813505657
38272,3.5137799251514674
38273,1.1789687649154132
38274,2.7488247428758883
38275,2.055482489646435
38276,2.29732906469297
38277,2.3153714541588926
38278,1.4478827326238615
38279,2.7810212120547586
38280,1.7715855067243762
38281,4.435349792140001
38282,2.9546162168147836
38283,4.511620226790136
38284,3.330884526857959
38285,1.8923695676246535
38286,3.9663089561689473
38287,1.597964069409882
38288,3.9663089561689473
38289,1.4743278094563823
38290,4.646349867754963
38291,2.0965429006148764
38292,4.253620430676535
38293,3.288498348822526
38294,3.3001166349960998
38295,3.8834384769780206
38296,2.758081052453621
38297,3.8710306764340583
38298,1.084310276689495
38299,2.3872395866782696
38300,1.6797656797583203
38301,1.6635856688645878
38302,4.601670961930575
38303,0.14209114460663833
38304,4.300617323852383
38305,4.453279168977234
38306,4.337746421258947
38307,4.883170322638609
38308,4.453279168977234
38309,5.183058587487764
38310,4.453279168977234
38311,3.8469470541290454
38312,2.5066843167214246
38313,1.8251837323183042
38314,1.325990356983343
38315,0.9480313404048741
38316,0.8241014940916241
38317,4.8562388014938795
38318,0.5349776026521393
38319,3.707738980042993
38320,2.0487902065837282
38321,3.7448680774495577
38322,4.341976010359779
38323,4.213930205967592
38324,4.852254758143514
38325,4.213930205967592
38326,2.4235615933397363
38327,4.642750784882787
38328,3.069009790848628
38329,1.9605436343967244
38330,4.489227073878311
38331,1.3967596359300487
38332,4.489227073878311
38333,0.6656680041953407
38334,5.0338971485721435
38335,0.44851724060749987
38336,1.3901839631504145
38337,4.14360984340973
38338,0.5923597004234887
38339,4.560975113702686
38340,2.0930546937850374
38341,4.410711763107953
38342,4.074414118332212
38343,4.489227073878311
38344,5.071799406125152
38345,5.184666690314532
38346,1.5971879532728668
38347,3.0924614563097204
38348,1.011878585263026
38349,2.4746176211580684
38350,0.9151110484577091
38351,2.0646665627307996
38352,2.013382741157142
38353,0.7383918354880133
38354,3.054032669528859
38355,0.9557910469701225
38356,4.3793429318482175
38357,4.488395970769704
38358,4.656160005184162
38359,4.251739771669433
38360,5.017992795817476
38361,4.609356495525645
38362,4.894995876332597
38363,4.75835584193101
38364,4.652107427139881
38365,3.9134623535072466
38366,2.7737296490310954
38367,3.1347929554643947
38368,2.246409998574199
38369,2.5854382038611727
38370,1.3660329282874923
38371,2.1754871454339035
38372,1.0612657960623662
38373,0.5973585147259155
38374,1.0416695310714295
38375,4.530837333136442
38376,1.7954257433624745
38377,4.3362864146418225
38378,2.497950745150986
38379,4.656160005184162
38380,3.3663679545795686
38381,5.139373317355653
38382,4.368818243109047
38383,3.148902182893787
38384,4.829679666301128
38385,1.7043792507931546
38386,4.863450805256023
38387,1.0198720497638303
38388,4.1977081183721685
38389,3.99502303991534
38390,2.6279721907652527
38391,4.206282373738221
38392,1.4882282322864337
38393,4.249425761465374
38394,0.8637985553263037
38395,4.528431304155581
38396,1.3599870523744928
38397,2.90458827273535
38398,4.548824375320581
38399,2.1896231665187167
38400,4.678403159327248
38401,2.1063126018857816
38402,4.828024834111217
38403,3.266686499582427
38404,3.3126726406019604
38405,3.7467001441546577
38406,2.061464817097658
38407,4.1226411791742015
38408,4.406259697170904
38409,4.678403159327248
38410,4.347966878197189
38411,4.8009536227100185
38412,4.4283467841810396
38413,4.8120201233116955
38414,4.4283467841810396
38415,4.36812589575865
38416,5.032324480688961
38417,3.9855361415161736
38418,4.952038997948127
38419,2.633094919431989
38420,0.47801215524571866
38421,2.076395778078581
38422,3.0517734983933567
38423,1.084310276689495
38424,3.95473463577426
38425,0.9242011702827424
38426,1.4887038077056685
38427,4.090295997456736
38428,0.9215893963388485
38429,4.4283467841810396
38430,2.0588530431537633
38431,4.516369481730154
38432,3.1172438831498988
38433,4.7007795593020845
38434,4.359778907834297
38435,4.6794559369986235
38436,4.565736080256362
38437,3.008934051552795
38438,4.565736080256362
38439,2.014005351600431
38440,4.6865633464735
38441,4.332252414794629
38442,4.717317658398966
38443,4.189417991697512
38444,3.9122191145502776
38445,4.226547089104076
38446,1.7894491967923154
38447,4.518397234467168
38448,1.378130093910969
38449,4.518397234467168
38450,0.46580308603570114
38451,4.518397234467168
38452,1.7588431001148845
38453,5.078862433050224
38454,3.8389277924181373
38455,3.0997321644536684
38456,3.7321664598305078
38457,2.066141299098569
38458,4.504845362806114
38459,4.49292533234688
38460,4.535006139219985
38461,4.839535352672656
38462,5.168421778643023
38463,5.154354315487999
38464,3.0924614563097204
38465,2.4296661235908257
38466,2.5690036238558513
38467,1.160930500160024
38468,0.7512938526402699
38469,0.29344011582645346
38470,1.8495655453397055
38471,4.535006139219985
38472,2.869513575615866
38473,4.653995048130338
38474,3.745166179928765
38475,4.840411859723922
38476,4.350964014514257
38477,4.985396817269997
38478,4.241881851490401
38479,1.304389596745524
38480,3.9236007357838307
38481,4.198068433666801
38482,3.2031523266589987
38483,4.499403601648649
38484,1.7874937225978704
38485,4.516085375474378
38486,2.110716149326575
38487,4.516085375474378
38488,3.4717023676907544
38489,4.86309771861552
38490,4.301750528231513
38491,5.0354666113238
38492,4.490857825438689
38493,2.7594907092478773
38494,4.567128260088824
38495,1.6483467781219565
38496,4.772155354429141
38497,1.3521320180261598
38498,4.875721217232388
38499,1.0595637696952844
38500,4.2761567493519905
38501,1.0105520514346364
38502,0.708645464728691
38503,2.568083040343936
38504,0.6327897733440081
38505,4.050803713344506
38506,1.7306383326294934
38507,4.257937110407913
38508,3.657914011070199
38509,4.567128260088824
38510,4.033855046089743
38511,4.62494550585286
38512,3.2819752193103935
38513,1.8286749813757692
38514,2.1269511681394784
38515,1.3011374477424262
38516,0.7647472887033856
38517,0.9796413272177542
38518,0.42405368387884984
38519,1.128978270392197
38520,0.3983394070641095
38521,2.668950686596572
38522,2.001125312238887
38523,4.487631112035175
38524,4.1334288309025
38525,4.726428673700806
38526,4.170557928309064
38527,4.753499885102004
38528,4.3567191934858975
38529,4.3499805121573365
38530,3.8743965279090506
38531,2.539156593235593
38532,2.6872963404820203
38533,1.5206658423554233
38534,0.31091451169249457
38535,4.311711665332782
38536,4.3567191934858975
38537,4.516738438894286
38538,5.138578160238423
38539,2.1734775438066283
38540,3.8364979398220576
38541,4.5393544162481865
38542,4.495191262492572
38543,4.606170707317448
38544,5.001100300283925
38545,5.063708046103434
38546,4.452439227835459
38547,2.8945353793892865
38548,2.3125196143871736
38549,2.5543494515002534
38550,4.598350562411251
38551,4.685229796259308
38552,4.808391824504699
38553,5.117875115355789
38554,5.071681521888085
38555,4.3471963437538514
38556,3.6849719543135544
38557,2.2372999834726857
38558,4.481013078741082
38559,4.609020727574833
38560,5.108720494142183
38561,4.564457086043246
38562,3.608178031594166
38563,3.3313771112610158
38564,2.4650955120732334
38565,3.7861363004823394
38566,4.851937248536344
38567,4.532038771009722
38568,4.47118801580806
38569,1.3929707828375257
38570,3.8271011072840317
38571,2.6407955029038317
38572,1.4114295322581472
38573,5.032132564694298
38574,4.401439685895548
38575,4.453623574956911
38576,4.26533964765606
38577,4.62267457068055
38578,4.043920906840313
38579,2.831033131601719
38580,1.4542046825644734
38581,1.8000974889742578
38582,2.6780504695690923
38583,3.9084867438304185
38584,4.606189713473885
38585,4.649333101201038
38586,4.699430600943436
38587,5.210191504819843
38588,5.463761959022447
38589,5.4470041242558045
38590,3.260658425506805
38591,2.2974442923332696
38592,1.2254388315629212
38593,1.364750315683347
38594,4.880577690495448
38595,4.7466233667757844
38596,3.9513045781560434
38597,1.6902786038533075
38598,1.5779793976923322
38599,3.1791615350277804
38600,4.431953331886427
38601,4.574795260494335
38602,4.609624356830342
38603,4.807682951746673
38604,3.9027602875017773
38605,2.96857597804163
38606,4.147098594928464
38607,4.792020222341087
38608,4.792020222341087
38609,5.025519667446919
38610,3.3722673097652036
38611,2.5709413918348694
38612,4.751174121424695
38613,4.26039778466015
38614,4.482189126461356
38615,4.644263778992587
38616,5.03826492738128
38617,5.0496501770346
38618,3.1296163247012823
38619,2.8011542328290644
38620,1.8847457340265534
38621,0.9847789656574342
38622,0.8883435192516036
38623,2.622326516232773
38624,4.8668823771007315
38625,4.431542519581105
38626,4.584632630745721
38627,4.631524224340977
38628,5.067558988875561
38629,4.223489402474719
38630,2.6901606476938307
38631,2.080021121362421
38632,0.8691748554837583
38633,0.7362828023861109
38634,2.3393233641443407
38635,4.612558964882608
38636,4.542928697451567
38637,4.9018833642162845
38638,5.051501036853656
38639,4.5002580851611205
38640,3.718324834048926
38641,1.2403463234692143
38642,4.394899022525675
38643,4.6125246234059425
38644,4.508065259638894
38645,4.765175901882686
38646,4.765175901882686
38647,5.092653563278141
38648,3.298316707433226
38649,1.700026057056179
38650,1.224386094910466
38651,1.0506038630272436
38652,4.496045117235058
38653,4.708813120295368
38654,4.708813120295368
38655,4.8815898520633
38656,3.6568949780736713
38657,2.327179062563834
38658,2.7722812135913295
38659,4.072880394578942
38660,4.697917968161553
38661,5.11024644903072
38662,3.8055480683828034
38663,2.3675508522425326
38664,3.9971708785537787
38665,4.126932951339957
38666,4.315989444287977
38667,4.121599087640705
38668,3.930458050993133
38669,2.630140353446785
38670,1.4216679167158408
38671,1.6045119070510383
38672,3.9653977306008863
38673,4.002526828007454
38674,3.944393441943819
38675,4.52921086072038
38676,5.14579284900167
38677,4.157838978377878
38678,0.8050695195806085
38679,2.372054024053059
38680,3.4424888316549653
38681,4.371365645592116
38682,4.448105796407105
38683,4.665591771541021
38684,4.665591771541021
38685,4.834183029308877
38686,5.136295586192547
38687,5.372234091295288
38688,1.2776617525875473
38689,1.016862789337186
38690,1.400931323756791
38691,2.5471884424885456
38692,4.417685885055807
38693,4.436780616614978
38694,4.996987599369069
38695,2.7089891635465406
38696,1.1055710197912845
38697,4.61461613340653
38698,4.510156769639481
38699,5.1307732162427175
38700,5.35182099970918
38701,5.268453903297838
38702,2.197401992860118
38703,1.1682907473106439
38704,0.9891325199118416
38705,4.173416497795747
38706,4.475953062633418
38707,4.431492014281713
38708,4.474635402008866
38709,4.3535922712139055
38710,4.565122363069541
38711,4.280408152108879
38712,4.101936594197758
38713,4.250872252629162
38714,3.5680940580209115
38715,2.4933526420328302
38716,2.011295096753837
38717,1.722497412246987
38718,1.5979910584642383
38719,1.5870357731047782
38720,3.1963673928323186
38721,3.3554202580458687
38722,4.061135339010083
38723,4.673910958420358
38724,4.394191589564347
38725,3.583787303966697
38726,2.725028253634659
38727,0.6877886352486777
38728,4.220391518947097
38729,4.30999473308426
38730,4.3471238304908235
38731,4.438911065197486
38732,4.475946355227055
38733,4.475946355227055
38734,4.964802720522873
38735,5.086697553905441
38736,3.8978453153340897
38737,4.254858136187437
38738,4.863348267761918
38739,2.218649528046317
38740,4.507788414275712
38741,4.475664162267472
38742,4.503102075614273
38743,4.6951915150888714
38744,4.983016103595315
38745,4.074572527975401
38746,2.183769535819391
38747,4.1083908312646376
38748,4.441963552576556
38749,4.373407175522761
38750,4.345537271438994
38751,5.058916571001472
38752,5.312487025204076
38753,4.929284040660964
38754,2.894061249809252
38755,2.4335930390834966
38756,0.7881735079433974
38757,0.7089653242428395
38758,4.3482261020388675
38759,4.391369489766021
38760,5.203618126744378
38761,4.8640282357578934
38762,4.0876614580982755
38763,1.9969512431557195
38764,1.599322140170826
38765,1.277064784052568
38766,1.1960379135583035
38767,2.178731702635278
38768,3.489199841622728
38769,4.486258093942959
38770,4.828432293101099
38771,4.47135162474455
38772,1.031493186871618
38773,0.945541076174355
38774,1.7774876771674009
38775,3.8469488004244554
38776,4.207882040974709
38777,4.531032239679516
38778,4.81400623097382
38779,4.900084792900328
38780,3.6022871166120494
38781,2.4141844450349703
38782,1.7391397640587307
38783,1.0672968165697088
38784,2.204560463384625
38785,4.32204466001415
38786,4.439553663404563
38787,5.116873282937625
38788,4.07523780484248
38789,0.5528161792298705
38790,0.9604395006737924
38791,2.097703147488707
38792,4.192219437504212
38793,4.241459242167395
38794,4.571910393863593
38795,4.887896107697999
38796,4.172086157134389
38797,0.5989019775476957
38798,3.217159622472219
38799,4.554592163444802
38800,4.9528585375647785
38801,5.224894692201345
38802,5.036597451777968
38803,1.3787203730109376
38804,0.3685281281260961
38805,3.0085838495829984
38806,3.6919112069978657
38807,4.589364112477665
38808,2.417158459078175
38809,0.8642851869782318
38810,0.817723752975034
38811,1.9159954456744699
38812,2.9538747313467244
38813,3.401174632511078
38814,4.2946761689375785
38815,4.20324369069534
38816,4.506408328668835
38817,4.714530377946987
38818,4.975959250865404
38819,3.4653710318079716
38820,3.0681137551959567
38821,1.9021256081257996
38822,1.5320284453499424
38823,1.1012668934689904
38824,2.219362246757023
38825,2.663522855881577
38826,4.306209701078102
38827,4.540959886100526
38828,4.664121914345917
38829,5.007465588807515
38830,0.7075152480459813
38831,1.2322924079614987
38832,4.765056264967878
38833,3.568928356302209
38834,0.5229953655928714
38835,2.0675552125736507
38836,4.140653740567649
38837,3.8536890708547156
38838,4.180780151402195
38839,4.404961362738992
38840,4.523358775453719
38841,5.034525249184299
38842,4.101004832554215
38843,1.5098746700502892
38844,1.7758651876675338
38845,2.578089500477763
38846,4.772623321781463
38847,4.452047874765419
38848,4.397305327232011
38849,5.0998222431832305
38850,4.920143248947678
38851,4.138155484531986
38852,3.3514368890962793
38853,2.0127926114521415
38854,1.4678855289189836
38855,2.4117457127579622
38856,4.902015270551557
38857,2.9813264858811546
38858,4.3504137336367545
38859,4.507854900949455
38860,4.397305327232011
38861,4.892673239649982
38862,4.057204349004764
38863,3.532445653300926
38864,1.9636072634467443
38865,3.291359995164353
38866,1.9525497459000565
38867,2.488835748396815
38868,3.8493375640898155
38869,2.1596065805522286
38870,4.641493950138404
38871,1.9190693742448812
38872,4.808391824504699
38873,3.7494699095991546
38874,5.063411773081647
38875,4.62854597075917
38876,4.827523868756456
38877,4.62854597075917
38878,1.691038113247912
38879,4.960013269838425
38880,1.9929877253370605
38881,5.085582270327324
38882,2.141705695029052
38883,4.084129561040641
38884,2.6345605646063537
38885,2.8341918965666593
38886,4.823870055705087
38887,1.259074620406315
38888,4.823870055705087
38889,1.2104182110543207
38890,4.834085592045909
38891,1.7141783773758927
38892,1.411218620035294
38893,2.6374867010221563
38894,4.737257900944193
38895,4.618497872667839
38896,4.569167868416286
38897,4.569167868416286
38898,4.606203158445855
38899,4.606203158445855
38900,5.09999129303346
38901,4.741238194591852
38902,5.364030023139986
38903,3.730655445876316
38904,5.328920307604832
38905,3.0082399755488494
38906,5.0341488571750395
38907,1.6637776806837852
38908,4.002283235372789
38909,4.714879547915136
38910,2.5563645027876385
38911,4.693725871808798
38912,1.3494035098765005
38913,4.265110165908027
38914,1.7567408849353143
38915,4.1619131825933655
38916,2.6233320075474635
38917,4.480832782874994
38918,3.7461572929685176
38919,4.52772437647025
38920,4.124784085186802
38921,4.52772437647025
38922,5.362522195814048
38923,4.736541689214404
38924,4.88457891534363
38925,5.113392734607547
38926,4.061031381641916
38927,5.047358177564875
38928,1.6235740365767948
38929,4.405157004556967
38930,4.209281576760155
38931,3.104685636956565
38932,4.453623574956911
38933,1.4114295322581472
38934,4.824361670218868
38935,1.7601395389604964
38936,5.249114956996284
38937,2.6378605865222684
38938,4.545577829517477
38939,3.867547056352536
38940,4.1549384784252075
38941,4.908032911390311
38942,3.3381534469318273
38943,4.367231003033532
38944,1.8696571514816058
38945,4.174452480424148
38946,1.4625189739556195
38947,5.013281850629695
38948,4.945624483842671
38949,4.948821697457708
38950,4.706523140481463
38951,4.765175901882686
38952,4.88287647775101
38953,4.765175901882686
38954,3.5695246855706615
38955,5.160865591080267
38956,4.607498698928533
38957,4.609622639387731
38958,4.683049999354799
38959,3.8532297784293186
38960,5.308102852016258
38961,3.507241547106306
38962,4.562989676359018
38963,1.5798600933103122
38964,3.7261187444001735
38965,1.0165391492196507
38966,3.3999034706592726
38967,2.4630220083827794
38968,1.5631294637003654
38969,4.505473264973917
38970,2.4164577295591974
38971,4.621256587703702
38972,2.6335197137963178
38973,4.572669602592526
38974,4.684520923501283
38975,4.7466233667757844
38976,4.907658082235055
38977,4.924386545524513
38978,5.07839661566672
38979,5.251701572593346
38980,4.8839453259906405
38981,5.369755230125034
38982,4.690093099667961
38983,5.114232628051553
38984,3.945723642371913
38985,2.5773828279294584
38986,3.2238329476430274
38987,2.149761141395173
38988,2.5173987167951486
38989,3.963912141123605
38990,2.0137660145448
38991,4.807682951746673
38992,1.924378740591969
38993,5.132859957940862
38994,1.8504603894997897
38995,4.296322749875229
38996,2.2762730417016406
38997,2.0619667853343375
38998,2.7042014998977075
38999,3.8441653270935867
39000,4.491942659296148
39001,4.4641031247206655
39002,4.480561249851647
39003,4.615549844739164
39004,3.028441394780228
39005,4.899950666958021
39006,0.7861307093678089
39007,5.0486578912617786
39008,0.8612423655041066
39009,4.699884329045361
39010,1.2774313776464201
39011,4.086790900058915
39012,3.797687515371567
39013,1.388868772888017
39014,4.297526882066714
39015,0.9306728415889135
39016,4.482189126461356
39017,2.40795727922363
39018,5.315494613591564
39019,4.685500396741043
39020,3.54104724062981
39021,4.356926337589648
39022,1.3852588828170054
39023,4.43986154096568
39024,3.5196223938806526
39025,4.804020701183004
39026,4.468671616987669
39027,4.2797834035884215
39028,5.3166884500820615
39029,1.2159788238599476
39030,4.957413212799229
39031,4.581062536177704
39032,3.6490389860301917
39033,4.518001621239222
39034,1.1216595273429737
39035,4.631524224340977
39036,1.201827784296363
39037,4.730198382044807
39038,4.8457310256152715
39039,5.212546677625444
39040,4.719310727384353
39041,3.246889671125804
39042,4.766202320979609
39043,3.5145196273271213
39044,5.229198391285117
39045,4.529224671232481
39046,5.469577889383963
39047,4.50809960111556
39048,5.337639570029194
39049,4.766202320979609
39050,3.4667226054236964
39051,1.3539430514863788
39052,2.819319491892623
39053,0.9864119136041389
39054,2.3597067321397094
39055,0.7999682294813198
39056,3.4276814087396703
39057,2.377609970284129
39058,4.770347964121137
39059,4.915444776094172
39060,4.542894355974901
39061,4.541410611585605
39062,4.699430600943436
39063,4.73867585654567
39064,5.242759803163005
39065,4.85857370095754
39066,5.483139301261851
39067,4.461216020899051
39068,5.378792096453679
39069,4.6452397528743825
39070,3.8161146548891725
39071,5.208904879132133
39072,3.53861550711459
39073,5.2078481975742115
39074,2.3513289788585365
39075,5.064283400418455
39076,1.3988150294909396
39077,4.506697679016125
39078,2.5966587757581636
39079,1.9441697548903354
39080,3.860026386321059
39081,1.5686001826581644
39082,4.509803006010227
39083,1.394734016976136
39084,5.326958536663821
39085,1.3784162037716892
39086,3.907977730978894
39087,4.839933703750938
39088,3.3450808966204377
39089,4.9348189198692625
39090,2.41010373228229
39091,4.740966693546583
39092,2.155357874934919
39093,4.3471963437538514
39094,3.487248676460035
39095,2.913112283173999
39096,4.280013791642348
39097,1.6620499923192391
39098,4.314842887978355
39099,2.0037228858482248
39100,4.839933703750938
39101,2.4585269253240365
39102,4.939507915599055
39103,3.5545547490949336
39104,5.164709791304862
39105,3.85000447271324
39106,3.7225458809108773
39107,4.194848537080929
39108,3.126867707752361
39109,4.19951209017763
39110,2.0292870150989875
39111,4.2211596822904776
39112,1.7214956524416685
39113,2.2318170776136084
39114,2.099211833092206
39115,1.2695239170868622
39116,4.167009002505447
39117,1.247929852884213
39118,4.126932951339957
39119,2.4457281739767494
39120,4.277400128681591
39121,3.6738834142430434
39122,3.419232301914273
39123,4.729958965201801
39124,3.129499478962976
39125,4.1057238113221155
39126,4.654838790864088
39127,3.9814287319733896
39128,3.9814287319733896
39129,4.913125717066123
39130,4.891762788702388
39131,5.1134514481341755
39132,3.4836865712756437
39133,2.8140379313467503
39134,1.0362693777831218
39135,2.3429524217218445
39136,0.8056021949664447
39137,1.8713338057654814
39138,4.410976699000541
39139,1.2347903772381439
39140,4.613407882479659
39141,4.645625640994681
39142,5.242271639606735
39143,4.476182777356345
39144,4.242178742601096
39145,4.970277553365999
39146,0.9570370368801363
39147,3.612283622137071
39148,3.2111261453163804
39149,3.2101343072326833
39150,4.383023194413132
39151,2.6697609782999017
39152,4.434702800678651
39153,2.1870942050110695
39154,4.374542497328654
39155,4.143487757648688
39156,4.436780616614978
39157,4.389889023019722
39158,4.80761674202642
39159,4.555513372111249
39160,3.5513298329097487
39161,5.073512138134363
39162,1.9230881531669042
39163,5.1388367268383
39164,0.5463030489302237
39165,4.214542015417226
39166,2.1615870166607567
39167,3.1116131529669815
39168,3.080142630192909
39169,0.7380398819090441
39170,3.9664930194716206
39171,1.0243233698458414
39172,3.752077598009995
39173,4.544985865975488
39174,4.611611460173292
39175,4.564719866578036
39176,4.611611460173292
39177,4.842948627736274
39178,3.401532907858907
39179,4.990508810366548
39180,0.7090095443199664
39181,4.249967332618196
39182,2.0605163475522152
39183,3.6934837649305035
39184,4.429222518445633
39185,2.8815403264088393
39186,4.429222518445633
39187,0.7353267014190286
39188,4.295894187076455
39189,3.2070856335876483
39190,3.0542517065960597
39191,4.457532790373011
39192,2.4742409930188427
39193,4.59338858911849
39194,1.6643311078258483
39195,4.814264365889097
39196,1.3461522174453198
39197,4.68901456898076
39198,1.3290814573484586
39199,3.9017200251522812
39200,4.026005430558848
39201,3.367516228923747
39202,4.237264764381726
39203,1.9984466435094999
39204,4.485068691582822
39205,1.3793794867962166
39206,4.608230719828213
39207,2.2055951820794797
39208,4.608230719828213
39209,2.4579008727619893
39210,4.198598450056457
39211,2.9103443487650487
39212,2.974973349948037
39213,3.7957440811564425
39214,1.9242452646160033
39215,3.70974242438125
39216,3.3832597926213523
39217,3.159875580577364
39218,3.9313732662238983
39219,2.951327975544597
39220,4.061135339010083
39221,2.467671161601918
39222,4.759989520346867
39223,1.7985421689393286
39224,3.0494653786109036
39225,2.249202658506504
39226,1.3637754438553242
39227,3.0650554851793452
39228,0.2696958511993284
39229,4.7773547198332516
39230,1.8159801699396434
39231,4.127925987115853
39232,3.2873622899817487
39233,1.9326149806287929
39234,4.555238543737427
39235,0.6390088344233872
39236,4.077441997289779
39237,0.5077630404909841
39238,3.27382870930965
39239,4.363677792882695
39240,2.817807616418214
39241,4.645540060643655
39242,1.0333604626636113
39243,5.242032406733157
39244,0.7037844543759516
39245,4.865008894473653
39246,1.0981440328379193
39247,2.085789879716608
39248,2.198902899016773
39249,1.5952028897916217
39250,4.700842367837026
39251,0.803449278158641
39252,3.751041991061301
39253,3.6922739272390395
39254,3.788171088467866
39255,4.805665411863491
39256,4.301749729782693
39257,4.301749729782693
39258,4.425846660864921
39259,4.775223701226169
39260,4.098864110030293
39261,5.034362463955074
39262,0.6154166832145095
39263,4.977930607922758
39264,1.05127599339548
39265,3.3248422884492257
39266,4.415503858917475
39267,2.7321846392878157
39268,4.466066785584704
39269,1.6653013849812666
39270,4.503102075614273
39271,0.8749269727673272
39272,5.248911499703257
39273,0.6215797823851411
39274,4.910661198786607
39275,2.1776416482938346
39276,3.354680161458693
39277,3.2040172076119973
39278,2.3227724563803926
39279,4.223672121698448
39280,1.5691806736426062
39281,4.458647246644628
39282,0.8315864695337037
39283,5.123716940964139
39284,0.619348184832881
39285,2.783240667106148
39286,3.1186911722045147
39287,0.6744647588692088
39288,4.771091982495029
39289,1.0465058890044754
39290,4.128756706343453
39291,4.301723853615394
39292,1.8657297023240846
39293,4.591247892184798
39294,1.0353276415632664
39295,4.638139485780054
39296,4.4906473690134385
39297,4.638139485780054
39298,4.620524814156331
39299,5.142339782838497
39300,4.684098181577316
39301,3.3970116606133676
39302,4.984815668724593
39303,1.2211375538350127
39304,3.082352694979175
39305,2.1335993342626995
39306,1.949794125849348
39307,3.192180518030511
39308,4.043295630585531
39309,4.130869246663005
39310,4.254554964408409
39311,4.3926871503905724
39312,4.297698352135562
39313,4.684098181577316
39314,4.409804370513311
39315,4.817071595338629
39316,4.486258093942959
39317,5.104896183845073
39318,4.994812015612133
39319,3.4111208880427597
39320,3.185049180778022
39321,2.5045158922237922
39322,2.4477290601683097
39323,1.2116407944426852
39324,1.6885148796721179
39325,2.6228923117598324
39326,1.2839071422785997
39327,4.959680387970375
39328,4.248375259237462
39329,4.685750658733979
39330,2.924479245589272
39331,3.8252634821191385
39332,0.6390088344233872
39333,2.9548374396070316
39334,0.5077630404909841
39335,2.02714075649776
39336,3.1352991283710177
39337,1.4703182360898723
39338,4.506269337783215
39339,2.1861696081548425
39340,4.375727719812585
39341,3.3228544631928996
39342,4.359173757420714
39343,4.179372476302779
39344,4.476588953434133
39345,4.707502617281439
39346,4.476588953434133
39347,4.707502617281439
39348,4.548564801292857
39349,4.917449992386713
39350,4.80798694018962
39351,4.514640861685953
39352,4.868883508318575
39353,1.3637754438553242
39354,2.1032838332578154
39355,0.6147604225353817
39356,4.342554808682669
39357,4.150006163906737
39358,4.278588339573959
39359,5.019365553042062
39360,4.525018800268337
39361,3.2718235404588287
39362,4.571910393863593
39363,2.63332717236637
39364,4.6103760218497
39365,1.3857278584808
39366,5.187420520042275
39367,0.7827273637348403
39368,3.3619508696026412
39369,0.553100167545361
39370,2.9551508960192883
39371,3.153402549677727
39372,2.324247192748162
39373,4.616576949162462
39374,0.9497725835536581
39375,5.168682225442221
39376,1.0405901717383776
39377,4.965731860610488
39378,2.1778538185532925
39379,1.7572455567568863
39380,4.206859281532341
39381,0.7008985938606556
39382,4.4131158738442435
39383,4.44098577792801
39384,2.0394802587094616
39385,4.369302456020644
39386,0.6123905046409425
39387,4.573202459918786
39388,3.8654589158857355
39389,4.620094053514042
39390,4.452905808387244
39391,4.620094053514042
39392,4.381222486479877
39393,4.72487447004079
39394,4.425035904303477
39395,4.894748324308737
39396,4.589364112477665
39397,4.112302740356896
39398,4.692306171697628
39399,2.6796971855079716
39400,5.057994362507264
39401,1.5768381371618716
39402,4.916145235038033
39403,0.41216698396923984
39404,4.13421742123638
39405,0.7052772491882437
39406,2.877626669803931
39407,1.8425408960031613
39408,1.4661184116842032
39409,4.542472518882409
39410,0.589427009410538
39411,4.953735044616044
39412,0.5266534447277269
39413,5.238962155356369
39414,4.2470571085189395
39415,3.354680161458693
39416,4.56998169608982
39417,3.7716973033963637
39418,4.56998169608982
39419,5.125669564934813
39420,4.879210320548519
39421,4.137065618628391
39422,4.82962950229012
39423,3.5298303857444733
39424,2.490276952440574
39425,4.350023118901702
39426,1.2470768243203108
39427,4.664121914345917
39428,1.118337653565852
39429,4.827527175992572
39430,1.8782085646322244
39431,4.958775270861848
39432,4.099076304014695
39433,4.78432202895518
39434,4.551857424248293
39435,3.8629479525339137
39436,1.696837851315471
39437,2.9990491206649956
39438,0.7934673587432448
39439,2.5371254547002615
39440,2.7349409562957305
39441,2.0140017675887285
39442,3.7542760288244263
39443,1.3974544062965057
39444,4.086699704702751
39445,1.0514510157326242
39446,4.495413959397382
39447,1.554269049730814
39448,4.671884336999305
39449,1.8203176449872407
39450,4.671884336999305
39451,4.11520926937468
39452,4.851134826894387
39453,2.847049160864495
39454,4.868500026380771
39455,0.9761926841153975
39456,4.493834139066365
39457,0.45615952381023966
39458,4.259808392709366
39459,0.902858897246624
39460,2.4348437357683808
39461,3.237522308093685
39462,1.7597990547921412
39463,4.920322293273531
39464,0.39174957166046825
39465,5.197551979483816
39466,4.28019503184407
39467,2.9528499927347243
39468,4.143651053995631
39469,2.4390311960593323
39470,4.367926072709422
39471,4.404961362738992
39472,4.779391784358084
39473,1.7761075880432782
39474,5.534870703473323
39475,4.643044484585928
39476,5.110593970624836
39477,5.155247769995862
39478,4.172979429328395
39479,2.9390298496443292
39480,2.2719037498234296
39481,2.3428432779200743
39482,2.969208057635058
39483,3.12010695722115
39484,3.495006232495788
39485,5.0776443631801005
39486,5.1645235970281576
39487,5.240977320457805
39488,5.240977320457805
39489,5.093962311223735
39490,2.5550843987431033
39491,2.27315912621645
39492,3.1200533578499003
39493,5.034148795325859
39494,5.261722637607767
39495,5.379234964324679
39496,5.392646104516943
39497,5.362514241663627
39498,3.369830014301369
39499,1.5048507192641307
39500,2.20687006709256
39501,3.2342492188098517
39502,5.279901064186624
39503,5.226332088783206
39504,5.016519176815492
39505,5.2448120562033465
39506,3.7718734418374456
39507,5.040390602483113
39508,5.097096733098449
39509,4.654617049030801
39510,4.7696534091671605
39511,5.18113789840261
39512,3.165440458702186
39513,5.332316437341779
39514,5.599304087169778
39515,4.3964143714977455
39516,4.655996154614226
39517,4.708180043675589
39518,4.708180043675589
39519,4.448902453623416
39520,4.6940795163512705
39521,5.449151082442312
39522,1.7989997616645497
39523,4.556664333616174
39524,5.484882668461475
39525,5.3077751643581665
39526,5.147596798901876
39527,5.528045929766605
39528,5.372343679667808
39529,4.8211007279752724
39530,4.105959015084894
39531,3.3801843289252536
39532,2.3419387625883124
39533,1.5214363553100914
39534,3.0295087161509517
39535,4.179372994296765
39536,5.028575804946356
39537,5.138956201708628
39538,4.164448882949112
39539,2.6436314782757466
39540,2.9252986445645854
39541,5.092284109148751
39542,5.380670338608148
39543,3.9332568519475717
39544,2.490724569927501
39545,3.189694293141254
39546,5.302928613484605
39547,4.357561904369091
39548,1.462419501144682
39549,1.7332241852668921
39550,4.948086276380848
39551,2.9308843120692383
39552,1.95615189339245
39553,1.3212597533663646
39554,3.2271425050605997
39555,4.224102422407595
39556,5.178641146721197
39557,5.403843893255316
39558,5.540905336268345
39559,5.490119822532143
39560,3.9022451973871473
39561,2.809686551112279
39562,1.463925025118289
39563,1.1290660288362264
39564,3.000441791713353
39565,4.182299797416164
39566,5.0134686132826
39567,5.166999950641411
39568,5.213891544236667
39569,5.331418674758298
39570,5.546575841530497
39571,5.674887321435871
39572,2.926217959289303
39573,1.6399061105205086
39574,1.7606940645292979
39575,4.7499942923358045
39576,4.7848233886718115
39577,5.147596798901876
39578,5.213342099841126
39579,4.773442768950461
39580,2.432856218352335
39581,4.95030372805196
39582,4.985132824387967
39583,3.762047661708327
39584,1.88635188649658
39585,1.7470339794644918
39586,3.94183186534032
39587,4.782487353294321
39588,4.829137842641566
39589,4.025919487341203
39590,2.41609020029594
39591,2.578328346912869
39592,4.119066677380939
39593,4.684751394022952
39594,4.377939194643447
39595,4.4126785229182115
39596,2.693287591291238
39597,2.075139401608598
39598,3.0204264966053382
39599,4.256217294160282
39600,4.227093129753941
39601,4.2641284197835105
39602,4.2641284197835105
39603,5.038512011136929
39604,5.1449931386604995
39605,3.9899148285168073
39606,5.134312038276775
39607,5.284272408628205
39608,5.474227105215239
39609,3.852862397472258
39610,1.550997375599909
39611,3.12697947605722
39612,4.562811272665901
39613,4.844979641130381
39614,4.888123028857534
39615,5.02238052714274
39616,3.2553941725189377
39617,2.0609178314018877
39618,1.1308231083591596
39619,3.6749206675375485
39620,4.457446367670657
39621,5.050354878142529
39622,5.451997221976281
39623,1.5041261238449624
39624,1.5617450256695042
39625,3.8160868266382995
39626,4.9908655762309575
39627,4.845190531082079
39628,4.892082124677335
39629,4.604979986904983
39630,4.790316528650383
39631,4.8138675834504845
39632,3.1625255478903775
39633,2.6019347208990697
39634,2.046062271424203
39635,3.0485337162337935
39636,5.056020012114069
39637,3.8478781888379956
39638,3.0657585520157093
39639,1.869561619439771
39640,2.210883416423789
39641,2.222218135618574
39642,2.4416851303089975
39643,4.468527241656397
39644,2.860031283651312
39645,0.6204307981503236
39646,4.665249787114431
39647,5.083081115810273
39648,4.827176291713834
39649,5.109875449049939
39650,5.118239244431765
39651,4.350488362487972
39652,1.1399300658675715
39653,5.1505863738084825
39654,4.063436953190301
39655,4.614523090995459
39656,4.700550844580436
39657,4.9449469474903305
39658,4.171117259254312
39659,1.8062522208759126
39660,4.698802515875868
39661,5.120391982024731
39662,5.182296019124819
39663,4.953685067827433
39664,5.145454263467134
39665,4.379473353658304
39666,3.6673099692164963
39667,2.9427702803395346
39668,2.801998831118933
39669,3.7273331877160323
39670,4.624640474017543
39671,4.895565225842887
39672,5.076372066567234
39673,5.12326366016249
39674,5.12326366016249
39675,4.433657532026358
39676,2.006680538218729
39677,4.611280106109342
39678,5.108531402031374
39679,4.6349717046288434
39680,5.091634812842909
39681,5.1385264064381655
39682,2.122623489902854
39683,1.935157516705145
39684,1.70885302676522
39685,2.5666800671272894
39686,4.7278835209974215
39687,5.294405776707966
39688,3.1468716499257
39689,1.3960921119894913
39690,1.9389879892787727
39691,3.7728816859144123
39692,5.0361471951752526
39693,5.165909267961433
39694,5.268842892883578
39695,4.576349077756236
39696,2.605489913792809
39697,1.9224071891193135
39698,1.4887189490416306
39699,1.5795910865896614
39700,3.8096614906987187
39701,5.205988254900529
39702,4.944107786012369
39703,5.3936315382850895
39704,5.337790583851916
39705,4.404586608781855
39706,0.9405019445801283
39707,2.738735294705143
39708,4.888008301733586
39709,5.093683313677315
39710,5.468114822608636
39711,5.237533921066291
39712,4.697127346703357
39713,5.128584223340744
39714,5.343842709665439
39715,4.459746280092582
39716,1.56390209172872
39717,0.8138890841693718
39718,4.2575589396008455
39719,4.946015095047765
39720,5.195925178796306
39721,5.244249734235021
39722,3.0371562830373176
39723,2.596107958897471
39724,1.5928393302569877
39725,0.9767954495328092
39726,0.8878922809660986
39727,4.226294847440714
39728,5.336413806750628
39729,5.145631754232408
39730,2.617970680320801
39731,1.8461096417930156
39732,1.4829365786837256
39733,3.1021948587460715
39734,4.105975562180574
39735,4.2369843123927025
39736,1.167005157611134
39737,1.0810530469138706
39738,3.101805801943453
39739,5.166939733110585
39740,5.166939733110585
39741,3.091767269716148
39742,2.6261492045262194
39743,3.8023523752466
39744,4.7024993880875945
39745,4.311116209995851
39746,4.396601671294984
39747,5.2625907581792175
39748,5.2101098189217865
39749,4.920581513141014
39750,4.963724900868168
39751,4.643044484585928
39752,5.156980350962645
39753,3.4200819127662676
39754,2.405941262706123
39755,4.500490484276055
39756,5.147631609434465
39757,5.321688746832853
39758,5.382397199680528
39759,5.382911911028567
39760,3.9927991124544078
39761,3.4033051293631496
39762,2.3103776188707275
39763,2.774870535822496
39764,5.113106857477593
39765,5.149648543029287
39766,4.835228090353421
39767,4.3549005653508175
39768,1.6425059635485355
39769,1.5408796925943569
39770,5.532053585350374
39771,5.016519176815492
39772,5.053554466845061
39773,5.1699586155746315
39774,5.416553853719605
39775,5.548475748743697
39776,4.681851214836367
39777,4.185582360477373
39778,3.0832790503835557
39779,2.5857070937698365
39780,1.6438207292017317
39781,2.178722618870511
39782,4.722761815571904
39783,5.445831083499118
39784,4.4178242354499595
39785,2.6432264047751755
39786,1.7558726270032186
39787,1.8392892258949833
39788,2.210290670202746
39789,1.6776624502511361
39790,3.116585811084004
39791,3.154602717037264
39792,4.5961528909906715
39793,4.411936264057541
39794,4.827822237954995
39795,4.723889561656078
39796,4.966891026166902
39797,4.3615852751617386
39798,4.499187005054683
39799,5.204425733965166
39800,4.0920282938011745
39801,4.7367217128529475
39802,2.570298372089062
39803,3.4156157819665767
39804,5.120787750907254
39805,2.9125603710955175
39806,5.380269419967884
39807,2.1556202105157345
39808,4.613634786221132
39809,1.7906854702734036
39810,3.652428831196978
39811,5.097499299159479
39812,2.439139518345362
39813,5.213342099841126
39814,2.021088779715845
39815,5.213342099841126
39816,2.563543807829459
39817,5.6695483657757375
39818,4.372435876414306
39819,3.606870589237462
39820,5.093581614293257
39821,5.06490952464822
39822,5.113106857477593
39823,5.57748712374135
39824,5.261722637607767
39825,5.344980086636186
39826,3.8344749148793196
39827,5.560137253408384
39828,2.906465878480589
39829,5.59594564274172
39830,2.533736578518354
39831,5.357283472103811
39832,4.44089608250676
39833,4.806040520411275
39834,4.979390079408928
39835,3.4824124724961387
39836,5.053554466845061
39837,2.004222017876916
39838,5.568524565632659
39839,3.2577312580463618
39840,1.907677171334216
39841,5.109472226376505
39842,1.687388002162757
39843,5.24026844769978
39844,3.1493845695536895
39845,5.322089665473118
39846,4.19521728270548
39847,5.3827981183207925
39848,4.312069204011571
39849,4.166095061330312
39850,4.349198301418135
39851,2.974569701486724
39852,4.7696534091671605
39853,2.2860385888611128
39854,5.582892526512147
39855,2.212365838676201
39856,5.104817355131071
39857,2.813843594051451
39858,4.897246146236622
39859,4.997057614791885
39860,4.087965124513958
39861,5.229872804243767
39862,3.8540348501560757
39863,5.229872804243767
39864,1.6776624502511361
39865,5.319649336145657
39866,2.1728108414044636
39867,5.015447280028739
39868,4.864961010408756
39869,3.1541149070746073
39870,4.351679929110795
39871,1.1554758500556206
39872,4.0875621630014844
39873,2.9351716140731963
39874,2.3008426497310555
39875,4.290068033943326
39876,3.282866458396919
39877,5.074056226167191
39878,5.619158628418037
39879,5.212174934620105
39880,5.054355911432326
39881,4.778059695265001
39882,5.312888762994406
39883,4.948086276380848
39884,5.667374454953904
39885,3.239926517355547
39886,1.825339888382682
39887,1.5019418828940774
39888,1.3688391117080063
39889,1.8860040435738046
39890,1.8634886626226823
39891,5.167146027833294
39892,5.299108800378909
39893,5.0366453841923455
39894,5.063404901282363
39895,5.083536977787602
39896,5.185847795303884
39897,5.083536977787602
39898,5.185847795303884
39899,5.2260941155953695
39900,5.625855348378575
39901,1.7588753837943483
39902,3.774806667363463
39903,5.048297709618607
39904,2.416995116558789
39905,5.213891544236667
39906,2.008030307691724
39907,5.578563969504606
39908,1.8957311015307483
39909,5.283533194218511
39910,3.75129532017156
39911,1.322892701313069
39912,4.673519099838989
39913,4.813576842474217
39914,5.074643130040498
39915,5.326498957641277
39916,5.163814724270132
39917,5.007539482021116
39918,5.24026844769978
39919,5.344980086636186
39920,5.195175715131123
39921,5.560137253408384
39922,4.95653154213524
39923,5.619716495929091
39924,4.56276119234251
39925,5.324685720642996
39926,3.2881505909623985
39927,1.9672600322197942
39928,2.739153562436661
39929,1.3589003494039316
39930,2.1751473460219235
39931,1.8535499003186076
39932,4.467131293908737
39933,4.462193686177686
39934,4.720788380290554
39935,5.290431107350496
39936,4.969218080216402
39937,5.20111247746114
39938,5.100110731457587
39939,5.5324014585933625
39940,5.333060476337921
39941,5.516245057076986
39942,4.751332254161821
39943,4.17758679644333
39944,3.6571996556857203
39945,2.211403730053949
39946,2.688576860431993
39947,3.1544194187023473
39948,1.1743885974656274
39949,4.863966938977573
39950,1.0803641939193234
39951,5.177211768930403
39952,5.039680915085939
39953,5.353939498837118
39954,4.740930597858437
39955,5.414647951684793
39956,4.905758690885172
39957,5.246049309009745
39958,5.073409435342764
39959,5.007405136013862
39960,5.3552527234348215
39961,2.6252962730319243
39962,5.520414391451634
39963,2.029792138818355
39964,5.12015844320844
39965,1.9703464786959273
39966,4.829737020683639
39967,2.885565680038436
39968,4.305499723089057
39969,4.712590928598435
39970,3.640338367903115
39971,4.377939194643447
39972,1.224824306960534
39973,4.4469483447108855
39974,5.173425945922657
39975,4.409391112500271
39976,5.596718960417283
39977,4.218250075852703
39978,4.920204018459016
39979,3.158825637933852
39980,4.95733311586558
39981,4.561636041772948
39982,4.511986320510942
39983,4.219088196753718
39984,3.3469956879583433
39985,2.9801735880408176
39986,2.217850799597405
39987,1.197852746030724
39988,1.261958081933874
39989,1.1702011200843176
39990,5.104612468562905
39991,4.81496695330835
39992,5.558591996517294
39993,5.161671932480177
39994,5.271013802967912
39995,5.208728154068631
39996,4.732290242525976
39997,4.928973147189348
39998,3.958903609384113
39999,4.966102244595912
40000,3.554201186234467
40001,5.0821281492154124
40002,2.441233971633508
40003,5.519844784513434
40004,1.1927514559314354
40005,5.238958456162139
40006,3.0020285394152397
40007,2.7766594456965814
40008,3.9387516014468256
40009,1.876651529254438
40010,5.213342099841126
40011,4.903953238944079
40012,5.688448733313758
40013,5.107361708778383
40014,4.06932086624613
40015,4.926419381566127
40016,3.638721523947129
40017,5.147588750563623
40018,3.4178426108516744
40019,5.301416128478094
40020,1.5421377987488816
40021,5.38344823047116
40022,3.155464474656858
40023,2.872190069684406
40024,5.547802125333965
40025,1.4478365175665993
40026,5.101145955228212
40027,0.9618891272972329
40028,5.148037548823468
40029,5.100272959051203
40030,5.148037548823468
40031,5.100272959051203
40032,5.317244291821164
40033,5.560976987249273
40034,5.598119553563554
40035,5.259189713162689
40036,5.327888313248026
40037,4.538464250654419
40038,4.770302591845697
40039,2.7371996813809045
40040,3.469653466841003
40041,5.1944050011535134
40042,2.476352382628578
40043,4.958856742859493
40044,1.8173571581602788
40045,3.9724355624444128
40046,2.6620471901523457
40047,1.6876759731729045
40048,2.8148076668749304
40049,1.6544487038220077
40050,5.272519199704044
40051,1.7271400932850423
40052,5.272519199704044
40053,4.471772339093589
40054,5.412520171972148
40055,4.810899180676513
40056,4.613634786221132
40057,5.056020012114069
40058,3.7530424453566718
40059,4.389268213935038
40060,3.191185351071732
40061,2.59275441724455
40062,2.9576067534290416
40063,2.5601119778011854
40064,2.3375501645631784
40065,3.3783461076449943
40066,4.436321694097105
40067,3.6328320510582137
40068,4.248177121857267
40069,3.6606715856336973
40070,4.397997751856423
40071,4.211138053034311
40072,4.553743653823247
40073,5.165396365761403
40074,3.63640244112995
40075,5.139317067391277
40076,2.2787039639674833
40077,4.779584790778093
40078,1.6655826962508504
40079,3.372312388872357
40080,1.5639564252966722
40081,1.4887189490416306
40082,1.5423623610940231
40083,1.2147185685474253
40084,4.291943337829564
40085,3.83604524729469
40086,5.160782095668617
40087,5.072541795674022
40088,5.373375443577929
40089,4.864305389120398
40090,4.766755015087821
40091,4.906816442374006
40092,5.2036736791537415
40093,4.943851732403576
40094,5.375574040202845
40095,5.316980248632523
40096,4.4308853435760716
40097,5.4821419166493355
40098,3.7772676938343723
40099,5.34882014597411
40100,2.528984939703204
40101,2.91549037305071
40102,1.9990424038725638
40103,1.3193235216977406
40104,1.3785348755584363
40105,1.6123025000664346
40106,1.7458276868069975
40107,4.281847860987403
40108,2.987162161692939
40109,5.392882591406546
40110,5.134312038276775
40111,4.34263694394148
40112,5.5980975921245095
40113,4.026307855783737
40114,4.530675660637319
40115,4.937770024645048
40116,3.297612888043454
40117,5.129403323455219
40118,2.268621444504868
40119,5.104321234324375
40120,1.340716141024348
40121,3.637472096207029
40122,1.2496189994889022
40123,2.8917142525212025
40124,3.753998595502575
40125,2.3975990278656125
40126,4.879527787970871
40127,3.791264220571403
40128,4.926419381566127
40129,4.990720357857002
40130,5.232706860891371
40131,4.990720357857002
40132,4.47007729217961
40133,5.195746009229429
40134,3.8482110469861213
40135,2.501721956199688
40136,1.567473962822819
40137,1.6730987402984965
40138,2.808808437708761
40139,1.039063683987081
40140,4.3540811347676645
40141,5.436316835391877
40142,5.273070971491833
40143,5.214368851103787
40144,5.015525781806522
40145,3.053590863042639
40146,5.053381365455947
40147,1.5569729303693316
40148,5.276330493766473
40149,1.0735642493607127
40150,5.531443124259728
40151,2.7518286295622416
40152,3.9340625402656904
40153,5.24737576265193
40154,3.4890114886696777
40155,5.469428871199547
40156,2.988438793805519
40157,5.346265181305336
40158,2.335231671095102
40159,5.180685801665432
40160,1.121679806628148
40161,3.6838511111668564
40162,1.0953626495290856
40163,1.6634178892616873
40164,4.712281395771231
40165,4.756023746960572
40166,5.1338708619200935
40167,4.8068001730672885
40168,4.947722188503804
40169,4.849943560794442
40170,4.892082124677335
40171,5.296292076360868
40172,4.645183430866062
40173,5.057305019742723
40174,3.4757900702180646
40175,4.199299841977928
40176,1.9221098655277358
40177,3.564927371341491
40178,2.7077246460870903
40179,2.6317252267897224
40180,3.44889943313059
40181,2.152813003244896
40182,4.716979366842644
40183,1.670260247487719
40184,4.76775579294936
40185,2.1421194854235743
40186,4.979566288684421
40187,2.4987236573047547
40188,4.373772209497104
40189,4.524566445923851
40190,4.373710449508312
40191,4.55307601059578
40192,3.6614378758044532
40193,5.165909267961433
40194,3.2713317981396792
40195,0.9392260526995818
40196,3.0421131776122694
40197,0.965495369486377
40198,2.23234792905457
40199,4.712251907452452
40200,1.9940679732225202
40201,4.826598782621956
40202,1.8953061925182129
40203,4.981143076041938
40204,3.490456394148546
40205,4.981143076041938
40206,4.3409001258204905
40207,3.5658816377189404
40208,4.3409001258204905
40209,2.289316351239175
40210,5.103412180209486
40211,1.1249928615101559
40212,3.9716625040304887
40213,1.497400819819201
40214,2.0595799669481893
40215,3.73209659499752
40216,0.9392260526995818
40217,4.678521110065392
40218,0.8584979874419794
40219,5.1753236054929035
40220,2.4469809313094166
40221,5.046791720082059
40222,4.943851732403576
40223,5.093683313677315
40224,3.5135925950856026
40225,5.128578952893187
40226,2.2028925229350134
40227,5.293941178444851
40228,1.666609049157519
40229,3.6578731640713156
40230,1.068383379493825
40231,3.0979729959635462
40232,2.817132194316315
40233,2.4864891792783292
40234,4.567631497400203
40235,1.0779672965428488
40236,4.614523090995459
40237,0.9916852039978108
40238,1.217192470542642
40239,2.805393545344065
40240,1.0081999096646252
40241,4.934095064588532
40242,1.0143630088352569
40243,4.977908482412132
40244,1.611444750553127
40245,5.081692629745488
40246,2.8418812335225088
40247,5.128584223340744
40248,4.9199139514768175
40249,5.228016502438085
40250,4.963057339203971
40251,5.503810846108534
40252,5.321120991676943
40253,2.991540784317162
40254,5.474948369591414
40255,2.3092674047302
40256,5.41769399351752
40257,1.86604516976852
40258,1.1456676659767757
40259,1.2636665992398943
40260,0.9839471099507535
40261,3.5670060827729513
40262,1.560664356232991
40263,5.232247345478611
40264,5.030658179098723
40265,5.064245438696131
40266,4.609332975412041
40267,5.345196191418087
40268,4.653146393235641
40269,4.482137935673448
40270,5.252646168107229
40271,1.2011358984257017
40272,5.4283128963170375
40273,3.9668223651140555
40274,5.56981533232617
40275,5.101782228243999
40276,3.7096414683711707
40277,4.832217157503982
40278,2.6125425389027925
40279,5.0359212528779445
40280,1.174526613152517
40281,5.0828128464732005
40282,1.5494861087917817
40283,4.472883885810759
40284,3.742727672552015
40285,2.0060436747816897
40286,4.881654517278553
40287,1.6116757494381844
40288,4.678115092355997
40289,4.958570766301767
40290,5.1385264064381655
40291,5.170314132154305
40292,5.4230424908617385
40293,5.293884750910058
40294,4.424135039245896
40295,4.878619838583834
40296,3.1906265362734927
40297,3.2313915603543264
40298,2.6322096201040193
40299,2.1853704981883726
40300,1.5979938996518046
40301,1.7560592978352223
40302,2.669481464606036
40303,1.7099010349004153
40304,3.0615643146243268
40305,1.9155741060199842
40306,4.06534501805883
40307,2.076132302076333
40308,4.651429797567774
40309,4.180672264333624
40310,4.7278835209974215
40311,4.47303067501752
40312,5.3134960112806064
40313,5.037177660324405
40314,4.79811403908009
40315,5.241957748364114
40316,2.024350256206436
40317,5.215878449993988
40318,1.310140001292228
40319,4.922902342999528
40320,4.260717599911884
40321,1.943066479852724
40322,5.242763594513452
40323,0.7529884078988397
40324,5.206858707331661
40325,0.8173983600486114
40326,4.88740662687793
40327,2.651445990632896
40328,3.9775348806540722
40329,4.42574463742066
40330,3.303628694591911
40331,4.872866739915512
40332,0.8584979874419794
40333,5.272499821383181
40334,2.8209255614756046
40335,5.437661489399994
40336,5.0825036067183955
40337,3.052141120008029
40338,4.86372788002852
40339,5.049548935130427
40340,5.196813213730556
40341,5.178416297017872
40342,2.7999398037618204
40343,1.5134364565878828
40344,0.9455994056799859
40345,4.592088052718206
40346,4.62921715012477
40347,5.462659277995601
40348,4.463704232830274
40349,1.8800050341340373
40350,1.2763235575610508
40351,1.5640590704581232
40352,3.7998200604018475
40353,5.117305212385079
40354,5.220327315019378
40355,5.373117218384132
40356,5.222375848804343
40357,0.9635948761662733
40358,0.7420659269939854
40359,2.5050010741258384
40360,4.320056459930083
40361,4.989828512871365
40362,5.111137032291387
40363,5.111137032291387
40364,5.518355283964941
40365,5.39499110381481
40366,3.6673099692164963
40367,1.3638141403971673
40368,2.529834193925439
40369,3.5122969645366773
40370,4.7884037396803825
40371,5.0828128464732005
40372,5.187142794128847
40373,5.433788558258541
40374,5.24000451916401
40375,3.7381012549320682
40376,3.1763875964902746
40377,1.5556279681467597
40378,2.4366404673810176
40379,2.7101120087277812
40380,4.868106859130922
40381,4.914757348478167
40382,5.093860408724657
40383,5.170314132154305
40384,5.278439760953248
40385,5.297529995525888
40386,5.155876389963924
40387,2.716055254295778
40388,1.8806049590526213
40389,1.4605736359461414
40390,4.44452111034559
40391,5.179973562812197
40392,4.644084649969325
40393,4.000478559085417
40394,1.11007506305172
40395,0.8337164731564424
40396,1.4190013144770321
40397,4.601659118574958
40398,5.041265130234037
40399,4.739628485494158
40400,4.8358314498859425
40401,4.872866739915512
40402,4.987694163860004
40403,5.25352886873649
40404,4.989503161799717
40405,2.549341388713597
40406,2.5925930951037413
40407,4.520295578987436
40408,4.268403530309836
40409,4.847729363048045
40410,4.052043439208298
40411,3.0616566180955096
40412,2.573533596171406
40413,2.929806254138301
40414,3.870844698522904
40415,4.5035431391100476
40416,4.580666010341225
40417,4.856284055026728
40418,4.470128583101553
40419,3.3203845597311363
40420,1.972944324775384
40421,1.786714222052411
40422,1.7568693176000958
40423,2.2562731046345506
40424,3.770766020522956
40425,4.388530753728481
40426,4.536063645746569
40427,4.536063645746569
40428,4.6306013844213885
40429,3.6943544822138947
40430,3.229699784917268
40431,2.1020897666627505
40432,1.2637887336054143
40433,4.746819971580864
40434,4.4646040824982025
40435,4.4646040824982025
40436,4.8984839317579745
40437,2.677680714280115
40438,2.206263073780084
40439,1.2846292766873377
40440,3.7348750400778252
40441,4.315171355138331
40442,4.348440193908252
40443,3.4438222861016383
40444,2.31375070321043
40445,1.322776632314842
40446,1.322776632314842
40447,3.9012692319433384
40448,4.339635301922243
40449,4.294792749710205
40450,4.333353883946233
40451,4.169301355350924
40452,4.722387535484409
40453,3.6449760570249534
40454,3.0188714248598534
40455,1.7078009401238454
40456,1.31897572604131
40457,1.310661434650164
40458,2.6813423702903814
40459,3.937981527621914
40460,4.949350961417043
40461,5.027170670840921
40462,4.585866141226295
40463,4.485532714218717
40464,4.52867610194587
40465,5.260118400260612
40466,4.235174739369258
40467,3.5220889958719144
40468,1.5126785652700576
40469,1.3710237785440846
40470,3.63713930194028
40471,4.486458538454349
40472,4.5781030522177
40473,1.4658499675963772
40474,2.4310674008962305
40475,3.9727436299229093
40476,4.381109275491937
40477,4.502308096530269
40478,4.579573976364183
40479,4.776007400485951
40480,2.6258651497152656
40481,2.0495801070818285
40482,4.109102321877488
40483,4.823012787290246
40484,3.0277249371191437
40485,0.8586603507822753
40486,0.7287860739364531
40487,0.8269126732945943
40488,1.2647761198798966
40489,4.682074769334363
40490,4.361856510426499
40491,4.223589100915158
40492,4.8198195389074545
40493,5.125596656045956
40494,4.880161504700276
40495,4.486757345623099
40496,3.2110271520982456
40497,2.7764948914629537
40498,1.3924584382650067
40499,0.8048234697640053
40500,4.61870450121976
40501,4.985541265181703
40502,4.420395838765338
40503,4.371065834513785
40504,4.538171507556415
40505,4.8195836227031315
40506,5.04991276884764
40507,4.647004620795843
40508,3.2392403197254236
40509,2.228692758867864
40510,0.8227675070788815
40511,1.1770948703344741
40512,3.577800775186378
40513,4.42694281655361
40514,4.461771912889617
40515,5.013765236361707
40516,5.150753846034001
40517,4.716840629632882
40518,2.984931527415099
40519,0.7502345440614823
40520,2.414688235073179
40521,4.408267936605011
40522,4.867893048978452
40523,4.376388114376984
40524,4.646144547278014
40525,4.646144547278014
40526,4.166962711567131
40527,2.9425813848563456
40528,1.877750054393926
40529,1.6131559228090415
40530,1.1375159606633285
40531,1.356658020653212
40532,4.748618727408034
40533,4.949533494858819
40534,4.459222164592311
40535,4.403725419235299
40536,4.5241995924001985
40537,5.135580137128199
40538,4.147419680354888
40539,1.337938014957305
40540,2.226768853561557
40541,4.307730961645329
40542,4.807857233849951
40543,4.895274946749549
40544,4.949312324443505
40545,3.969676142198913
40546,3.4011759467465215
40547,3.302032491186861
40548,2.8042593486654264
40549,2.5609319535914348
40550,1.846588756536792
40551,2.0110248138025986
40552,4.1602393655369445
40553,3.9417323587444795
40554,3.833607053472235
40555,3.544569610681959
40556,3.084091697675537
40557,1.2978132750084137
40558,3.9122331212460395
40559,3.923197626579664
40560,4.633226902198869
40561,4.963898519143041
40562,1.9225244039131542
40563,0.9718678369880019
40564,0.7553358341607709
40565,2.4321472320639526
40566,4.460375733915181
40567,4.370835650360724
40568,4.571394240895205
40569,4.70291550877879
40570,5.095730944166015
40571,3.9080758711370946
40572,2.2044064509583654
40573,0.9294561013340172
40574,1.3390857087121806
40575,4.396129686559799
40576,4.294230526627959
40577,4.3589391044260335
40578,4.907692027014992
40579,4.976202818060495
40580,4.686579007365682
40581,2.666934776041106
40582,2.2509698844379047
40583,3.1437396504533863
40584,4.052484696135763
40585,4.463829081413539
40586,4.533769947984347
40587,4.711681107206187
40588,5.145655860035337
40589,3.9158644611541935
40590,2.91974182985031
40591,2.416185799067303
40592,1.0889025800870342
40593,0.6742514976388698
40594,2.13042270042743
40595,4.172952661892398
40596,4.2732803005132105
40597,4.535316187374974
40598,4.290828681364305
40599,2.909386797122523
40600,1.2209012671141997
40601,2.2285756890076516
40602,2.843205295592463
40603,3.8016323941597987
40604,4.230535999267715
40605,4.273679386994869
40606,4.388431385540971
40607,4.036840701316881
40608,4.0886885393094
40609,2.8251943681931606
40610,2.5770496739977826
40611,2.2367975473838735
40612,1.8156572417580237
40613,2.210661480260578
40614,3.103107860815147
40615,3.3370004297760865
40616,3.36483996435157
40617,3.823923153385835
40618,2.2450399946687205
40619,0.5779336306432278
40620,0.6597293842718284
40621,1.8530584347286931
40622,3.3281564583253322
40623,4.602589850388021
40624,4.937144624914306
40625,2.8527528038081216
40626,2.3286259377284266
40627,0.93517255780073
40628,3.69583925048046
40629,4.707078101458737
40630,4.861282138311666
40631,3.9105946427772746
40632,4.186985655991355
40633,4.539882746899908
40634,4.807444711017125
40635,2.2913929008775105
40636,4.382221914459503
40637,4.386336823625476
40638,4.409749358829711
40639,5.0675801839882695
40640,4.941803616507683
40641,1.2408553852448247
40642,1.0709633323206738
40643,4.179449279087519
40644,4.543941955134238
40645,5.125601301208883
40646,4.979705874060691
40647,3.794653834879451
40648,2.0681445081229772
40649,3.2034729353028903
40650,4.309109607790226
40651,4.890307842782917
40652,5.012622888427772
40653,4.818072245625374
40654,3.0013222217379916
40655,1.604747568925851
40656,1.1245533479212932
40657,4.3479009486769025
40658,4.6971647725710115
40659,4.745092046908219
40660,4.779797709969793
40661,4.1519320544811436
40662,2.794121012662276
40663,2.0822805292077904
40664,1.6382634192828542
40665,0.9494469528990321
40666,1.5442346161981715
40667,3.841022667310162
40668,4.145483703954833
40669,4.722794897921527
40670,3.940485786991873
40671,1.9713088871517543
40672,0.9910564900612037
40673,0.5779336306432278
40674,2.2646536713955188
40675,4.215957722146283
40676,4.375334906040953
40677,4.470723289103912
40678,2.891746974555592
40679,1.730444701616106
40680,3.2169995699382046
40681,4.2465751839559
40682,4.595123982993571
40683,4.460800042904727
40684,4.494068881674648
40685,4.486066504763811
40686,4.969475089212576
40687,4.655323268607102
40688,2.989264904380595
40689,1.9587986617876443
40690,0.8703844163300481
40691,0.5786700431990618
40692,4.631730624117673
40693,4.5414077274638425
40694,4.6331071642039205
40695,4.777770411195841
40696,3.826630340591357
40697,1.2636942091894514
40698,0.4147379015375003
40699,0.3941139889162
40700,0.7525375444213354
40701,4.470324827513232
40702,4.380991820824248
40703,4.510677786427466
40704,4.778646918247107
40705,5.092421459915649
40706,4.932473154812181
40707,2.9819941962366467
40708,2.4368349313936255
40709,2.0517099281176563
40710,0.886520963008798
40711,0.6116627854411043
40712,0.8763018188238701
40713,3.8690067506762498
40714,3.3774166821325973
40715,4.372416146118379
40716,4.219520565270924
40717,4.458369997571586
40718,4.974636193953663
40719,1.528914299543854
40720,1.078972685110067
40721,1.9678035237143223
40722,4.324051226754393
40723,4.768637592539532
40724,4.8169019459050135
40725,3.5257727795334497
40726,1.6854861197995887
40727,0.6923453126301534
40728,1.329011639986692
40729,1.8686286117864064
40730,2.7323806295162276
40731,3.7522365342257027
40732,4.0281880061984445
40733,4.056697570870374
40734,4.606507446934859
40735,2.4272749476880424
40736,1.9919681778851646
40737,0.6791540360231189
40738,4.159466275928977
40739,4.311026637212962
40740,4.702721718660961
40741,4.9883746062595575
40742,4.914782390090471
40743,4.511874242038674
40744,2.0859097628210037
40745,1.421221770106984
40746,4.777379977540104
40747,4.301672369079758
40748,4.301672369079758
40749,4.41380554496878
40750,4.725414317403191
40751,4.871091310161805
40752,3.7390433590263132
40753,3.686955383892852
40754,2.5310372791909783
40755,1.8224977118627117
40756,4.369904089921097
40757,4.460399751382894
40758,4.761022557900878
40759,2.9317380340719024
40760,4.84082721021382
40761,4.88307539017065
40762,4.218975059625179
40763,2.4907283188949965
40764,1.1122303061914396
40765,1.6523327623312822
40766,4.91088031199948
40767,4.513934086749756
40768,4.427474985091639
40769,4.488016617702438
40770,4.623051653848434
40771,5.135836147717659
40772,4.089349515108397
40773,3.608202414448406
40774,1.5554361745335976
40775,1.2377356667113517
40776,1.660751620743964
40777,2.6378356021734417
40778,4.674631775192283
40779,4.0554495274936695
40780,4.092578624900233
40781,4.348440193908252
40782,4.589180955347231
40783,4.8827111802083065
40784,4.574049719405334
40785,4.014960862261056
40786,3.648889400065759
40787,2.801069643517554
40788,2.67537912437009
40789,4.932513813172325
40790,4.105117922731016
40791,4.333353883946233
40792,4.4433154578433465
40793,4.6307671801311034
40794,3.772134896697583
40795,2.451869002770448
40796,4.594022001164098
40797,4.646144547278014
40798,4.994758349896433
40799,5.276876235027254
40800,4.826205183859493
40801,5.006345201269859
40802,4.561679529834735
40803,4.628053664813351
40804,4.792735863775409
40805,5.036730070312174
40806,5.116724452480636
40807,3.608846024982895
40808,3.3155544180387664
40809,1.3562176857538353
40810,2.103803903464847
40811,1.6798759234761835
40812,2.016139355472916
40813,3.87022011541286
40814,4.467479000194262
40815,4.93290578987499
40816,4.689113249784239
40817,4.391250180922824
40818,4.689113249784239
40819,4.434393568649977
40820,4.666561707185326
40821,4.579751829780468
40822,4.330711662069099
40823,2.1236003575611746
40824,3.91880254832029
40825,1.7930009700641953
40826,2.9045509255710535
40827,1.7985971361288953
40828,1.8352631209240995
40829,2.4150376134792513
40830,1.7106741052071452
40831,4.690205283761281
40832,4.369634647764107
40833,4.690205283761281
40834,4.3974741823395895
40835,4.8484402708004755
40836,4.523067519726562
40837,4.902477648494432
40838,4.780764607333415
40839,3.969676142198913
40840,2.6157932489459093
40841,3.099752485530249
40842,2.231364452678777
40843,2.0039390533164605
40844,0.9863461269032643
40845,1.5226888209145166
40846,4.2607181983217215
40847,2.136750148876717
40848,4.350951197035168
40849,2.582829309354212
40850,4.350951197035168
40851,4.516538402562232
40852,2.5036676697430202
40853,4.717764975867151
40854,4.333936737107221
40855,4.717764975867151
40856,4.538171507556415
40857,4.904853125298646
40858,5.077136285297944
40859,2.9148423269111268
40860,2.768985231632777
40861,1.1116447339764357
40862,1.6322371273647884
40863,2.6407786017434454
40864,1.042271360119364
40865,3.7930279607387205
40866,4.980787822704655
40867,4.488016617702438
40868,4.61474694146627
40869,5.170945863252812
40870,4.648015780236191
40871,4.693290014062285
40872,4.648015780236191
40873,3.3204333568641995
40874,5.28269216538877
40875,4.704445786609593
40876,4.1258101851426465
40877,4.237514464796738
40878,3.3046395292285875
40879,5.140263842803119
40880,2.3539649645510865
40881,4.85742428172603
40882,1.8748100370593546
40883,1.5166081731900387
40884,1.2122870724923647
40885,1.6871652179909897
40886,3.450291596627794
40887,5.082747330041105
40888,4.446018381808026
40889,4.139947019067023
40890,4.341559018040977
40891,5.105995325076579
40892,5.191906372458486
40893,4.175016568014573
40894,4.757993156057367
40895,1.692896530878219
40896,3.128051180753183
40897,4.646144547278014
40898,2.6196392826863355
40899,4.7507641433596675
40900,4.574150204995849
40901,3.107994991360643
40902,4.993933376850961
40903,2.916240873545669
40904,4.709037104320166
40905,1.8395313965016207
40906,3.565519177805746
40907,1.1582573035226666
40908,1.9331984708027181
40909,0.986470322262118
40910,1.8072216319531158
40911,2.534432987009417
40912,2.712869254449702
40913,4.563846607534747
40914,3.5008640834943496
40915,4.451629442118342
40916,4.122240672151499
40917,4.628053664813351
40918,4.592971021024454
40919,5.178376830589412
40920,4.721364001788504
40921,4.77507954529035
40922,4.717052139844932
40923,4.203711677697782
40924,4.381202094728705
40925,3.044168148082392
40926,2.1848525936803362
40927,1.5566568179310487
40928,1.5728349663151564
40929,1.4443576117700734
40930,4.057871676705329
40931,2.6400282128336827
40932,4.117369835756333
40933,3.1149656576511386
40934,4.150526369334612
40935,4.863425113385548
40936,2.7563023370512485
40937,4.917462491079505
40938,2.330014418213284
40939,3.544677857750592
40940,1.124075211176786
40941,3.4855732347927217
40942,1.5169995551618822
40943,2.3205828597309965
40944,2.4687086809049212
40945,1.68082920075483
40946,4.676693345915529
40947,2.2952461628635055
40948,4.801194513079707
40949,2.652470244645566
40950,4.094298058549113
40951,3.8654614380173893
40952,3.899785091375429
40953,4.685915142503151
40954,3.923197626579664
40955,4.685915142503151
40956,4.874317235522728
40957,4.844790522418242
40958,3.8163455062326874
40959,4.494030808257866
40960,1.4128328740716956
40961,4.132709910270605
40962,0.7788834527684506
40963,3.697015821232168
40964,4.571394240895205
40965,2.460439537223006
40966,4.921707245130391
40967,3.7718672315612247
40968,5.166068951621445
40969,4.79712948684448
40970,1.7021975099307152
40971,4.322246366364826
40972,1.157274245765645
40973,4.50913921105083
40974,2.5504803432098346
40975,3.881660936881686
40976,3.236301492230232
40977,1.117790918997066
40978,4.171333514942829
40979,0.9012589161698354
40980,4.4172664015093055
40981,1.3234132677723949
40982,4.325670265656112
40983,2.625618416954062
40984,4.3589391044260335
40985,3.58622987875487
40986,4.464590880135634
40987,4.504902668786493
40988,4.633373429518738
40989,4.565543836404445
40990,3.8804391439532226
40991,3.8893865310107167
40992,3.7306246318411045
40993,0.6898754539812338
40994,4.5334593488445805
40995,2.3797279659483515
40996,4.428999985077532
40997,4.583264545282949
40998,4.500501109214426
40999,4.531402180320659
41000,5.121913207857118
41001,4.769771029824942
41002,3.279798460110165
41003,1.2374421831800464
41004,1.7496179988624851
41005,0.9028918641165405
41006,3.2355873175164604
41007,4.594022001164098
41008,4.472867366585462
41009,4.78333244170283
41010,4.351180043581018
41011,5.027326648239595
41012,4.335287792919604
41013,5.296253577266658
41014,4.662375819720958
41015,3.473656101716024
41016,2.573020930088072
41017,0.9721045643712452
41018,2.068353423960641
41019,3.8792105309922116
41020,1.2401727968356089
41021,4.368896322899292
41022,4.075748869350421
41023,4.574150204995849
41024,4.023499665990248
41025,4.749939170314196
41026,2.629558208794983
41027,5.000376584701503
41028,2.2544344906733556
41029,3.246330651712264
41030,1.4371979099460108
41031,2.9893455740435573
41032,3.23441976846812
41033,1.4316520597209443
41034,4.564823804853408
41035,1.3179135383434812
41036,4.58082851565293
41037,2.3384714798362136
41038,4.232186574627878
41039,4.272901865309322
41040,0.9910564900612037
41041,4.721364001788504
41042,0.4613556920861073
41043,1.557462752832591
41044,4.283580343694342
41045,2.1308605998878583
41046,4.328991317279413
41047,2.4194713157056826
41048,4.343087889901174
41049,3.5885265056525215
41050,4.366500425105409
41051,3.8718675050748397
41052,4.763295359247388
41053,4.132399830961462
41054,3.7359485251445874
41055,4.057871676705329
41056,1.6719514084766072
41057,4.111937053728226
41058,4.186985655991355
41059,4.075165466915557
41060,4.273826527070726
41061,1.9082623361257183
41062,4.540517770496053
41063,1.145669275379435
41064,3.752339333303811
41065,3.693067558914196
41066,2.9521563232271792
41067,3.949362218652605
41068,1.8532009970857988
41069,4.332632866385194
41070,3.2030171404696053
41071,4.594435176485672
41072,4.536604782441392
41073,3.1149277759881513
41074,4.440977686664191
41075,2.377173362870999
41076,4.409749358829711
41077,1.229746069483138
41078,3.740469656511397
41079,3.4537812489273447
41080,2.3424489286958425
41081,4.373416789055707
41082,1.9573239254198742
41083,4.706458739598505
41084,0.6772477677424185
41085,4.33370655295416
41086,4.420510586407666
41087,4.532833106659177
41088,4.223262696911119
41089,4.6759621746996975
41090,4.510673116364316
41091,3.1985983173167325
41092,4.543941955134238
41093,2.728343229224086
41094,4.638979648103686
41095,0.873516987392537
41096,3.024325695391321
41097,4.337373914355112
41098,2.453269511398947
41099,3.174757229172132
41100,1.4768523651091772
41101,2.280747337287726
41102,1.1417493866114032
41103,1.5201901793534343
41104,0.6675787266695636
41105,1.055684603638878
41106,1.0302833338082606
41107,0.7211342845753712
41108,2.193692542273593
41109,0.5488739664984842
41110,4.2660530905838305
41111,1.0485687218570898
41112,4.515961028238248
41113,4.533769947984347
41114,4.565911640833899
41115,4.916184875180562
41116,4.565911640833899
41117,4.696193431700247
41118,4.685804074808542
41119,0.6774360916110116
41120,4.549510129433093
41121,0.9939013570211573
41122,2.604448255486148
41123,4.437379948514566
41124,1.1659115915823262
41125,4.394323431308171
41126,1.9901987276533573
41127,4.335287792919604
41128,2.563480352618205
41129,4.203733358694835
41130,4.092655908158088
41131,4.417906940204803
41132,4.2474430380753825
41133,3.567038812768078
41134,4.285069980072589
41135,1.5881226338448329
41136,2.495803498303027
41137,1.5207671940512772
41138,1.1526705510279267
41139,1.2541285364650965
41140,0.9075682888416327
41141,2.4614661960034097
41142,3.389098409232882
41143,4.4979706589610275
41144,4.6266145226213755
41145,4.4979706589610275
41146,4.738799608721048
41147,3.5697679429495754
41148,4.348749208233915
41149,3.3075242764897865
41150,3.252857066339778
41151,1.8673907265562804
41152,0.5880416803373875
41153,1.5969060054928814
41154,1.0622525088147026
41155,1.4469063354310225
41156,3.1985802762302744
41157,1.9247725325716327
41158,4.241732689313455
41159,3.8921046947528906
41160,4.278861786720019
41161,4.0082440127137415
41162,4.398747441245188
41163,4.0082440127137415
41164,4.906925325133648
41165,4.562066063458968
41166,4.608668597184581
41167,3.238243892209996
41168,3.7708570337800063
41169,2.637582892833224
41170,2.1851448332748746
41171,1.54621213200634
41172,1.034345940768866
41173,0.21996216577949074
41174,0.5786860283354648
41175,4.2335694008991345
41176,1.0076997959068839
41177,4.270698498305698
41178,4.680265770080043
41179,4.366500425105409
41180,1.3683682195419788
41181,4.527353519900237
41182,0.654491245455779
41183,5.048948246845984
41184,2.2444338344135466
41185,4.567681282256937
41186,3.2877409448380788
41187,1.1618222508128022
41188,4.458404797053999
41189,0.7199292286710425
41190,4.325258372541415
41191,0.6770657121779579
41192,4.369071790365015
41193,1.0930997250829135
41194,5.078353996760625
41195,2.2589961070276665
41196,1.0542055708821274
41197,3.722052461922641
41198,0.6002935668339203
41199,3.759181559329207
41200,1.9549387070021529
41201,4.153716817221434
41202,3.08349864045922
41203,4.775695410756344
41204,3.962768363165618
41205,1.276424047766359
41206,3.668153256619385
41207,0.7955388055437169
41208,4.337178403000649
41209,0.5690093348096324
41210,4.477408947657544
41211,0.5751724339802641
41212,4.600538865860758
41213,1.0265430794335912
41214,3.837227250855096
41215,2.2180462500978453
41216,2.0397110272892047
41217,4.193706534723896
41218,3.028789522222946
41219,4.33907852673235
41220,4.458369997571586
41221,4.58875781851764
41222,4.623224724752356
41223,4.793261586492015
41224,3.822019287037194
41225,4.58097319110457
41226,3.0555723655032034
41227,2.9819941962366467
41228,2.59020931570293
41229,0.8013886595881802
41230,2.087715720397333
41231,0.6221311937060907
41232,1.425577232658093
41233,2.2733644949014886
41234,2.6336126478111543
41235,3.182288192464992
41236,3.5859146938695456
41237,4.162746577716326
41238,4.280237808930793
41239,4.312595703600103
41240,4.585897240937956
41241,4.843483416078062
41242,4.7207103182023245
41243,4.618875448657578
41244,4.575882565538022
41245,0.7270983041632386
41246,2.6174857437650747
41247,4.113196144103223
41248,2.1324607330935765
41249,4.531756221593889
41250,1.3869671568173656
41251,4.222909702856677
41252,1.3298401886496751
41253,3.7687284879915097
41254,0.9838367980857936
41255,2.1019546601805508
41256,1.641648462731536
41257,1.469855984257133
41258,4.686598395116762
41259,1.1038139389874042
41260,4.689356136511202
41261,2.1900241199076573
41262,4.705360847310724
41263,3.48058028075836
41264,4.365055186697049
41265,4.290586425802536
41266,3.989031621546498
41267,4.3479009486769025
41268,0.5222161984015934
41269,4.508328907264121
41270,4.196595373335541
41271,3.4880883091186745
41272,4.311026637212962
41273,1.5389653249779938
41274,4.389079021373217
41275,1.8420642382512287
41276,2.6228299042031598
41277,2.1800417928246634
41278,4.116974139282903
41279,4.463766899844787
41280,4.6266145226213755
41281,4.720037156527086
41282,2.549709460894314
41283,1.3898496165189995
41284,0.4613556920861073
41285,4.621601888849225
41286,4.337154605693733
41287,4.398747441245188
41288,4.6468246074686075
41289,4.964134151604925
41290,0.7511539110258848
41291,0.5359105818961973
41292,2.2101009584876987
41293,4.299131791819358
41294,4.156297368722241
41295,4.1934264661288045
41296,4.494068881674648
41297,5.024786611264471
41298,3.837983285670386
41299,2.514359157608983
41300,1.0420326718327322
41301,4.268199330089412
41302,4.508138888693921
41303,4.5414077274638425
41304,4.922394014698629
41305,4.632770204003816
41306,2.2218984036883915
41307,1.6501872569194982
41308,4.510677786427466
41309,4.642849344117368
41310,1.17191374581906
41311,0.5488892207582932
41312,4.263333983094523
41313,4.408419384975935
41314,4.801332777138705
41315,4.771943041642857
41316,4.574587540158878
41317,1.1589385750719123
41318,1.0597011553886573
41319,2.2601564151006066
41320,4.12957661577297
41321,4.4763579675179
41322,4.585897240937956
41323,4.201420142037588
41324,0.7342239766875531
41325,4.44365982415827
41326,4.606507446934859
41327,3.2566110071126593
41328,1.41050890725241
41329,0.40563825984447277
41330,0.4930631552160877
41331,0.96143696309546
41332,2.1912707941883864
41333,3.3011193283541624
41334,4.226645417231789
41335,3.832236104685824
41336,4.337749110359258
41337,4.287614102008727
41338,3.7333487634093263
41339,1.8177367173177355
41340,3.9945889190739985
41341,4.899661305710708
41342,4.397635348081727
41343,4.430904186851649
41344,2.9397065330218832
41345,2.27805355142594
41346,1.9474541639289613
41347,2.029310297986669
41348,3.1106680591004543
41349,4.531822017703766
41350,4.622317679165563
41351,4.852123211543949
41352,5.077055030489188
41353,3.588159083483595
41354,3.360849172928474
41355,1.7410990021532244
41356,1.9657250573904543
41357,3.9999709056955703
41358,4.679248849891504
41359,4.860950180012087
41360,4.860950180012087
41361,4.981975102087622
41362,5.058447848982177
41363,5.081586072797037
41364,4.552351716706917
41365,3.614930180323557
41366,2.602606602227925
41367,4.002949422492139
41368,4.571230497134978
41369,4.608359594541542
41370,5.293018784250427
41371,5.274396703185858
41372,2.60694571701087
41373,1.7096950757437186
41374,2.7587257920152433
41375,5.323151414281975
41376,5.010621744935313
41377,4.837035043940579
41378,4.3005991466931395
41379,3.773379983471329
41380,3.1314332072550024
41381,2.694998634100856
41382,1.4182460200247735
41383,1.7681397641736132
41384,4.228187933979575
41385,4.456463434738505
41386,4.495024568974533
41387,4.589467607810339
41388,5.038947155237247
41389,4.5142291476642535
41390,1.5383800702866937
41391,4.130847206406553
41392,5.1993554273941
41393,1.6693420616893764
41394,3.8078229566759423
41395,4.732442786779877
41396,4.719453763436684
41397,4.952598721865696
41398,5.108798697879168
41399,4.540421213285775
41400,1.650025612512454
41401,2.868323924972464
41402,3.3411738942993896
41403,4.629379170555683
41404,4.6642082668916895
41405,4.851414338785924
41406,4.851414338785924
41407,4.887350440069034
41408,3.9037495298049336
41409,1.9089234888115387
41410,2.852225548372299
41411,4.932651637009994
41412,5.032262607719408
41413,4.466086567352343
41414,1.370862974809255
41415,4.918249199658252
41416,2.854603992206038
41417,1.8721968288328903
41418,1.0428534140098802
41419,3.7790955575395055
41420,4.798138978342329
41421,4.606144605049255
41422,4.53538475838943
41423,4.681927019599755
41424,4.681927019599755
41425,4.732585097924237
41426,5.020849451160648
41427,3.6699296921499087
41428,0.9279053982271083
41429,4.762699022405518
41430,5.111823933850379
41431,5.203267647229841
41432,5.313961083193942
41433,3.7353289016530726
41434,2.390014196926325
41435,1.4651608188165761
41436,1.3962845945254474
41437,4.8078152323063135
41438,4.938610285633239
41439,5.216829059107728
41440,5.058167637669401
41441,2.392954214260896
41442,1.822178811487553
41443,1.3465388493418404
41444,1.500739899027117
41445,4.0621598114449
41446,4.736451293997534
41447,5.197128492838229
41448,3.7149340356380987
41449,1.626199020127882
41450,2.521420760288897
41451,4.492494544909611
41452,4.754871191385874
41453,4.883264172149924
41454,5.155499375961156
41455,2.9696012074223397
41456,2.3509033826598498
41457,2.5738801877463175
41458,3.7723849591390364
41459,4.293563088792923
41460,4.042387729410933
41461,4.250789275569175
41462,4.310137120501924
41463,2.6586159237186697
41464,2.33665738171599
41465,1.3249097061251207
41466,1.3033156419224716
41467,4.091235816627259
41468,4.097726305812581
41469,4.121138841016816
41470,4.192826036677716
41471,2.8255895666452555
41472,2.357345281767501
41473,1.8925712646395787
41474,0.9933657784066451
41475,3.6367305293800283
41476,4.652516654626688
41477,4.553069747221329
41478,4.694503791687477
41479,4.733064925923505
41480,5.110765760777534
41481,5.316630690564826
41482,5.033829165550601
41483,3.201015787181403
41484,2.6634836829957727
41485,1.3953041900115202
41486,1.1158302028377858
41487,3.4183021265051705
41488,4.3399029475557
41489,4.61259995854191
41490,4.608526303321262
41491,4.608526303321262
41492,4.720046156592489
41493,4.908315986715663
41494,4.297160248081855
41495,1.982015046662899
41496,1.2454082158308606
41497,0.9108578967673533
41498,3.288693907461523
41499,4.701949130496635
41500,4.849043778151636
41501,5.294584519279639
41502,5.05406042255115
41503,3.71048783253465
41504,2.840250271121758
41505,1.3101910944825672
41506,0.8955400120344021
41507,0.8607295825619972
41508,1.1905817587938314
41509,4.3990168684612065
41510,4.693516750201858
41511,4.570790480602556
41512,4.503158169493349
41513,4.553108782089
41514,4.553108782089
41515,3.921950689832411
41516,2.52376240060683
41517,1.6752203879160428
41518,1.4085817303298622
41519,4.66206586099434
41520,4.243877907922151
41521,4.291443510186508
41522,4.344651836865891
41523,3.8011739631724293
41524,2.8651164512181078
41525,2.9197416338522832
41526,1.951232333123018
41527,1.6807476120596194
41528,2.065719182559246
41529,3.282233527302876
41530,4.830715553248817
41531,4.215375480925461
41532,2.7434708626203332
41533,0.7870155090820191
41534,0.6704375705248984
41535,3.473110715333469
41536,4.4151033990404125
41537,4.728698082781679
41538,4.435017422181343
41539,4.510255937148749
41540,4.667539043173342
41541,4.881221257097184
41542,2.107173204971217
41543,1.1732025020466048
41544,0.8563061429236425
41545,2.407604840801307
41546,3.9389920492403308
41547,4.0878089482299655
41548,4.369075703573411
41549,4.402344542343332
41550,4.402344542343332
41551,4.89035715001464
41552,1.2150674568664093
41553,2.4065706275306638
41554,4.3901967948152425
41555,4.684696676555894
41556,4.626726452948107
41557,4.570922542787876
41558,5.182383697225409
41559,4.141206541139489
41560,0.7530652923978831
41561,0.8081818664342109
41562,2.379451349830847
41563,3.327242449473129
41564,4.977143358148745
41565,2.9168262285226647
41566,1.3630379010069364
41567,3.386422215755574
41568,4.65536101145483
41569,5.186874609419659
41570,4.183347466698719
41571,3.4462946068818585
41572,1.676668570381092
41573,1.3106265251113631
41574,1.3209946185543915
41575,2.744342157580358
41576,3.691229380686337
41577,4.467436636315936
41578,4.4873009318934844
41579,4.787193310605715
41580,3.9484074210027473
41581,3.284392612342743
41582,2.077117037467422
41583,1.7573755062167014
41584,4.029698763709526
41585,4.597090623100765
41586,4.759938245877354
41587,4.331938114531498
41588,3.71835869769145
41589,1.4915733256263781
41590,0.7870155090820191
41591,0.6704375705248984
41592,0.7672821110830721
41593,1.2063343871886076
41594,2.408735549769424
41595,4.389844858702515
41596,4.747090659428613
41597,4.52290337197765
41598,4.480309808002228
41599,5.083498055521802
41600,4.147337564225038
41601,3.298580911437281
41602,4.378098239301971
41603,4.37566056298941
41604,4.956695385540398
41605,5.2100551699303015
41606,5.245686357663281
41607,5.013190259458005
41608,2.40040461606108
41609,1.9234427224994333
41610,4.409638783767434
41611,4.767755254843283
41612,4.544621566808584
41613,4.7607709217310115
41614,2.667561290833426
41615,0.5250480876079923
41616,3.2284528974673568
41617,4.094291418511691
41618,4.662465748224739
41619,4.556541597267818
41620,4.696772141924713
41621,4.730040980694635
41622,5.153372901210991
41623,3.412683568661132
41624,2.8744947293679903
41625,2.4757744001721105
41626,1.0174550617005902
41627,2.133532256501542
41628,4.011873532193855
41629,4.482926662694813
41630,4.628012064576224
41631,4.677962677171875
41632,3.0588126996287643
41633,1.313391768936678
41634,2.0738903786436773
41635,2.4051106721087434
41636,4.345043358613788
41637,4.4998304885310825
41638,4.880573176292612
41639,5.0123498596198885
41640,2.076602235211612
41641,0.880531057962757
41642,0.8108466367167716
41643,1.4475129640733106
41644,1.9727768346654735
41645,4.23267781849812
41646,4.940663960961802
41647,4.625317134216614
41648,3.7221126384643317
41649,2.892776579039715
41650,1.1262915790307861
41651,1.055258192307796
41652,4.519815835104694
41653,4.529264544646321
41654,5.126935161727757
41655,4.808401145957322
41656,1.4937351571136146
41657,2.730453888945293
41658,5.012203575021163
41659,4.596311496432645
41660,4.430904186851649
41661,5.021981084039933
41662,1.995038406761993
41663,4.665461066892716
41664,4.852123211543949
41665,2.4427926715010266
41666,2.19135450601409
41667,2.3456058886670754
41668,2.458115883851814
41669,2.7825846130809446
41670,4.519514340888969
41671,4.659723606707168
41672,4.679248849891504
41673,4.054889658803455
41674,3.333001958917356
41675,1.4728706120442063
41676,1.3213121846302316
41677,1.8262560883982941
41678,4.943310231672211
41679,5.058972206113982
41680,4.6317721297457775
41681,4.6317721297457775
41682,5.043215431394461
41683,4.388722439714741
41684,3.9379287454914103
41685,3.6698266852145145
41686,3.027879908998188
41687,3.8592438437389625
41688,4.785569377191353
41689,4.772399845584231
41690,4.310457043351262
41691,4.144091361046486
41692,4.1812204584530495
41693,3.9587801001281386
41694,1.4182460200247735
41695,2.7563536705527136
41696,5.044442587783197
41697,5.151692561627545
41698,4.4080510250770315
41699,4.193358837643568
41700,4.495024568974533
41701,4.125716663283385
41702,3.3842111329273874
41703,1.9355195757603751
41704,1.8768940529113016
41705,2.8653398923234645
41706,4.723996594237414
41707,4.558002180878134
41708,3.9527783682963995
41709,3.571551708484361
41710,3.366202264749477
41711,1.3149207999419854
41712,1.1431338186814364
41713,1.5028400312009682
41714,5.126543014538144
41715,4.74000322257912
41716,4.789953835174771
41717,5.349805676978552
41718,1.751203778337986
41719,1.6389045721770106
41720,4.9466093963790145
41721,4.27415520544225
41722,3.0108515870204435
41723,2.4970889420807687
41724,4.23970274781896
41725,5.009124383904549
41726,4.696217085319546
41727,1.02974720577652
41728,0.8998729289306981
41729,0.9681580805957326
41730,2.5665263921523644
41731,3.9548165120139083
41732,4.85159284812498
41733,4.368189426819752
41734,4.405318524226316
41735,4.4664457736291565
41736,4.495150604299498
41737,4.649768629544925
41738,5.018722060168476
41739,4.762285145543391
41740,4.1810338614880305
41741,1.3558208632429412
41742,1.1392888604157108
41743,4.572513855795994
41744,5.2712134338867145
41745,4.290123415638808
41746,2.687369072265007
41747,1.0607974513247562
41748,4.646306010820779
41749,4.760879064644045
41750,4.7941479034139665
41751,4.925048873755351
41752,2.7780294366055416
41753,0.9779531796980113
41754,2.5986857571062623
41755,4.580466793280664
41756,4.538058799405284
41757,5.355113609618427
41758,4.489790153076008
41759,3.3925427760601536
41760,2.7637211610602406
41761,5.081996933844126
41762,4.565625589596719
41763,4.686500681401883
41764,4.4841292159428825
41765,4.01009064430935
41766,3.444353632049482
41767,2.3902045393188938
41768,2.0017685923600532
41769,1.4697542676141886
41770,2.358585106218441
41771,3.7115131834223267
41772,1.5063798492075702
41773,4.883264172149924
41774,4.682213506770104
41775,5.100101509580337
41776,4.553168108705492
41777,4.937823115307392
41778,4.576491277661814
41779,4.324627880680608
41780,4.922324617033949
41781,3.8196673868298263
41782,5.067843218298531
41783,3.720609704839337
41784,4.913470982369287
41785,2.0126395455163064
41786,4.388752974796291
41787,1.7571370710349075
41788,4.068917143974178
41789,2.167521161333764
41790,4.018945816677693
41791,4.002467931016316
41792,3.3936470508803493
41793,4.279581060478792
41794,2.6114788841123495
41795,4.1997690870786615
41796,2.7564828766240894
41797,3.3972003031069242
41798,4.081493798450887
41799,3.102340179082576
41800,4.742583938123893
41801,1.6656082889355226
41802,4.9466093963790145
41803,3.8805436947666148
41804,5.068251676216336
41805,4.850738280105881
41806,5.123649542597156
41807,4.257601498932035
41808,4.822089938584071
41809,4.121138841016816
41810,4.324627880680608
41811,4.807636992409698
41812,3.8106561594116033
41813,5.0128777909909275
41814,2.0233757190313546
41815,5.140471249531195
41816,4.832787661483068
41817,3.52176171286984
41818,2.891451614375284
41819,1.2098977812338758
41820,1.3207266124152277
41821,2.5762291104378576
41822,2.8147019278104572
41823,4.590198844627893
41824,4.641990343794803
41825,4.733064925923505
41826,4.608359594541542
41827,4.308411837124921
41828,4.733558586547196
41829,2.226517510631284
41830,4.968817813982577
41831,1.1674860455798926
41832,1.4388881778974592
41833,2.7621618616830386
41834,1.3919945679214731
41835,5.146785049469288
41836,1.7816418105857652
41837,5.213487702600109
41838,4.47639814494564
41839,1.1945712204456258
41840,4.509666983715562
41841,2.396972383026441
41842,4.509666983715562
41843,4.1840077514818335
41844,4.773693494630993
41845,4.725600269556088
41846,5.101448286429792
41847,4.683192275680708
41848,1.6120775608999702
41849,4.735217969266556
41850,4.054342517211201
41851,4.656990385536104
41852,4.281228938380192
41853,4.613933868329709
41854,4.763728373994337
41855,4.916837994517801
41856,5.285587700377325
41857,3.35435918226639
41858,4.0095098987247315
41859,1.3753544609789654
41860,2.9730400170768605
41861,1.384254675209514
41862,1.5466943616778397
41863,2.69390560232291
41864,5.128785438539611
41865,3.0735572264214333
41866,5.158206781986645
41867,4.47077187945032
41868,4.6467595040260266
41869,3.6487181580386023
41870,4.68990289175318
41871,3.187874193738941
41872,4.755692686192398
41873,2.526980972441174
41874,4.8078152323063135
41875,2.5710876969922802
41876,4.8078152323063135
41877,1.5736944765547278
41878,4.921136653919611
41879,3.5126636140221934
41880,5.425499548242387
41881,4.176742300642503
41882,5.423325637420553
41883,4.776368045430267
41884,5.126379665471527
41885,4.8133503537624325
41886,2.2911201525358087
41887,3.1030845241848963
41888,2.666249239666301
41889,1.9853475408611783
41890,4.613529612479763
41891,1.4915733256263781
41892,4.64835870881577
41893,0.4290440442182821
41894,4.789953835174771
41895,4.472146519587907
41896,5.230817495340186
41897,4.486843401944514
41898,5.313476360617361
41899,4.510255937148749
41900,4.000604185824279
41901,4.937705449458217
41902,3.7054475771530293
41903,5.187508802314183
41904,3.4348671735644127
41905,4.112429055589617
41906,2.542657521649414
41907,3.2599876593300747
41908,2.2106863158798515
41909,1.64196156002095
41910,2.6152430458123077
41911,1.241708458856554
41912,4.228739161536986
41913,4.498560297829387
41914,4.538883509093886
41915,4.798841084596293
41916,4.741875065365868
41917,5.03055351397088
41918,5.068251676216336
41919,5.0157469289489685
41920,5.123649542597156
41921,2.763664540194563
41922,4.6826907749728655
41923,2.31187731048294
41924,3.962768379193633
41925,0.8070392790555067
41926,3.3052908840573236
41927,0.8132023782261383
41928,2.4884533349404068
41929,4.583669935741712
41930,2.003133596133508
41931,4.7394312068580255
41932,1.8512728271706373
41933,4.960253509203006
41934,2.220023733497636
41935,3.412683568661132
41936,4.094666323190004
41937,2.407285316623681
41938,4.502958371020085
41939,1.6390648487215074
41940,4.530797905595568
41941,0.9323227582799726
41942,4.666252723871498
41943,4.546618818801323
41944,4.829100346648087
41945,4.50473662431161
41946,4.829100346648087
41947,4.398812473354688
41948,4.057550997821728
41949,4.672343801392616
41950,3.5034940004294173
41951,4.7056126401625376
41952,3.153076695474786
41953,5.289209457009089
41954,2.7093524401108797
41955,5.201006539099766
41956,1.4334836699109312
41957,4.195390719507542
41958,4.490757581332801
41959,3.4550150678158063
41960,4.495150604299498
41961,1.9920565249761484
41962,4.994673524339274
41963,4.294057949065374
41964,5.244476877195241
41965,4.528720044811763
41966,3.5347823999563635
41967,4.485663527605368
41968,3.141832406213639
41969,5.0872181424136755
41970,1.5074107898054776
41971,3.0734525580522467
41972,2.8096159389871453
41973,1.372724177706285
41974,5.1165773763274265
41975,2.186639998286455
41976,4.648658180829833
41977,4.312649506398642
41978,5.2425525790128304
41979,4.882368449830132
41980,5.0052725302870105
41981,4.964520291105064
41982,3.24125687094983
41983,4.561986837842795
41984,2.156156209425093
41985,2.9842100962563727
41986,1.2803013043652378
41987,2.5113916680643613
41988,1.3610923923675569
41989,1.3710807322666343
41990,2.5637254879814346
41991,1.095754034174236
41992,3.7706664539710135
41993,1.026069612928251
41994,4.723543101032166
41995,1.66273594028479
41996,4.681135107156786
41997,1.9605655623378473
41998,4.7941479034139665
41999,3.4997597213566136
42000,5.429411768078127
42001,4.321463951582579
42002,5.017015111244916
42003,4.759938245877354
42004,4.448637626651522
42005,3.0152110922459863
42006,3.422591325389464
42007,2.469739755103366
42008,1.1306104997530697
42009,1.8289850253738378
42010,3.6332408770804774
42011,4.576782927323162
42012,4.577786015395628
42013,4.668601321615886
42014,4.989012761792224
42015,4.922208572024827
42016,4.503229703069277
42017,2.1652655794704523
42018,4.755692686192398
42019,1.4607050387792426
42020,4.8078152323063135
42021,0.735945502697525
42022,5.442973179956015
42023,0.7199314356366028
42024,3.9043454741405093
42025,3.3619538269463414
42026,3.5916078978769006
42027,4.491272712530865
42028,1.1410336865075847
42029,4.728271553286442
42030,4.929480532370185
42031,3.4028839176813745
42032,4.61699639819426
42033,1.1416456975823788
42034,4.530796493260712
42035,0.7787049640003895
42036,4.736451293997534
42037,2.390436333002083
42038,4.935125090152068
42039,3.442611600178168
42040,5.213343863626558
42041,4.72750208296109
42042,5.332332045264924
42043,4.7607709217310115
42044,5.0427562569089845
42045,4.846077517373199
42046,1.4601011064912253
42047,5.024965331302844
42048,2.8937310594118553
42049,5.282766108688851
42050,4.337707414992317
42051,5.143293761097439
42052,4.527323641245618
42053,4.9906371948547195
42054,4.978459229743015
42055,4.226966306579186
42056,4.733163450211223
42057,1.7278232487460503
42058,3.2054002257919607
42059,1.5160304381915928
42060,1.7139591003637564
42061,0.7900171790259026
42062,2.2873569474190236
42063,0.6044615137294824
42064,4.26572355421744
42065,2.0610255619315105
42066,4.158527047371778
42067,3.8328666938024125
42068,4.158527047371778
42069,4.730040980694635
42070,4.318170376085178
42071,5.040936504983644
42072,3.937890163796205
42073,5.298737282369651
42074,1.477053705754099
42075,1.5701232092957427
42076,2.6173174146785616
42077,0.9701230480362069
42078,4.926841081293214
42079,3.1737437792310828
42080,4.128364914033823
42081,4.439113244871213
42082,4.472818389658299
42083,5.196083320907119
42084,4.907975151325918
42085,4.965999201986565
42086,0.9581238835141351
42087,4.236237347104139
42088,1.373827947857043
42089,1.1761593258088767
42090,4.5429348678463235
42091,2.7764794293287607
42092,4.8275784524122765
42093,3.7233666524347395
42094,4.857749457488208
42095,4.543643906354682
42096,5.332468888629717
42097,4.695950647118189
42098,3.629688608381482
42099,4.805489920538245
42100,1.5507672271853836
42101,4.854346050239351
42102,4.609582556914236
42103,3.052325983475053
42104,4.526400053608362
42105,2.565435971076434
42106,4.569543441335515
42107,1.747884161101133
42108,4.57525746455134
42109,3.940912630625063
42110,5.06083113635739
42111,4.797523679429706
42112,3.605446601596617
42113,4.886316453143253
42114,3.104594574015471
42115,2.4903990458367766
42116,2.704811809342181
42117,0.6810374276788165
42118,0.7385975786904663
42119,0.6220429368002043
42120,3.8953380690241306
42121,2.2850920234007237
42122,4.648363179344701
42123,3.996949541868852
42124,4.735217969266556
42125,4.4560648328687975
42126,5.0877721130637354
42127,4.479477368073033
42128,5.32822903031112
42129,4.87713180887179
42130,4.316200427142021
42131,2.451247277571689
42132,3.3574016278246748
42133,2.2389252395801025
42134,2.3271031022001045
42135,3.463738999575802
42136,4.446629545192825
42137,4.695027693640517
42138,4.786412189399544
42139,4.6517125447148375
42140,3.042025232654171
42141,1.9967918876757378
42142,2.3726575673815566
42143,4.061771619954598
42144,4.272841361805872
42145,4.4276284917231665
42146,4.552526587574284
42147,4.66206586099434
42148,1.5846497619141884
42149,1.9424453828817285
42150,2.3495206547576615
42151,3.3966879522373183
42152,3.540503148597677
42153,4.060602982681657
42154,4.176742300642503
42155,4.492448522147443
42156,3.7037455235616683
42157,0.8718868649229623
42158,2.065215915379827
42159,4.514740083563329
42160,5.11371735530246
42161,2.7774430601429474
42162,0.9579591729169168
42163,4.909086389561621
42164,5.014892060437705
42165,3.914966022373626
42166,3.9520951197801906
42167,4.115486142214849
42168,3.3828456956516644
42169,1.8007440484669301
42170,1.0335687497895916
42171,3.4129386022230195
42172,4.540526548014559
42173,4.547510007583641
42174,4.570922542787876
42175,5.198722571956631
42176,4.958520516274388
42177,2.8060056458195604
42178,1.1770501872500319
42179,4.294269633062396
42180,4.442625891178288
42181,4.7056126401625376
42182,4.824337001248702
42183,5.063065336160802
42184,2.518105899326785
42185,0.9483868185587709
42186,0.8365078488059028
42187,1.1743652121821657
42188,2.337774420647498
42189,4.664219660579195
42190,4.442520139878215
42191,4.705311624050481
42192,4.705311624050481
42193,4.848489807501576
42194,5.072534420422217
42195,4.940939548682029
42196,2.5573636368267394
42197,2.0617536374420284
42198,2.372973400360341
42199,4.510580024043089
42200,4.424469963289171
42201,4.4873009318934844
42202,5.000586442853501
42203,2.2964556414207515
42204,4.292954386910649
42205,4.8766466292595165
42206,4.913628937591682
42207,4.930994137078066
42208,4.60901115575348
42209,3.385898614448574
42210,4.443180710595664
42211,4.600195462527397
42212,4.600195462527397
42213,4.878927206918306
42214,5.160387216311993
42215,2.633561037049131
42216,0.9511888318272125
42217,1.113786650836242
42218,2.316187813417057
42219,4.721232215387229
42220,4.4127896603959735
42221,4.679719341950905
42222,4.712988180720827
42223,4.712988180720827
42224,4.238319251658214
42225,2.9695604378023304
42226,0.9257525267081096
42227,1.1880351704212682
42228,4.650545717765506
42229,4.588434984632184
42230,2.1287174887637637
42231,0.8586243993506929
42232,4.600355015091417
42233,4.828603885659571
42234,5.0007163349682715
42235,4.237563216842924
42236,0.7425968841328966
42237,0.6675576937330642
42238,3.553473845487159
42239,4.587882888959197
42240,4.677962677171875
42241,4.833105863406959
42242,5.045438482731032
42243,5.026387459018452
42244,3.500143832006806
42245,2.5427237784032575
42246,1.9375835533747592
42247,1.5800304265228586
42248,1.1850595400394253
42249,4.805489920538245
42250,4.962725017567544
42251,4.611074006758975
42252,3.9856909727772583
42253,1.7724414824444272
42254,1.510255346443836
42255,1.1642519558799544
42256,2.8693815207123055
42257,4.20416825382619
42258,4.6346760566531175
42259,4.797523679429706
42260,4.923298761475418
42261,4.380483949086123
42262,1.8496443161072482
42263,0.5644594891216957
42264,3.4460735853622992
42265,4.3581684725778596
42266,4.361358192432176
42267,4.39848728983874
42268,4.479477368073033
42269,5.074342049557026
42270,4.073000207692677
42271,2.9465851520612776
42272,2.22856873817771
42273,4.007780996020379
42274,3.8243233217348953
42275,2.8569460130655546
42276,1.8889220441776968
42277,1.5946647554827122
42278,2.1998966707442946
42279,3.3720023643253425
42280,4.085020494867804
42281,4.193978945357048
42282,4.270249380007183
42283,4.270249380007183
42284,4.505031714462275
42285,4.1428486528205655
42286,3.009950051952279
42287,1.6756553754592673
42288,2.2544228351559537
42289,3.2430997828131214
42290,4.285702697025781
42291,3.8997500392291333
42292,3.3922639947187063
42293,2.692165006878203
42294,2.2637391473760324
42295,1.0499900125963002
42296,0.897846012967322
42297,2.227685195963641
42298,4.432816787823028
42299,4.532690429098176
42300,4.244942446249532
42301,4.0900668997708065
42302,4.12719599717737
42303,4.12719599717737
42304,4.2534661056520875
42305,4.612219204093695
42306,3.855579959468896
42307,3.179953419167718
42308,2.508055101138738
42309,3.725982483959143
42310,3.7631115813657083
42311,4.027002783397971
42312,3.307317661752574
42313,2.2020641800720617
42314,1.4840243349357711
42315,2.3028313634552493
42316,4.6839148565058375
42317,4.074522591498855
42318,3.8064178638230266
42319,4.166983226520484
42320,3.9272005173428015
42321,2.8206695101187385
42322,2.243776925191602
42323,1.4186489301535556
42324,1.0529582579353938
42325,1.4261550072245792
42326,3.555665666182338
42327,4.158036196213277
42328,4.20117958394043
42329,4.265223865456094
42330,4.965432037978949
42331,4.234513320875174
42332,4.251195094700903
42333,4.405041708837319
42334,4.806868188841736
42335,3.936663613959299
42336,2.0073945170728553
42337,1.2943848865673768
42338,1.9988119557968167
42339,2.2439179572619645
42340,2.802766060386233
42341,4.079099136663587
42342,4.349278023615683
42343,4.568571005508426
42344,4.320039534777221
42345,4.0098631566605585
42346,3.612719262649631
42347,2.4375924136635754
42348,2.0897201537342465
42349,1.5397041079147327
42350,1.4930896997019545
42351,3.956724323297848
42352,3.9991105013332833
42353,3.953733191984976
42354,3.953733191984976
42355,4.041809183699071
42356,4.167378184187969
42357,4.184607514189765
42358,2.4195256343816323
42359,3.4635886622599688
42360,3.9968693826716053
42361,4.151584764482097
42362,4.54558591287079
42363,3.6623855035484114
42364,2.6252403796964767
42365,2.3337001142028355
42366,1.0092592325434049
42367,4.328828461719141
42368,3.5920677067378657
42369,2.968687994795021
42370,2.635619489742881
42371,1.5696993268722703
42372,0.7073953410750389
42373,4.601512742152104
42374,4.026065397997536
42375,4.060894494333543
42376,4.271157210123744
42377,4.86012959546181
42378,3.8779941344708733
42379,3.034087204298185
42380,2.851565785525203
42381,0.5831083204511376
42382,0.9190810482898866
42383,4.207481446352116
42384,4.234281247014558
42385,4.096234534762908
42386,4.2463701581121
42387,4.265223865456094
42388,2.723162486061122
42389,1.2223132578065043
42390,0.8264352091006135
42391,0.6796041865392901
42392,1.0551192958823867
42393,2.2059642113176805
42394,4.012503869225522
42395,4.196703074394758
42396,4.213384848220487
42397,4.213384848220487
42398,4.362245015376106
42399,4.689560042444939
42400,4.440947721017917
42401,1.4823901271508961
42402,1.0798034396257319
42403,2.0179281070112545
42404,4.202221844330805
42405,4.377065745270211
42406,4.596358727162954
42407,3.6595307448187815
42408,1.5954691482506413
42409,1.7589255287073828
42410,2.1314469028320158
42411,3.0913860257015924
42412,3.6240373005327986
42413,3.6435176113480447
42414,3.67400208676764
42415,3.239817784168497
42416,1.1059385317070158
42417,4.442264138703599
42418,3.5409277641882646
42419,4.630033076389573
42420,1.8829592467034981
42421,1.3981308837041115
42422,0.9418110354239926
42423,4.160347439648323
42424,4.165639735114429
42425,3.4148069842982296
42426,3.8416772954943608
42427,3.8416772954943608
42428,3.8883739584388697
42429,4.237750998800118
42430,4.494215796456236
42431,1.1976074744952157
42432,4.265035791588368
42433,3.940206051361823
42434,4.040634835025896
42435,4.262797032027868
42436,2.751036620105221
42437,2.248677935604923
42438,1.8243256848899885
42439,0.4408832674537474
42440,0.8129243975890156
42441,1.891274025361639
42442,3.956009962525661
42443,4.543172193381512
42444,4.300699289580876
42445,3.4973350106066
42446,2.3594985183080275
42447,0.45171934498565214
42448,1.811602072733744
42449,2.9128256618054182
42450,4.246523252902847
42451,4.0300586273411465
42452,3.875442277586987
42453,3.9185856653141418
42454,4.172371296895722
42455,4.189053070721451
42456,4.302172031579924
42457,4.459052518191871
42458,4.216164068999155
42459,3.456239762361421
42460,1.9313666140372399
42461,1.4623722433159558
42462,3.7789200497192414
42463,4.270435395700743
42464,4.401683490570019
42465,2.550657951992433
42466,1.5165919999693447
42467,0.9564253005071573
42468,0.7949688284320966
42469,4.038200081716651
42470,4.2544280265128585
42471,4.351962894112688
42472,3.932182537617922
42473,2.9240032279844788
42474,1.877914022808601
42475,0.8897145111753776
42476,0.33311060340415233
42477,0.7921014803456833
42478,2.858210253026746
42479,4.26230284845051
42480,3.9686080318789565
42481,4.30010815540807
42482,3.4831539268073484
42483,1.0113372992424285
42484,0.3149789977605808
42485,2.93336934258681
42486,4.4014981390389085
42487,4.0177072021621205
42488,4.04789152272104
42489,4.066502697804307
42490,1.2495882314492532
42491,0.5381728664682427
42492,0.3370345527670588
42493,2.998839727343352
42494,4.351082968848986
42495,4.714348845637801
42496,0.941726344599719
42497,0.1801194572515749
42498,0.16476653477360653
42499,4.019709151067149
42500,4.060438315764385
42501,4.060438315764385
42502,4.320242407308587
42503,2.751036620105221
42504,1.085185441185219
42505,0.6193148669656939
42506,1.6705877288331994
42507,3.6267620241222183
42508,3.2185238618163883
42509,4.023577254284883
42510,3.846078646440416
42511,4.041517552018778
42512,4.041517552018778
42513,4.350831367078955
42514,1.9130655625445498
42515,4.092560436633224
42516,4.092560436633224
42517,4.3963331005330035
42518,3.191525370311481
42519,1.5883341035349583
42520,0.8577587608557583
42521,0.5867628983666952
42522,3.6473394443169864
42523,3.690395652448866
42524,3.9736080411478256
42525,4.103186825154496
42526,4.103186825154496
42527,1.9284694128694986
42528,0.7271321588916955
42529,1.832914455176429
42530,3.9892175251840336
42531,3.678160118875895
42532,3.9950918645474554
42533,3.9192454539296135
42534,4.432550204333768
42535,4.169974812133564
42536,1.1945403349357995
42537,1.126929729621838
42538,3.5515048945717047
42539,4.085594661342329
42540,4.480524254308806
42541,4.560683539228066
42542,4.295017725846293
42543,3.4996121660868407
42544,3.5113904543077927
42545,4.150243099236144
42546,4.33429318103061
42547,4.553586162923353
42548,4.503330457746177
42549,3.6595307448187815
42550,2.7123191352766787
42551,1.2868488215947715
42552,1.7026141095939995
42553,1.8439559721294831
42554,4.06395227810394
42555,3.706030637346003
42556,3.706030637346003
42557,4.240608005360698
42558,2.869835881843838
42559,4.442385925521929
42560,1.2663776322052778
42561,2.267923377158383
42562,3.4675648693375063
42563,3.976463866082822
42564,4.598493170848843
42565,4.8657328055680145
42566,4.323745025353591
42567,3.448518512362281
42568,2.6354193437235938
42569,1.1080103853540209
42570,1.1080103853540209
42571,4.768574390929968
42572,3.9586665031991215
42573,3.963958798665228
42574,3.963958798665228
42575,3.8096483034959956
42576,4.650945758284277
42577,4.642799141917924
42578,4.363069988421578
42579,4.557192488577394
42580,3.19014668274766
42581,2.913239261276895
42582,1.782182315345625
42583,1.1735304186543445
42584,1.077123681212344
42585,4.628434932232722
42586,4.298537344940431
42587,4.12007081240343
42588,3.27340258442659
42589,2.8415994390805532
42590,1.6741055106694218
42591,1.18002851188248
42592,3.4612842691464243
42593,4.520016557047348
42594,3.2562881932896506
42595,3.31245488378703
42596,2.702286899120466
42597,1.6401385267868696
42598,2.3261209389712296
42599,3.3398523688314743
42600,2.6942707395143604
42601,1.9889258640576275
42602,0.9460408304197021
42603,0.4710002641193159
42604,0.5664623942949378
42605,0.9891058893444543
42606,2.06071777187937
42607,4.463732664601309
42608,3.85859683548211
42609,4.002161678137713
42610,4.002161678137713
42611,4.86105000213365
42612,1.3568084368709108
42613,2.187412846916879
42614,4.346099652753828
42615,4.626970090925538
42616,4.125577081622509
42617,4.1364791134851115
42618,4.215298818286102
42619,4.552659425116856
42620,4.706062942771373
42621,2.1150064263217265
42622,0.5046724659147942
42623,4.271157210123744
42624,4.271157210123744
42625,4.382076874886852
42626,4.709391901955685
42627,4.451890046060256
42628,2.240278632004949
42629,1.7703933572056734
42630,1.9974306760625085
42631,3.1655944480680898
42632,4.549593234762097
42633,5.001567214984995
42634,4.488980460775268
42635,1.7792834994780136
42636,3.5055736055651003
42637,2.7699266752483336
42638,1.8207324096319897
42639,2.476236539931556
42640,3.6205135937976802
42641,4.297345986324934
42642,4.366467855727355
42643,4.056291477610692
42644,2.6253169424495075
42645,2.3978503061863514
42646,1.9701934987728695
42647,3.4293716188622283
42648,3.67795970383382
42649,3.720345881869253
42650,3.541166821341873
42651,3.6240373005327986
42652,3.721405649852004
42653,3.75544656033219
42654,2.7606267608198283
42655,2.5700239832360463
42656,2.1394242129120413
42657,1.76222447339307
42658,0.9537945320780369
42659,0.9322004678753877
42660,4.381949670682888
42661,3.5242142483144008
42662,3.5409277641882646
42663,1.4622133312497887
42664,3.5409277641882646
42665,4.542575415005758
42666,4.047839393399958
42667,4.632527244895995
42668,4.2862434007317685
42669,4.2052428389055985
42670,2.3179287963175854
42671,4.050924383747533
42672,0.6379383630254221
42673,3.9202001799629977
42674,3.1631339754298726
42675,3.9202001799629977
42676,4.166680173865042
42677,3.9202001799629977
42678,4.127914760179715
42679,4.5973563707207825
42680,3.932829134398083
42681,2.362005506848127
42682,4.5103992424999175
42683,1.5996309986127
42684,3.6346365125669045
42685,1.5666920759400145
42686,3.3776778868916644
42687,1.9788892119659915
42688,3.8416772954943608
42689,2.640079987018003
42690,4.514999935041694
42691,4.107099711508991
42692,4.284711823195509
42693,2.926504560791898
42694,2.7211987470957535
42695,1.9015795419867012
42696,0.2935421776496468
42697,1.6021796907218626
42698,0.2997052768202784
42699,1.5555652825090844
42700,0.7567054307100187
42701,4.037605449210388
42702,2.9161775412444646
42703,4.098024164748226
42704,3.9833494390889785
42705,3.5575981459953403
42706,4.196578244440142
42707,4.097809674870003
42708,4.768408402567198
42709,4.2233786753589015
42710,4.597953790431418
42711,1.914327129511588
42712,3.443150832238546
42713,0.853076242130897
42714,0.5733500326136471
42715,1.363290891359672
42716,0.38576669341741987
42717,3.433767095032602
42718,4.031539779965476
42719,4.12719599717737
42720,3.873790328455879
42721,4.12719599717737
42722,4.138187449353462
42723,4.894368107712892
42724,4.255347604875069
42725,4.859258392177739
42726,4.8349770506366925
42727,3.352451163296675
42728,4.635856047984426
42729,2.0840925470054588
42730,1.9351462675930922
42731,1.0453325310579884
42732,0.43396689354581097
42733,1.01447503070069
42734,4.706828736498344
42735,1.449116348638905
42736,2.7327748399931404
42737,4.491232262758773
42738,2.473087456781803
42739,4.430638467772578
42740,1.1590758204619118
42741,4.027002783397971
42742,0.87518663148494
42743,4.027002783397971
42744,1.5936450749390747
42745,4.221642125455699
42746,3.082053874345977
42747,4.581445920674723
42748,3.735776661992087
42749,3.8216701546700853
42750,3.92495414123039
42751,1.2954999441680732
42752,3.761764760231437
42753,3.5687596169700413
42754,3.1599601801300996
42755,3.771588767487018
42756,1.9093188738563236
42757,4.3641219209326
42758,1.9651055941623434
42759,4.775491620944469
42760,2.9823724193488355
42761,4.417557498351863
42762,3.4321549315221542
42763,3.4878073439461144
42764,4.167778865723318
42765,3.4759198177287343
42766,1.8704511081183066
42767,1.0612725493265398
42768,3.9208453808910306
42769,2.2451939687771194
42770,4.014937389689434
42771,4.326786068041463
42772,3.8510990284885422
42773,4.2463701581121
42774,3.888228125895108
42775,4.265223865456094
42776,3.9686080318789565
42777,4.690385015490411
42778,3.9686080318789565
42779,4.982189872745591
42780,4.031818952066404
42781,3.983296576988014
42782,4.291241090963167
42783,2.702772099688213
42784,4.618237607223843
42785,0.8737642191524014
42786,0.3493385741928715
42787,0.7016085718692467
42788,0.756677907321303
42789,2.128396543079846
42790,3.8064563342443933
42791,3.2711410039522524
42792,3.8435854316509586
42793,4.281758967853528
42794,4.344022783652606
42795,4.154899908739437
42796,4.331027829297006
42797,4.251195094700903
42798,3.534545181164141
42799,4.732356735906152
42800,0.339060673474211
42801,4.868520566950512
42802,0.7787227469577416
42803,4.490896948651014
42804,1.8570723747303657
42805,3.117297560522968
42806,4.056191724755418
42807,1.192482520769914
42808,4.165538572117509
42809,4.004673652876285
42810,4.620026950649634
42811,4.113928232999594
42812,1.1605920679870525
42813,4.192886911380007
42814,3.975895733243547
42815,4.269157346030141
42816,4.060438315764385
42817,4.269157346030141
42818,4.1435259220815075
42819,1.6658493649237225
42820,4.728416308792825
42821,1.884986198882359
42822,4.584192551003835
42823,3.708136238326255
42824,3.535477648850167
42825,3.824154407978309
42826,2.343063938302706
42827,4.148840095006959
42828,1.9187116875877712
42829,3.81319286401926
42830,0.3282445587183863
42831,3.3922639947187063
42832,3.802265228616815
42833,0.6155423963404207
42834,4.188476793718904
42835,4.41286464623466
42836,4.6177261542194
42837,4.028151592407499
42838,2.4547864052891124
42839,3.8214677380755444
42840,1.4063397706447578
42841,4.578198417906661
42842,1.1451749102005788
42843,4.210467925829048
42844,0.9148783514163945
42845,2.9739911073920986
42846,0.8728409739400284
42847,0.7629134340079754
42848,1.5857130541744706
42849,0.5814753725044328
42850,1.9695091416031372
42851,0.4850399260986024
42852,2.4268760326204952
42853,3.2297143719821286
42854,3.865983908359947
42855,3.9707015351437795
42856,4.01629000198309
42857,4.0078306325503466
42858,4.439114524665607
42859,4.1364791134851115
42860,3.8361512795017894
42861,4.1364791134851115
42862,2.101993894551077
42863,4.819899059836027
42864,1.1169831918337396
42865,0.4117438276387286
42866,0.5008107876694318
42867,0.9045927524283821
42868,1.3498186519084787
42869,1.983174313234067
42870,2.446044663069242
42871,3.20058136211725
42872,3.3833322132592776
42873,4.28995579052063
42874,4.176504300220229
42875,4.198941206585194
42876,4.274039167820058
42877,4.988005803107107
42878,3.598426347740188
42879,0.9008776616344071
42880,1.2803249645146126
42881,0.45139901142259087
42882,0.5929543751061613
42883,4.061405438426901
42884,3.028256060446816
42885,4.265223865456094
42886,3.785521682703128
42887,4.39563828676474
42888,3.9192454539296135
42889,4.722953313833573
42890,4.035586686513955
42891,4.897220010176823
42892,2.3857938594970127
42893,3.9150845491858863
42894,3.135763663654002
42895,2.927345325731667
42896,4.458892460287732
42897,4.563984598382599
42898,4.1712461557391505
42899,4.047332965561529
42900,4.825723873489299
42901,4.70661353439969
42902,3.8803716166164057
42903,3.2276267397437235
42904,3.045624796690748
42905,1.8539914244120017
42906,1.1865824683585475
42907,1.0907895693006862
42908,3.0551153018989403
42909,3.7592305460404756
42910,3.7940596423764843
42911,4.297345986324934
42912,4.547804278701876
42913,3.1361079025202487
42914,3.152235760415838
42915,1.6865847238747718
42916,1.3615254656639386
42917,1.3293837484209103
42918,3.4581173403238847
42919,1.2952370049494153
42920,2.088669177782455
42921,3.3530662017332733
42922,3.774695630438079
42923,3.561343345720966
42924,4.4317542497457
42925,4.682531555193918
42926,3.529011065282635
42927,2.9184966263942314
42928,0.45650030152187937
42929,0.48531891027289126
42930,2.020160663196614
42931,4.421225770907463
42932,3.969958231804647
42933,3.4882291750626457
42934,2.197621907786591
42935,1.720202756555913
42936,0.503290670503494
42937,1.8352869915157055
42938,3.9907775938055607
42939,4.110521656114276
42940,4.040634835025896
42941,4.040634835025896
42942,4.484402832946585
42943,1.1481769556732155
42944,2.8986579651135975
42945,4.226884742453003
42946,3.829976910632278
42947,4.138187449353462
42948,4.138187449353462
42949,2.7933681192598954
42950,1.3551809457956676
42951,0.8049214774374448
42952,0.7603292108662387
42953,3.9064595289125537
42954,4.189053070721451
42955,4.589996620086367
42956,0.916580377783476
42957,0.886887693479959
42958,1.8993768464101881
42959,2.3567437374275455
42960,3.5929337729898205
42961,3.9545162710647817
42962,3.9545162710647817
42963,4.430906224398714
42964,4.092487946014855
42965,2.38952702067369
42966,1.2812711244608532
42967,0.7090167177348334
42968,1.158206383951093
42969,1.5432173812820937
42970,3.696162162579863
42971,3.739218370711743
42972,4.167778865723318
42973,4.340506588439367
42974,3.5495927833754446
42975,2.3191280135106545
42976,1.229769574453715
42977,0.3583743153816617
42978,0.22712852144925838
42979,4.5726912163575735
42980,2.689365700023904
42981,2.119950141783693
42982,1.6260227626859578
42983,0.4951283855665798
42984,1.8350275350939267
42985,4.039838568765235
42986,4.04789152272104
42987,4.04789152272104
42988,4.642919074909498
42989,4.67481750495481
42990,2.7224060251370594
42991,2.384686861405954
42992,1.7898991181456478
42993,3.963975702784314
42994,4.0077891206079155
42995,4.091168256800762
42996,4.091168256800762
42997,4.091168256800762
42998,4.17609422042467
42999,4.404078287948658
43000,4.356076806954386
43001,3.5707942783457782
43002,2.1638491017216683
43003,1.5863123631560654
43004,0.323564135078229
43005,0.5015156558357545
43006,1.5798652836083777
43007,2.8058185380455933
43008,3.7205236366115884
43009,3.5092604363031756
43010,4.177458602576742
43011,4.404954794999924
43012,0.6042041925773665
43013,0.3910181234011975
43014,2.7511094198093193
43015,4.024835778193049
43016,4.44990566663732
43017,4.17914953259454
43018,3.5034112811737117
43019,2.7829628720488797
43020,0.8557702138431664
43021,3.187388287457163
43022,3.68345353829355
43023,3.822170490536346
43024,4.265085005663728
43025,4.184940036002662
43026,2.501237372282905
43027,1.3011419617691118
43028,0.9500004538856912
43029,1.612234176822948
43030,4.262582862146737
43031,3.9487762458911724
43032,2.9280448985674767
43033,2.2779946497327064
43034,0.3451031439882975
43035,0.2138573500558942
43036,0.30128224542750914
43037,3.7483925852965627
43038,3.9192454539296135
43039,4.727890064056723
43040,4.547209293185796
43041,3.4484633199649912
43042,1.9346552510545276
43043,1.4839109280845746
43044,4.899832088132985
43045,5.183207066133821
43046,4.603244734730577
43047,5.10319141618973
43048,4.482996769063154
43049,2.8477142039269556
43050,2.039444443194062
43051,2.498640410051971
43052,2.6495415017735287
43053,4.088148333652099
43054,4.85435311293785
43055,4.941232346785907
43056,5.017502781436042
43057,5.110140429350142
43058,4.377174253623432
43059,3.7818647647883483
43060,3.2741420711788325
43061,2.168152788085321
43062,1.7176741258293022
43063,2.0131134961368757
43064,1.982766777375376
43065,2.7718538257333045
43066,4.041088269422932
43067,4.799673297750358
43068,5.09309151284362
43069,5.151511488204763
43070,4.595700249597183
43071,1.2729239158717822
43072,5.153053124795336
43073,4.851155273028
43074,4.014131638032708
43075,3.715766505044441
43076,2.51665768792593
43077,1.4207162650546026
43078,1.3531187487822305
43079,1.7880199946212667
43080,2.6546111172334173
43081,3.775803406745993
43082,4.917169600420422
43083,5.282978871031385
43084,3.7985577708637464
43085,3.074075300758282
43086,2.5835476539381426
43087,1.385465790292433
43088,4.685633023870073
43089,4.846965862120494
43090,5.064882965634629
43091,4.597178944522412
43092,3.32653081811242
43093,2.832239841661226
43094,1.8745484376682502
43095,5.273890983905149
43096,5.034819418500528
43097,5.142749863117462
43098,3.910045599791395
43099,3.528605102783252
43100,3.2655537891180857
43101,1.4353669491716792
43102,4.92472494711699
43103,5.187307871562784
43104,2.1695046897536443
43105,1.7281119572600758
43106,2.5007288235872007
43107,2.7759908670113873
43108,4.830797811020934
43109,4.865626907356941
43110,5.016793908678016
43111,5.205576556424265
43112,4.999131862921286
43113,4.72007100953754
43114,4.32630065974481
43115,3.9167128364333177
43116,3.23571849679657
43117,4.406660679256763
43118,4.76690150578615
43119,5.078993395084573
43120,5.102131618899432
43121,4.823387786680911
43122,3.46842109542194
43123,2.6163638279770156
43124,1.361713697775081
43125,0.771186096513262
43126,0.8395597205700651
43127,2.432712374910824
43128,3.8402650297049523
43129,4.78059969655513
43130,4.994841627517111
43131,4.583400925193997
43132,4.731027879559069
43133,4.879445762323343
43134,1.2447760967254196
43135,0.9352305971653737
43136,4.78452916879829
43137,4.791304557110017
43138,4.88443259006665
43139,3.7084784106582735
43140,3.2795917522620903
43141,4.728385306565093
43142,4.838361484072939
43143,5.02080757519562
43144,5.02080757519562
43145,5.02080757519562
43146,5.383746265307122
43147,2.797054901104986
43148,1.3827403243518508
43149,1.0332989915179087
43150,1.3243916712539843
43151,3.537366256677445
43152,5.069608403095543
43153,5.034819418500528
43154,5.160279899058793
43155,3.305835674310512
43156,2.349912085652038
43157,1.4384306238431528
43158,4.817158003939084
43159,4.9624660010628405
43160,5.379182153531328
43161,3.685928803818739
43162,2.4095914144401274
43163,2.892841412119947
43164,4.368826570648699
43165,5.237426389788265
43166,5.279896328235507
43167,4.377174253623432
43168,3.8417889412329322
43169,2.0060203214725796
43170,1.700852562081264
43171,1.684978534289514
43172,2.0266514278185013
43173,2.1685447158615885
43174,4.127896059792737
43175,4.305047821375688
43176,4.305047821375688
43177,4.28092147346023
43178,4.319510789066617
43179,3.4229255051848044
43180,2.5963761831548955
43181,2.173363715032379
43182,1.2564915756770574
43183,1.6379173062624681
43184,2.4791335731881805
43185,3.7628652693755353
43186,4.776618185453907
43187,4.194070915925165
43188,5.203928981302807
43189,4.924821407485847
43190,2.867579456150925
43191,0.8615509965851557
43192,1.3080306139924816
43193,3.5547972828587455
43194,5.079018152273498
43195,5.499618660133157
43196,5.385230287486957
43197,3.2389497498533992
43198,2.6821082288549523
43199,1.4869825492769195
43200,4.706497744006006
43201,2.2966980583117493
43202,4.139265609407979
43203,5.268585939372554
43204,5.46247041765488
43205,5.048258831185705
43206,1.281482583544132
43207,0.8666083427008144
43208,0.8316408820775154
43209,4.375512060192027
43210,4.805588422941603
43211,4.73487493397843
43212,4.943757306922136
43213,3.8981307485476075
43214,1.9516254680471683
43215,1.3725573405271951
43216,1.3686970517006716
43217,2.576341782665712
43218,3.0669331053210964
43219,4.48909890847389
43220,3.527624754286121
43221,2.9124445855375565
43222,3.5856120174244963
43223,4.170202229715985
43224,4.253072708906909
43225,4.911496297043278
43226,4.535308458459746
43227,4.174121222911367
43228,3.6772564852854566
43229,2.7870810977626204
43230,1.9507417024079228
43231,1.3716960200505464
43232,0.35422622647803087
43233,0.791452808269214
43234,1.91964434296018
43235,3.3848102425205084
43236,4.370361256966558
43237,4.7208984698092005
43238,4.7208984698092005
43239,4.130316631313319
43240,2.8364614635706995
43241,2.0879755348034283
43242,1.0621577355290832
43243,0.7305869505090544
43244,3.8098713653688834
43245,4.8305410825753565
43246,4.022711316233529
43247,4.5208653142507265
43248,4.8858645872309125
43249,2.268508059519062
43250,0.9373488880349237
43251,0.7020915027010352
43252,4.838924554131282
43253,4.79459259323568
43254,4.776060617225407
43255,3.4477442284888995
43256,2.3639160656598026
43257,0.694700419648635
43258,3.252169217947029
43259,4.907783002397896
43260,5.285298430718719
43261,0.8622551070182951
43262,1.138463977645091
43263,4.675918169899651
43264,4.932651018476232
43265,5.340120179622389
43266,4.194279489593867
43267,2.517081525903195
43268,1.9924737631584934
43269,1.3271161398161189
43270,2.291040153839058
43271,3.740218320072368
43272,4.62718289238091
43273,3.019056918888036
43274,2.046693519811882
43275,1.093024477595989
43276,1.548117216265522
43277,5.055229996338843
43278,4.651871092065783
43279,3.6918696594152385
43280,3.0555471059037806
43281,2.509861931565056
43282,0.6353527235277012
43283,2.271590504998181
43284,3.2646436579851286
43285,4.816979613132983
43286,4.654887934776707
43287,3.3547260120208047
43288,2.1429807692623304
43289,1.4200330775211583
43290,0.681877638228416
43291,1.0847454312943512
43292,2.2220090781092674
43293,4.9462362946208644
43294,4.658041610348165
43295,5.3116408733224425
43296,5.023481881429645
43297,3.4382797857406793
43298,2.357370573328739
43299,1.8192533425826847
43300,0.8023486600969558
43301,1.1458813153263978
43302,4.403664223785991
43303,4.733188981380145
43304,4.903464342876164
43305,4.903464342876164
43306,4.983436365749691
43307,4.983499384264014
43308,1.7398562639725195
43309,0.7089075259098764
43310,0.8163559385219421
43311,1.9536195853368603
43312,3.1262110507726466
43313,4.0356079025560865
43314,4.9659063298083606
43315,5.007519898259314
43316,1.4943469230781357
43317,0.9261788390427271
43318,3.0715019325363726
43319,4.700079032197103
43320,4.837361349601572
43321,4.975094901288799
43322,5.283953435507109
43323,5.055107602380664
43324,4.247570288639551
43325,3.538692550515171
43326,3.0971475809410247
43327,2.502842586119977
43328,1.5658479876291231
43329,1.2738793204534138
43330,1.1936898883816063
43331,2.323020394436566
43332,4.88695964402154
43333,5.034311632117658
43334,5.075272478044319
43335,2.0490306785425774
43336,1.7578156590837313
43337,0.8715913062437266
43338,4.033114690251219
43339,4.913678362638331
43340,5.020006803077182
43341,1.0113139833143172
43342,2.1760102986413448
43343,3.3577731125493386
43344,4.208726379815633
43345,4.6149355505051854
43346,4.476876512269318
43347,5.065217027661671
43348,4.819528738614181
43349,1.4651706465837173
43350,4.877681618337934
43351,4.773160761469445
43352,4.603244734730577
43353,4.798549072165867
43354,5.189919955262136
43355,5.179474214392193
43356,4.950700790175372
43357,2.3127145142642305
43358,2.0532495681249143
43359,3.114666382806755
43360,5.017502781436042
43361,5.233061652286434
43362,5.18686805881873
43363,3.5591538516642354
43364,2.2054030981595467
43365,4.543708264641194
43366,4.692140755991855
43367,5.128373264389904
43368,4.960250388699733
43369,3.3312039376241547
43370,2.8319517231518003
43371,1.4250679155007608
43372,2.701660375624429
43373,3.9058864310056727
43374,4.860261481085138
43375,4.814026175621436
43376,4.851155273028
43377,4.961381915520775
43378,5.229847765019767
43379,4.784340247296018
43380,1.8195880459535017
43381,4.750963552288985
43382,2.621812358763732
43383,4.012821047914317
43384,3.9125483943986397
43385,1.6046273407571583
43386,4.816304149196598
43387,1.385465790292433
43388,4.603244734730577
43389,1.7806135376160164
43390,4.109652329644618
43391,2.6583345851777898
43392,4.030817841954372
43393,3.9645358568495244
43394,3.322983382267891
43395,5.314929917053888
43396,1.9567851171777229
43397,4.568797186834058
43398,4.786187665759363
43399,4.67545709382511
43400,4.897496500665003
43401,4.680749389291217
43402,5.190591713839192
43403,5.385924699062283
43404,4.857501778626036
43405,1.8984544243470778
43406,2.474763869308812
43407,2.752501418263086
43408,2.3539119691838626
43409,4.0385141484454765
43410,4.740575163069381
43411,5.11866368767617
43412,4.8191985409346945
43413,4.975437372702249
43414,4.692140755991855
43415,4.965868211414137
43416,4.115372724594578
43417,5.015965711156534
43418,3.643395231741728
43419,5.034819418500528
43420,2.4393914458663315
43421,5.5929938341583885
43422,1.2281541450353577
43423,4.653645887462607
43424,1.778352051978164
43425,1.2159930820278948
43426,4.889805570924855
43427,5.0002762475432565
43428,4.851155273028
43429,5.0169580213689855
43430,4.851155273028
43431,5.0169580213689855
43432,5.466723189942156
43433,5.4112961134174675
43434,5.433460780705076
43435,5.5173563671222565
43436,5.053480703214218
43437,5.466386722588554
43438,4.490519861847239
43439,4.636064919870249
43440,2.9912840349389764
43441,3.991083308878882
43442,1.6734333578525644
43443,3.367430589492629
43444,4.466676349708553
43445,1.647400557728368
43446,4.324835208599899
43447,3.359780534895174
43448,4.361964306006463
43449,4.710286096696335
43450,4.750963552288985
43451,5.1251252719352145
43452,4.750963552288985
43453,2.5277416745519545
43454,4.996415074580857
43455,2.042198777349904
43456,5.49175407094999
43457,1.931873157476666
43458,5.088164562294833
43459,2.1130328345497147
43460,4.840176673012523
43461,2.3928850274128175
43462,4.360754762225861
43463,2.8414947610246584
43464,5.036847234519159
43465,4.135783686917362
43466,4.374503603837246
43467,4.935781198921355
43468,4.409332700173253
43469,5.043711643538289
43470,4.680749389291217
43471,4.5091430743873095
43472,4.418585349788199
43473,4.725735584092963
43474,4.180835115068926
43475,4.731027879559069
43476,4.034365277798901
43477,4.256597547344064
43478,1.5094060518693895
43479,3.1127382314542595
43480,1.5010917604782434
43481,2.7678079475163764
43482,4.922724823686984
43483,2.696777464926767
43484,5.379777641243679
43485,4.745069251646314
43486,5.576235999391746
43487,4.782198349052878
43488,5.204888839155143
43489,4.973336616519091
43490,2.2479995136049333
43491,5.220409974407229
43492,1.5774313899213634
43493,5.015163233618386
43494,1.0407180420867483
43495,0.8167945227020049
43496,2.533638641871113
43497,1.3099033753924798
43498,3.695717774980056
43499,2.447398955240459
43500,4.702548912181625
43501,3.6541414310329534
43502,5.212598789156151
43503,5.203316170791899
43504,4.975421397301253
43505,4.873190580408946
43506,4.889895850780983
43507,5.146718487180905
43508,5.17426833529125
43509,2.3609134421992164
43510,3.695712863011528
43511,2.4616553180689005
43512,2.5606873455754497
43513,4.56412270209023
43514,1.6158127510991005
43515,4.813025125388894
43516,4.259858317193368
43517,5.034819418500528
43518,4.940523474027882
43519,5.39730767718501
43520,5.016793908678016
43521,2.636274370110378
43522,5.248046494871507
43523,4.848130208099974
43524,4.00599475853339
43525,4.782328907603077
43526,2.9538240144277665
43527,4.9791477748885695
43528,1.9015264387151662
43529,5.137358643929687
43530,4.739061971210667
43531,3.9812992496860935
43532,4.806202414914688
43533,3.3576465302998404
43534,4.935781198921355
43535,2.3693780066169343
43536,4.115372724594578
43537,1.9398830599374592
43538,3.1177899532712043
43539,1.5824032927535858
43540,0.9157282287343669
43541,1.418912909843234
43542,1.3021864733336128
43543,3.7132797476253305
43544,4.64431544110436
43545,4.588458849764805
43546,4.546271827787433
43547,5.049044660682281
43548,5.18315966176942
43549,5.050005456799908
43550,5.420035086691809
43551,2.8636675044456625
43552,5.111672947851306
43553,2.548541083509193
43554,4.780834844938645
43555,3.789037702411225
43556,3.5045021500754765
43557,4.488136886322123
43558,1.8641805148615374
43559,4.369042163880234
43560,1.0316660435712044
43561,3.9834188994830058
43562,1.4597098315109973
43563,4.187825930282505
43564,3.6832744408978315
43565,4.224955027689069
43566,5.228773519565333
43567,4.194070915925165
43568,4.88443259006665
43569,4.194070915925165
43570,4.88443259006665
43571,5.011616110655155
43572,5.429185174325834
43573,4.210713612401418
43574,5.355505325505667
43575,1.8603629856912423
43576,4.3010554385339566
43577,0.8324046910995475
43578,2.7063945367644515
43579,2.445294260807398
43580,2.123567396017387
43581,4.543212928422675
43582,1.18408144261057
43583,4.961132438060427
43584,0.9496865757996525
43585,4.824173523442196
43586,4.895199969847675
43587,4.745125220473488
43588,5.596962458221832
43589,4.782254317880052
43590,5.466871445165135
43591,4.9352352881588635
43592,5.0955242849285325
43593,3.2947540997014175
43594,4.544281333235996
43595,4.259913251491054
43596,3.7738776201614375
43597,4.713445055560887
43598,3.4609262067017244
43599,4.713445055560887
43600,0.856449706485867
43601,4.830806893941956
43602,4.835034514827623
43603,4.295799279890952
43604,4.778196029052887
43605,3.6405072614243847
43606,5.015965711156534
43607,3.139441396647134
43608,5.610523870099719
43609,1.979165301431785
43610,5.50802397158962
43611,0.8671013409075896
43612,5.136676811353017
43613,4.840418652596861
43614,4.585433859660481
43615,4.875247748932868
43616,3.8755540795172543
43617,4.878246598643246
43618,3.562602666057541
43619,4.878246598643246
43620,1.7197696054146496
43621,5.0710485998087265
43622,1.2622194483172342
43623,5.41141255117806
43624,1.0437817167582222
43625,4.327533368677433
43626,3.9552184365943344
43627,3.395736509136935
43628,4.904750464617258
43629,2.859275735621202
43630,5.173216515307458
43631,2.2022814830515984
43632,4.9791477748885695
43633,3.3580228842089856
43634,5.142154375405111
43635,4.813144170570164
43636,5.485242407236117
43637,4.76244503521445
43638,5.366132068146508
43639,4.699937633716722
43640,4.579772922527355
43641,4.779979449941539
43642,1.4490328372600214
43643,4.570878616969256
43644,2.2259745084232527
43645,3.059255289029781
43646,4.553629753428798
43647,1.6645260077029045
43648,4.953920518688152
43649,2.245210776431694
43650,5.049044660682281
43651,4.30016978893432
43652,5.156975105299215
43653,4.532242296201043
43654,4.770944603416162
43655,4.79555985906527
43656,3.712468186531071
43657,4.79555985906527
43658,3.1147230135945567
43659,1.964348632203651
43660,2.3513012047622004
43661,1.5761514451084269
43662,4.46029735174664
43663,1.5925001026283676
43664,4.222177342184764
43665,1.804006498462919
43666,4.2933206838988855
43667,1.9390513400007534
43668,4.174559936130573
43669,2.2776729631609505
43670,3.097802308449084
43671,3.3984680383623713
43672,1.408635575306036
43673,4.928861496529662
43674,1.2348975114744083
43675,3.146908596523288
43676,5.00030656606995
43677,0.6903694108065485
43678,4.329667071391159
43679,4.848867795992074
43680,4.717988503252029
43681,5.109697454911012
43682,5.2317186939787
43683,5.346572879833401
43684,3.5639654395716143
43685,4.8980675132571125
43686,2.380025754460354
43687,1.1713842695922567
43688,1.0746610497393712
43689,2.272143135771112
43690,4.929942992692757
43691,5.093788636445837
43692,4.9352352881588635
43693,4.133900603487182
43694,5.2908434602145515
43695,4.5208653142507265
43696,5.028027574185155
43697,4.895397118703012
43698,4.319744778660334
43699,5.085655554452818
43700,3.6678364082495825
43701,3.417906355479432
43702,2.1970158372639115
43703,1.7088476596362319
43704,1.3025723869374495
43705,1.1593515844915967
43706,1.0598632287353862
43707,4.401292443753145
43708,0.9966505217790305
43709,4.732917229498254
43710,2.6332396680086756
43711,4.75288221734709
43712,4.6771784402783
43713,4.75288221734709
43714,4.768173107743432
43715,4.9299305354269665
43716,4.749641131733159
43717,5.127467874990794
43718,4.713445055560887
43719,5.353009009810841
43720,4.977885728716857
43721,0.9139557504955355
43722,5.2034268635369045
43723,0.7498169936849628
43724,5.285486603133012
43725,2.27825556837698
43726,5.058428848602715
43727,4.771622898034959
43728,2.720349215161028
43729,4.5894680342892356
43730,1.2165426737415321
43731,4.907783002397896
43732,0.681154162680394
43733,5.030965367861481
43734,1.1594344114968334
43735,5.228502707425308
43736,3.2003934346485625
43737,5.4417189003400175
43738,4.107114906970912
43739,4.987034061480122
43740,4.897257138371597
43741,4.2063227424026906
43742,4.878246598643246
43743,3.490075727643574
43744,3.749036551043015
43745,2.951673051154328
43746,2.2362325254998834
43747,0.7929678625828307
43748,1.1308976554112242
43749,4.294336009641726
43750,4.824120398951876
43751,4.694450145909924
43752,4.683255859890993
43753,4.632774782172498
43754,4.699937633716722
43755,4.932651018476232
43756,4.5276677808790105
43757,5.055854300986155
43758,3.3704031635204927
43759,5.15682631204117
43760,2.4627763833868985
43761,4.9508302520134055
43762,1.3393300711762983
43763,3.111386520724243
43764,4.06766001391486
43765,1.3165572532544356
43766,4.719289424415136
43767,2.0703134655454782
43768,4.268831036664375
43769,4.339241806655289
43770,4.27520564358046
43771,5.045899482801259
43772,4.315486042326264
43773,5.086860328727919
43774,3.754481747707524
43775,4.8146639684089045
43776,3.1375186766213474
43777,3.9162421102562446
43778,2.9382066077779716
43779,3.319453272170511
43780,2.4288374196538545
43781,2.468022417100484
43782,2.4080805906065623
43783,1.0233400563500046
43784,1.7006577988911755
43785,2.2820262604802615
43786,3.2581967273769163
43787,4.121900823335678
43788,3.5577724828490127
43789,4.482811679961513
43790,4.253072708906909
43791,4.805991086169517
43792,4.915704984059384
43793,4.9355698701761845
43794,0.5591236168741454
43795,5.037864796852459
43796,4.6647936691416865
43797,1.790891128239985
43798,4.609595548955823
43799,0.6903694108065485
43800,4.646724646362387
43801,1.1343268581832628
43802,4.7208984698092005
43803,4.312148232978176
43804,4.8807220439744095
43805,4.617758837370143
43806,5.204964799749965
43807,4.7352678407605575
43808,3.3192198999539313
43809,4.7352678407605575
43810,1.5746376706266052
43811,4.7974735573678915
43812,0.8503363560724108
43813,4.935566769504159
43814,3.9855822188269654
43815,4.16173708126814
43816,4.5208653142507265
43817,0.893699017685088
43818,4.636307327284378
43819,4.378219268727428
43820,5.114181620144022
43821,4.562828065243361
43822,4.112034898994894
43823,4.855280683225716
43824,2.7985113628262264
43825,4.855280683225716
43826,0.6959284035304035
43827,4.855280683225716
43828,2.2857172393899527
43829,4.883976179960433
43830,3.3418229440632867
43831,5.071209016866116
43832,4.75288221734709
43833,5.330379167922498
43834,5.266675588844362
43835,3.0047424686655306
43836,4.968411219605764
43837,1.0331328447416606
43838,4.152138564034637
43839,0.7039331932348941
43840,2.8408524684512235
43841,2.283144962141314
43842,1.5772299363856495
43843,4.9049129234993245
43844,1.1409919215620634
43845,4.220869815552251
43846,4.294390662487854
43847,2.8482314292703093
43848,4.674993580809506
43849,2.218966577585775
43850,4.633281452112835
43851,4.745109011839379
43852,4.907783002397896
43853,4.788922429662978
43854,2.474736648362907
43855,4.872734401839788
43856,1.9005610547857155
43857,4.872734401839788
43858,1.277129347861613
43859,5.137047953784161
43860,2.2367356703445256
43861,3.4477442284888995
43862,3.304488969234291
43863,2.4324051492082326
43864,4.797773646227346
43865,0.9668337165909522
43866,4.915969244650503
43867,0.6919755390232585
43868,5.2533916405499825
43869,3.953190016238251
43870,3.484442406749959
43871,3.7513093095521857
43872,1.631283690886079
43873,4.61552141036937
43874,1.285722393517583
43875,5.146236525264599
43876,2.7733486096159363
43877,1.8889290750655925
43878,4.528170926194859
43879,1.1957529260265782
43880,4.571314313922012
43881,1.9726945971898122
43882,4.597620762546518
43883,2.805328850213445
43884,4.62718289238091
43885,4.428647122486578
43886,5.109998552542779
43887,4.657263723090275
43888,4.515056307358409
43889,4.88695964402154
43890,1.7306857296073348
43891,5.111969392163086
43892,1.3441677972621144
43893,1.508354243565263
43894,1.8526630540770455
43895,1.187457704195757
43896,3.544648463780976
43897,0.8019068849977421
43898,4.454302115289583
43899,3.004915772303207
43900,4.9355698701761845
43901,5.0026416035907975
43902,5.042073483868565
43903,4.6673503508665934
43904,4.290683856517405
43905,4.338402971409707
43906,1.3716960200505464
43907,2.9616087797073845
43908,0.5591236168741454
43909,1.8414465183008828
43910,4.672956957556007
43911,0.48780889206582273
43912,4.7352678407605575
43913,4.313426330504005
43914,4.966608447322039
43915,4.514005609675882
43916,5.235140528782149
43917,4.649913477321135
43918,5.17125744128871
43919,4.649913477321135
43920,2.6894923004365503
43921,4.649913477321135
43922,0.6582723004240868
43923,5.30209245258406
43924,3.2868805954202416
43925,4.141141786810315
43926,4.5999571626499245
43927,2.9163049021803906
43928,4.249652193193626
43929,2.4221531028123096
43930,3.361442779245166
43931,4.818714527900416
43932,4.777002399203745
43933,4.903464342876164
43934,5.121133184331064
43935,5.366006033783494
43936,5.21055713879431
43937,1.420342888594505
43938,0.5337908564325493
43939,0.4604730197179608
43940,4.03070215786744
43941,4.830634558359649
43942,4.872734401839788
43943,5.381920803236591
43944,5.234577652789611
43945,4.245408099697739
43946,2.9093415519996535
43947,0.6159747330535865
43948,2.0244505317421635
43949,4.57170799254577
43950,4.854043123427301
43951,4.854043123427301
43952,4.9203181570612005
43953,3.7721985606698762
43954,4.613450305266675
43955,4.8106892093714055
43956,4.9132353386301055
43957,4.595562106862153
43958,3.9539265806710198
43959,3.101784425280052
43960,2.61608048800294
43961,1.326684044913259
43962,1.6460370834165694
43963,1.9257499079426927
43964,4.365515982205125
43965,4.394025546877054
43966,4.784099578631664
43967,4.913678362638331
43968,5.006850290606904
43969,3.694796880525796
43970,2.5604173216259536
43971,0.9882808201665513
43972,0.6190546859982258
43973,0.5454808121360996
43974,4.758540758784473
43975,5.159870830501462
43976,5.7980808028401825
43977,5.603075699899045
43978,5.293334513636319
43979,5.654409036743107
43980,4.804564366383091
43981,3.1646621065167686
43982,2.8302639175275885
43983,3.442525222231131
43984,5.259119723008406
43985,5.7674819092088665
43986,5.684847646559046
43987,4.346670170304685
43988,4.2241953675953186
43989,2.4782906270858116
43990,2.7448867328315716
43991,3.3727374953875193
43992,5.324989186874983
43993,5.452996835708734
43994,5.821875156197623
43995,5.855840258004052
43996,5.647226711498258
43997,3.391431352073302
43998,2.2898656837734825
43999,2.1377216841445024
44000,5.4049743256255836
44001,5.4421034230321474
44002,5.479138713061717
44003,5.479138713061717
44004,5.614173749207714
44005,5.696357956880899
44006,2.214214025599895
44007,3.43735863787
44008,4.322061034715927
44009,5.1395056909834365
44010,5.21491523950896
44011,5.112824892743518
44012,5.313553717582649
44013,5.389180213245962
44014,5.389180213245962
44015,5.874761174015878
44016,6.065092703697082
44017,5.814029658629913
44018,5.601871133838811
44019,2.482392552466051
44020,2.2702480481474017
44021,2.586584600696478
44022,3.4647690868516756
44023,5.876378164703516
44024,5.1601932869103075
44025,5.422021382867508
44026,5.79632289188289
44027,4.840263432733797
44028,4.237267794241128
44029,2.7811977967913486
44030,2.3657453278742144
44031,5.428383503003522
44032,5.605456611348418
44033,5.555663653865892
44034,5.654796797650164
44035,5.961363435209825
44036,4.5500302981079495
44037,3.3460219081800235
44038,5.6475451847562645
44039,5.62776414575516
44040,6.068410963550545
44041,4.697847773380034
44042,2.4685587965049036
44043,5.574863864497553
44044,5.916999252923954
44045,5.242370721270403
44046,4.585465865888344
44047,4.5588747765643065
44048,3.3578329990192572
44049,2.805798099370389
44050,3.5264882258902754
44051,5.425711723215968
44052,5.653882108700285
44053,5.598891849382086
44054,4.0621921160630485
44055,3.8037882674029477
44056,3.6791395538717473
44057,3.1865787078379846
44058,4.327554630691255
44059,5.464391000994214
44060,5.50671858648989
44061,5.50671858648989
44062,5.781258397915485
44063,3.9833421929636685
44064,3.7178722095699737
44065,1.8571284975433293
44066,5.069374224710161
44067,5.491404684081702
44068,5.486289774601318
44069,5.676455271004582
44070,6.06994083075435
44071,6.030272573022147
44072,5.761659550188721
44073,5.281481037226724
44074,4.635808368098933
44075,1.6133626209016676
44076,2.0276602788176326
44077,3.1262127874200454
44078,5.56651538501075
44079,5.6566680306083414
44080,5.818731735053163
44081,4.6656462411084
44082,4.50562471790977
44083,3.8963293091011124
44084,3.321398498287366
44085,1.6770480479968766
44086,3.930887829969258
44087,5.3317998986776045
44088,5.654796797650164
44089,5.993931733552987
44090,4.581404258116232
44091,2.251161480052984
44092,5.237950097085839
44093,5.5730682326030445
44094,5.5589271487156084
44095,4.7014831153256695
44096,4.530624880541683
44097,4.281802907566973
44098,3.3423477765312075
44099,2.89067082028564
44100,5.714742373309822
44101,5.81431658515794
44102,5.893451219907135
44103,3.7196612642352105
44104,3.22866566555843
44105,2.4780229780771252
44106,3.2600696793991366
44107,4.929973808076476
44108,5.384627761289779
44109,5.412465743094689
44110,4.898562800510838
44111,2.1609034298112344
44112,4.309102893913155
44113,5.611190347666313
44114,4.973029340320988
44115,5.579874243923077
44116,5.9136471885180075
44117,4.451909727514546
44118,3.304837161905475
44119,2.794154090133675
44120,1.913349196298678
44121,3.945695252884553
44122,4.810910710764561
44123,5.583934256548235
44124,5.753370328177346
44125,5.956524358245909
44126,6.050128069696157
44127,4.5951663656902415
44128,4.357632537691851
44129,3.6463053057977968
44130,2.146124645957872
44131,1.8853256827075116
44132,5.4884549213373655
44133,5.361223557443974
44134,5.479956312940245
44135,5.618363869842656
44136,4.278566893077045
44137,3.7049890006953317
44138,1.9804003930195098
44139,1.61286925513727
44140,1.4439352740753433
44141,4.6749067166440215
44142,5.568572553534672
44143,5.493523184316339
44144,5.744605771591872
44145,6.095721685224376
44146,5.78488568244876
44147,4.549031138318074
44148,3.8580846539067344
44149,1.977974866052487
44150,1.7641927392130816
44151,5.341384098403545
44152,5.530600817541641
44153,5.487544300335246
44154,5.455759336761451
44155,2.8175399310788434
44156,2.08226732563462
44157,3.3785010855002806
44158,5.183749338392232
44159,5.578095057933512
44160,3.237438608098504
44161,2.767787078943954
44162,2.4305871970385837
44163,2.3060808432558346
44164,2.7555853811147593
44165,4.3041120531480885
44166,5.178950225349936
44167,5.6484121795353115
44168,5.665777379021696
44169,5.49401024835871
44170,1.2948703374178399
44171,1.4425224780222599
44172,2.531770941467657
44173,3.7883182659240053
44174,5.416659605665184
44175,5.425676928966285
44176,5.330255012586007
44177,5.385167954157262
44178,5.422203244186831
44179,5.422203244186831
44180,5.767501337563365
44181,5.886893294289273
44182,5.6517250768502745
44183,3.015231660931856
44184,1.5971353010393188
44185,1.9591214253480136
44186,3.0209372202813003
44187,5.109870514146427
44188,5.156762107741683
44189,5.057414338875691
44190,4.331067180168863
44191,1.6910412127501673
44192,1.437694022367981
44193,1.816142909384035
44194,5.478907526146376
44195,5.404759219469871
44196,5.992812185218453
44197,5.921645650532004
44198,5.168125499221101
44199,1.4823365537305757
44200,4.532821719549872
44201,5.16463278686007
44202,5.556481970787268
44203,5.689434467502243
44204,2.030821672576855
44205,5.398526024014105
44206,5.213139877431344
44207,5.256283265158498
44208,5.972708762881777
44209,5.680050142783264
44210,2.3697692383178866
44211,1.9991096848011116
44212,1.9360899424033813
44213,3.007288014517109
44214,4.860261350955635
44215,5.503797209185969
44216,5.512561344134619
44217,4.189614910822704
44218,2.47512802729778
44219,2.8245490881385087
44220,5.577156716586355
44221,5.717625432085164
44222,5.734990631571549
44223,2.8186266328813723
44224,1.426116131350243
44225,5.368356981142866
44226,5.477368119031159
44227,5.637831731112817
44228,5.853185935828018
44229,5.689224333097321
44230,2.1307341306773266
44231,1.3666799739253799
44232,2.8570612688681285
44233,3.6771613775368777
44234,5.305690327384159
44235,5.17025298608494
44236,5.442617370951454
44237,5.518243866614767
44238,6.005146415438978
44239,4.013063951870768
44240,4.648407545137931
44241,5.565582712403961
44242,5.565582712403961
44243,6.032751122290767
44244,5.717932401198937
44245,5.225311221253491
44246,3.6194344062773665
44247,1.4490571512533446
44248,1.2488336305816425
44249,2.601899017382582
44250,3.532342677442149
44251,5.534852771367584
44252,5.754016214829649
44253,4.36090505317833
44254,3.938900747917052
44255,3.307478634230026
44256,1.6160249456000226
44257,2.6753535670538904
44258,4.259503543279937
44259,4.351712519226665
44260,5.786863092269409
44261,5.266077983854377
44262,4.468543267984192
44263,2.7548435380972673
44264,1.83857023043392
44265,2.6147638340947488
44266,3.045668113351523
44267,5.489066764685323
44268,5.489609721529538
44269,5.594798347027242
44270,5.75426367655975
44271,1.8030206442970338
44272,1.5454751087145089
44273,2.2747122517780882
44274,4.965201558223628
44275,5.568684610186926
44276,5.479310787507557
44277,4.729735223754071
44278,3.680541980545654
44279,4.804226957570303
44280,5.421859517066808
44281,5.286422175767589
44282,5.323551273174153
44283,5.732890375621304
44284,5.951322130306292
44285,5.88172772123396
44286,3.867388376933989
44287,2.6018721279966592
44288,3.4045598794003147
44289,5.230317946127394
44290,5.516875794965497
44291,5.368961009299632
44292,5.450096389080289
44293,5.668366597291066
44294,5.76802306429705
44295,5.847353096468719
44296,5.306117557703142
44297,4.798472450362423
44298,3.28494622126686
44299,5.535251642057742
44300,5.683583655282599
44301,5.902014410338881
44302,5.9025291216869205
44303,5.293244315149025
44304,3.2132161111590674
44305,5.116898038430108
44306,5.48706872235302
44307,5.685731942064285
44308,4.988302915580683
44309,4.02736674625963
44310,2.092951913308078
44311,2.5643386254763776
44312,4.341308468211107
44313,5.491433427283701
44314,6.004608965317902
44315,4.645719815685077
44316,4.4272389517228925
44317,3.8654659488618472
44318,2.5427573291584102
44319,2.2719504313121486
44320,5.441796281163521
44321,5.075695795336954
44322,4.71193711986206
44323,2.2702480481474017
44324,4.4683549935864875
44325,5.313907603456833
44326,5.125364190574301
44327,5.341102591738089
44328,5.43452156601699
44329,5.428368835945258
44330,4.782392786683188
44331,3.670614290728734
44332,2.3740596192653602
44333,5.560316594642857
44334,5.654796797650164
44335,5.772497373518488
44336,6.176260187427038
44337,5.507624670406903
44338,1.9708555744157348
44339,4.159771184380058
44340,5.857138285092276
44341,5.537495097039872
44342,5.572324193375879
44343,5.552137650091847
44344,5.62776414575516
44345,5.805527324503888
44346,5.492564462842906
44347,4.552886457745401
44348,2.3887910957587226
44349,2.391948289863289
44350,3.2287609685875105
44351,3.587700074748075
44352,5.365703369891605
44353,5.455947728481066
44354,5.682491621305558
44355,5.803703826911142
44356,4.123666581403828
44357,2.6476033897669318
44358,3.1578206378409233
44359,5.231753550806692
44360,5.495385133846048
44361,5.653882108700285
44362,5.761812553317219
44363,4.988302915580683
44364,1.7575958523802644
44365,1.6130537201591595
44366,1.7111803195173003
44367,5.451989139278786
44368,5.356567222898508
44369,5.795931665446677
44370,5.500922927025224
44371,5.120058816623939
44372,4.281480109493329
44373,2.0883283557458405
44374,1.8291964346309328
44375,5.4420746798301485
44376,5.5331813681965745
44377,5.879609301073145
44378,4.398274540100542
44379,3.686947308206488
44380,3.0753375299122014
44381,2.0961370851244254
44382,1.8436524132652117
44383,5.037260605788312
44384,5.768693769757579
44385,5.581041534945029
44386,5.791504259983762
44387,1.9272648289834677
44388,4.798777504181348
44389,5.7132795294757255
44390,5.296970802341598
44391,5.560316594642857
44392,5.80506567186165
44393,6.159502352660396
44394,3.313020745006193
44395,1.9353237677425639
44396,5.482742390910025
44397,5.634553644378921
44398,5.951596692734013
44399,6.045720032067718
44400,2.1781826176642487
44401,2.9551291682174945
44402,4.7830007077405465
44403,5.4020256090122745
44404,5.520941745028762
44405,5.590700040468124
44406,5.948849086287955
44407,5.854194259570748
44408,4.475936545955926
44409,2.8419996310163644
44410,2.5342082683590434
44411,3.0653889291494374
44412,5.237928040324761
44413,5.373876427488303
44414,4.065641703075306
44415,2.3130474294402146
44416,2.4635179656221373
44417,3.3051976711412743
44418,5.103114088338318
44419,5.084925504093085
44420,4.945706059921079
44421,4.982835157327643
44422,4.935994050291418
44423,4.973029340320988
44424,5.798305998608065
44425,5.678478971079009
44426,5.177828877649152
44427,3.9468765744916485
44428,1.6821493380961652
44429,1.6766900136478595
44430,3.1718253173356343
44431,5.451447585856593
44432,5.488576683263157
44433,5.300170377353101
44434,3.0917866805063245
44435,1.7985290801090024
44436,2.2100499128323814
44437,3.766881709536096
44438,4.615857719787888
44439,5.314331963848718
44440,5.825461334425302
44441,5.781618503501413
44442,1.8707082709966765
44443,3.6039014580520594
44444,4.426590491273632
44445,5.4715102715655215
44446,5.5063393679015284
44447,5.9334718332832095
44448,6.07631033338726
44449,5.307958967370201
44450,4.676366508483674
44451,2.796633495607887
44452,2.3686931859395433
44453,4.6042586122327895
44454,2.3262659234013823
44455,5.444400912608093
44456,4.439156422657052
44457,5.370362743710541
44458,5.56001918269265
44459,5.297329649533129
44460,5.368961009299632
44461,5.6254387513561035
44462,4.2533474579203645
44463,5.317082631857615
44464,3.701084360450498
44465,4.323450851071109
44466,2.7673475581778164
44467,3.3359831925706858
44468,2.7880281800720357
44469,2.115494594985517
44470,3.1343589063225408
44471,3.0448683279695326
44472,5.503510869523374
44473,5.2395679370147095
44474,5.578395029784895
44475,5.3749193293747
44476,5.578395029784895
44477,4.846531468832699
44478,5.683583655282599
44479,3.580626696465509
44480,5.846616543958062
44481,2.7170372826181475
44482,4.442359551611098
44483,3.000148017480609
44484,3.4352489253969614
44485,4.513816646667118
44486,2.9952612917886507
44487,5.178950225349936
44488,2.8155447140832393
44489,5.614447077728883
44490,3.034737784400566
44491,5.254220823913973
44492,5.508381259866054
44493,3.9739303646359923
44494,5.685731942064285
44495,3.669798640332847
44496,5.878978481818911
44497,2.992646339800538
44498,5.404074383499349
44499,2.265111809362019
44500,4.247330746886566
44501,1.426116131350243
44502,3.9048919435502607
44503,5.367384109992571
44504,3.488110387716066
44505,5.547197204499253
44506,5.173377883075667
44507,5.985933092248353
44508,5.731718942322353
44509,4.183148380888393
44510,5.4421034230321474
44511,3.709141692911044
44512,5.834477882271826
44513,2.38900136399641
44514,6.039718680853055
44515,4.231426416615533
44516,5.3311883113465015
44517,5.641714118302309
44518,3.305057673649178
44519,4.903958108562201
44520,2.5703040766644247
44521,5.156762107741683
44522,5.671607143947314
44523,5.296918516510467
44524,5.222199188226736
44525,5.469636172116015
44526,4.5528660650107335
44527,5.714539557594361
44528,3.991093062149687
44529,5.725715011226277
44530,3.4147834871299256
44531,3.1089697031981673
44532,5.317036076634465
44533,2.536882360267308
44534,5.422021382867508
44535,1.4315309231973494
44536,5.216251357806213
44537,2.9035654930368224
44538,5.569842402022116
44539,5.537663298351063
44540,6.0456355562566895
44541,5.435764138419223
44542,2.660390810289715
44543,5.596848658944469
44544,3.538807229477975
44545,2.353650891954916
44546,4.574992731572111
44547,1.6394582643950706
44548,5.82940747231071
44549,1.4272199796942484
44550,5.512520266138739
44551,5.290520882904435
44552,6.159502352660396
44553,5.2084462046836695
44554,5.859884261477648
44555,5.556481970787268
44556,4.804437824004363
44557,5.87830052919358
44558,4.192333769651223
44559,5.959547908085012
44560,3.1691045897627217
44561,5.186748341095458
44562,2.4320484926108357
44563,4.403236552333004
44564,2.0776272308634445
44565,1.5978576266852416
44566,2.2866932867261545
44567,1.5190875643915382
44568,5.038372147916211
44569,1.8130764275586924
44570,5.994393386195226
44571,3.6953869392600986
44572,6.113381567833592
44573,4.557003806002123
44574,5.825161477015984
44575,5.299339782364893
44576,4.30406448477069
44577,5.873052295875794
44578,3.4667967142772036
44579,5.85021683831982
44580,2.9764435314452915
44581,5.177225848314997
44582,3.243592120220051
44583,4.414293124218982
44584,5.540034768161546
44585,4.129217930243518
44586,5.5773029958078535
44587,2.6819381238648656
44588,5.682491621305558
44589,5.372440845018864
44590,5.782466751793939
44591,5.266648226921149
44592,5.861601386543135
44593,5.266648226921149
44594,5.636327778592216
44595,5.811480347867931
44596,3.7559901708353998
44597,5.847546499616368
44598,2.7182613710185994
44599,4.994320324024008
44600,3.1048028431448054
44601,2.8834431426362936
44602,5.138947441589877
44603,1.7606980849259883
44604,5.4680979012514
44605,5.111213032191194
44606,5.795777655123647
44607,5.683660330278736
44608,5.8189158789385065
44609,5.508623422488492
44610,5.406044948192125
44611,5.268833998043755
44612,2.388552333723378
44613,4.726808002643515
44614,2.094995877506341
44615,1.2948703374178399
44616,5.1517061560035815
44617,1.8450456025651345
44618,5.546114950685496
44619,2.9433661781344838
44620,5.393696320305072
44621,3.73252992928579
44622,5.560954264851373
44623,5.3755473984068916
44624,6.019814382140378
44625,5.405392271172436
44626,2.7881105087438502
44627,4.240046696697733
44628,2.274864474202047
44629,3.656599514998759
44630,3.4729890363722506
44631,1.5965911584303492
44632,4.126986268010403
44633,5.601309239705051
44634,5.770120875219666
44635,5.744622748791159
44636,5.404945582423585
44637,4.364814739060637
44638,5.5331813681965745
44639,2.6386682844435394
44640,4.121883501456873
44641,1.6125600275083478
44642,5.4694531030416
44643,5.489956216740648
44644,5.504282199377607
44645,5.670363128930709
44646,5.6566680306083414
44647,5.799388669639591
44648,5.9803703216751
44649,5.873261086675379
44650,6.182076117788554
44651,2.2048564885547175
44652,6.118349826235911
44653,1.5035784418132316
44654,5.466472143982418
44655,4.325556387687745
44656,2.2947959668657067
44657,5.5307514189151945
44658,2.066178817990484
44659,5.637794830587547
44660,3.164499393559834
44661,1.4201016561887996
44662,5.394033084310748
44663,1.3573280915059887
44664,5.654796797650164
44665,5.343011722449738
44666,6.195637529666442
44667,5.475963487632501
44668,5.859884261477648
44669,5.5515899832958135
44670,5.507624670406903
44671,5.624392746166099
44672,4.7673227004642165
44673,5.837996667730412
44674,4.229992051577645
44675,5.739036586902157
44676,2.5659454677010753
44677,4.114978990460301
44678,2.090305505555361
44679,1.9695598464757096
44680,3.410062155074644
44681,1.8395065984335925
44682,4.416648242728333
44683,2.7203182226992797
44684,5.801509653152244
44685,4.898641449790048
44686,5.517571487246032
44687,5.361166307181243
44688,5.634553644378921
44689,5.594798347027242
44690,5.762730631042675
44691,5.731057434791193
44692,6.070584874372379
44693,5.032004794438782
44694,5.852775972342105
44695,3.8728809581607218
44696,5.504484493302139
44697,2.1883349035290434
44698,2.789214517604018
44699,2.5028950047793144
44700,2.3652427479733262
44701,5.6958216399619275
44702,2.179871932556335
44703,2.8392859236147827
44704,3.2343764639594985
44705,5.613114698400534
44706,5.486112648692755
44707,5.058821518111313
44708,5.714742373309822
44709,5.686818211251822
44710,5.293244315149025
44711,4.4477404039224115
44712,4.012532208761933
44713,2.9600154573140203
44714,5.190669588880503
44715,5.427013939325211
44716,5.079431065470524
44717,5.237928040324761
44718,5.3105071791624345
44719,5.46524469034191
44720,5.31630483312228
44721,3.8327457998302195
44722,3.708097086299019
44723,3.164184303985013
44724,2.1393093656085846
44725,5.330165964339525
44726,2.073504741766284
44727,5.50929714820977
44728,5.570719685019716
44729,5.503015465418816
44730,5.583934256548235
44731,6.133664931823355
44732,5.76465442544821
44733,3.311851788370009
44734,5.184554870227009
44735,5.386555761405525
44736,5.429699149132678
44737,5.361223557443974
44738,5.936947188977855
44739,5.288997323555966
44740,4.553668086113815
44741,2.8359877173062977
44742,2.969028846566024
44743,5.540414777911595
44744,5.540414777911595
44745,3.1785492686586703
44746,1.5450108201608725
44747,1.5164432177744793
44748,3.7149996099151608
44749,5.417254337305797
44750,5.417254337305797
44751,5.49035410033869
44752,4.84374086759082
44753,4.086947809109175
44754,2.4488484134136694
44755,2.083203693634293
44756,2.9580329828632435
44757,5.361691886464266
44758,5.4499048629042175
44759,5.493048250631371
44760,5.501641334503864
44761,5.578095057933512
44762,5.321711002695317
44763,4.655503839902504
44764,4.107397128371405
44765,3.5842708184465844
44766,3.1507006475623878
44767,2.2983859277368857
44768,4.435423960801061
44769,4.471430468631686
44770,5.049188152563756
44771,4.7121948285137325
44772,1.0568031481261837
44773,4.657686138832211
44774,5.097431896561053
44775,1.8772759214315844
44776,1.6473647369266147
44777,5.093229362621309
44778,4.758261420838633
44779,4.795390518245197
44780,5.56175340849558
44781,3.7934587174009358
44782,3.691604807411853
44783,4.592207535901016
44784,5.358067924139829
44785,5.367723929440301
44786,5.404759219469871
44787,5.785714720635807
44788,5.695110350347261
44789,4.36090505317833
44790,3.844514745219268
44791,3.213092631532243
44792,1.8220042297125705
44793,2.9203248052819184
44794,3.6424500000636653
44795,5.290382129574755
44796,5.480855475123955
44797,6.093197281410793
44798,5.733012607900269
44799,3.955335327922373
44800,3.3239132142353474
44801,2.7373106776101266
44802,2.872405049012558
44803,5.5248752956052005
44804,5.571766889200457
44805,5.571766889200457
44806,5.684186234184456
44807,3.380427224526864
44808,2.853253629294252
44809,1.933685695191229
44810,2.688161719192349
44811,5.460653821458815
44812,5.190194503491502
44813,5.732345713118736
44814,5.700484200120295
44815,3.9797085703248127
44816,3.357265034873506
44817,2.4679342990054827
44818,2.0149243642134445
44819,1.678006344069237
44820,2.403557879740522
44821,4.657302427301428
44822,4.858779505563922
44823,5.068156824059315
44824,5.418659741732118
44825,5.577156716586355
44826,3.8683997412652547
44827,3.378410341384054
44828,2.265111809362019
44829,1.4248826626840798
44830,4.628184779224222
44831,5.428109664755234
44832,5.433840217380606
44833,5.338418301000328
44834,5.405392271172436
44835,5.887920142335526
44836,5.16441368300957
44837,2.9556022729289353
44838,1.3837748143236226
44839,1.7587406932987806
44840,4.616650325789447
44841,5.46513427949034
44842,5.207382083491504
44843,5.518243866614767
44844,5.966610935010085
44845,5.76997819799998
44846,5.26563912838009
44847,3.21120634563837
44848,1.8614340172013504
44849,1.4127657722432043
44850,1.8032066424396018
44851,2.9015272180089493
44852,3.758035825651725
44853,5.391531967024979
44854,5.518831388455961
44855,5.393082045741276
44856,5.436895463564876
44857,3.055309477080318
44858,2.421713452571459
44859,1.199202774904357
44860,4.61474032563189
44861,5.4050020762005095
44862,5.448815494024109
44863,5.459226275704271
44864,5.534852771367584
44865,5.800265176690857
44866,6.046818585445791
44867,5.909344900306091
44868,5.2613950348842025
44869,2.2733914819134076
44870,1.6949598337564928
44871,3.477633559205875
44872,5.453061810166131
44873,5.386825140273338
44874,5.5515899832958135
44875,5.937507930445497
44876,3.3661882847436457
44877,2.302913664903858
44878,5.4452533468617235
44879,5.810192069540388
44880,5.859816911592733
44881,5.5482752498566175
44882,3.4756931024920865
44883,2.8372342593679685
44884,2.5076953777117406
44885,2.1974262322594345
44886,1.4627833678577575
44887,4.094574351383126
44888,4.755824239728234
44889,5.008257766355507
44890,5.410187635332689
44891,5.568684610186926
44892,5.661856538155499
44893,5.713186839448312
44894,5.271761219154311
44895,3.3990696321174645
44896,1.8320841898798297
44897,1.3306550691492893
44898,1.1994092752168866
44899,1.286834170588501
44900,1.7011600898716122
44901,2.826913333953072
44902,3.7612811359528355
44903,4.628459980451218
44904,5.357153539812895
44905,5.394188829842465
44906,5.394188829842465
44907,5.512586242557192
44908,3.357296279144956
44909,4.4761135066219495
44910,5.242526776657627
44911,5.6619052964621135
44912,5.461952720735473
44913,5.461952720735473
44914,5.873211940802359
44915,5.992557148238489
44916,5.079377498848584
44917,2.911270617310097
44918,2.900656513588289
44919,5.6802811435543585
44920,5.810737291473864
44921,6.138679262962494
44922,5.947367702964879
44923,5.558754754554033
44924,4.717172684076591
44925,2.55929732686832
44926,5.403174352785583
44927,6.055593590301773
44928,4.491264739754962
44929,4.281371058781454
44930,4.158896256072088
44931,3.621070692544691
44932,2.438125572643044
44933,2.246882688159178
44934,5.819870591067651
44935,5.55192089444349
44936,5.815802665648338
44937,2.6393892778394825
44938,5.120550440599255
44939,6.0796065175271705
44940,3.6141686782097167
44941,2.5304003985205963
44942,5.326116433987067
44943,5.8633194728119475
44944,5.317305794430336
44945,5.550019832920028
44946,5.550019832920028
44947,5.296607917646784
44948,6.260685728146799
44949,2.4550663190478685
44950,5.8651993956241215
44951,5.782795247702683
44952,2.480056338665381
44953,1.9797645356153935
44954,5.72903021999744
44955,5.655068225180022
44956,5.674593468364359
44957,5.654406925080327
44958,6.293328208711
44959,5.758074902247914
44960,4.837769909864321
44961,5.686435832546517
44962,5.679572270796333
44963,5.810028418715839
44964,6.052245967328635
44965,6.138565470254719
44966,6.0394708069676994
44967,5.898464673779033
44968,4.895109569451132
44969,4.459901374290653
44970,2.8868047991528973
44971,2.7992680708011077
44972,2.723523952697991
44973,5.242378455782606
44974,5.555202599003469
44975,5.757334797032686
44976,5.876188992298606
44977,5.78970772059074
44978,4.306126108931445
44979,4.37963265327413
44980,5.513661298638153
44981,5.445100131454065
44982,3.1105469721561465
44983,1.9662895015580042
44984,1.9383574386456077
44985,5.581809251164345
44986,5.597478581431266
44987,5.669637697448324
44988,5.872214202553727
44989,6.093757337644923
44990,6.280584023393902
44991,4.683157992219463
44992,3.336526745578906
44993,1.7225236249163425
44994,5.596790576884473
44995,5.783821666799606
44996,5.964221388388869
44997,6.349553277744163
44998,6.309713603196813
44999,4.940459373573892
45000,4.790508170028691
45001,4.181212761220038
45002,2.135264019165542
45003,3.9678449139341563
45004,4.810986334711581
45005,5.663047522273575
45006,5.782795247702683
45007,5.977782800266756
45008,6.3631146896220505
45009,3.5742099606728974
45010,3.4470192390395424
45011,4.45360532669323
45012,5.762090441789202
45013,5.762090441789202
45014,5.949570030750352
45015,6.156825197464322
45016,6.270637277228173
45017,4.976296247791162
45018,3.569838507247238
45019,2.869350480868723
45020,2.187091578863908
45021,2.9362875520704934
45022,3.2799931957443516
45023,4.803349917103597
45024,5.526221238568553
45025,5.632513713077726
45026,6.084095800692635
45027,5.949338267657655
45028,5.558754754554033
45029,3.9190464553150015
45030,5.4717324590418475
45031,5.520842734218115
45032,5.665363254611049
45033,5.533080306482857
45034,5.142496793379235
45035,3.3394853859869245
45036,2.530231651483808
45037,3.371911357002945
45038,5.145079520765323
45039,4.9984920628252585
45040,5.020317307080152
45041,5.048571895178983
45042,6.120131904096887
45043,4.324258015763228
45044,1.6855989748475182
45045,2.1104618257311825
45046,3.9826523368494513
45047,5.615049086110019
45048,5.721235399661239
45049,6.320421507457614
45050,4.6425159898107715
45051,1.9076900841236772
45052,3.828570788919042
45053,4.652798545736169
45054,5.425520770678666
45055,5.497679886695724
45056,5.883863247182338
45057,6.08745586783276
45058,6.179662306706661
45059,3.038114047741082
45060,3.6792717087497393
45061,4.477212488536647
45062,5.598847745408395
45063,5.676871107163344
45064,4.951179640949166
45065,4.8339145904369945
45066,4.142968106025658
45067,2.054690362367704
45068,1.597449917556987
45069,3.8265315902798145
45070,5.497955458187171
45071,5.570114574204228
45072,5.509492488728956
45073,5.68631128097991
45074,5.875679436004709
45075,5.6525893899197985
45076,3.0200462798182963
45077,2.124403556185176
45078,5.607358215120981
45079,5.629234048980494
45080,5.730955294831943
45081,5.5522629469137765
45082,5.636392910138424
45083,4.321067904497982
45084,3.63176521368838
45085,3.4900822752929814
45086,2.387087543038343
45087,5.291322445523806
45088,5.804681179325608
45089,5.4713794584935656
45090,3.9238029528546723
45091,1.4040313414325147
45092,1.541364281094089
45093,2.630612744539487
45094,5.418721852391593
45095,5.588416175335353
45096,6.093378009868152
45097,5.919006188036903
45098,4.508189695718518
45099,3.3613623607963694
45100,2.711437827408706
45101,1.7565257409412895
45102,3.0610154619058605
45103,5.656508579488451
45104,5.2374632286230565
45105,5.309622344640114
45106,5.941586657880595
45107,2.801192733593674
45108,1.5406919272120243
45109,3.0106553363927824
45110,5.4077458698472105
45111,5.631189023093369
45112,5.593217490635986
45113,5.557619456368302
45114,6.001682740909457
45115,5.982953846241244
45116,5.459342539333275
45117,4.638839343303485
45118,3.5323479827178916
45119,1.4912455149302344
45120,1.8620824713371298
45121,2.9604030469064786
45122,5.902442120559324
45123,6.167315592692596
45124,6.001576688115602
45125,3.611917824013931
45126,3.735465180884659
45127,5.388588489782199
45128,5.3928655071071985
45129,5.342753695072625
45130,6.094301547033768
45131,5.967893638677247
45132,5.468442888427171
45133,4.692227414344137
45134,3.6684318343054474
45135,2.803911210368264
45136,2.730676013309381
45137,4.883731717978348
45138,5.590650800319112
45139,5.9490581921160155
45140,5.787505251260599
45141,1.6869153052688957
45142,4.946267364535006
45143,5.1556446830304
45144,5.935109195840687
45145,4.970741995511911
45146,3.1038816868102628
45147,1.897123625148009
45148,2.995444200717359
45149,5.571605202320957
45150,5.571605202320957
45151,5.702883652477077
45152,4.6373243528607375
45153,5.322536861842369
45154,5.671104103513198
45155,5.975174693009619
45156,6.193658035296319
45157,4.66586640521076
45158,5.613201927059522
45159,5.552050241915741
45160,5.706005013176627
45161,6.067746021295943
45162,5.973213731427251
45163,4.083611269811716
45164,2.677269268080262
45165,3.607712928139829
45166,5.563970272374974
45167,5.68855782212727
45168,6.103829834926655
45169,6.009297545057962
45170,3.5954832440086095
45171,2.4758978306528605
45172,3.553003809903555
45173,4.37706699406788
45174,5.501518265981964
45175,5.603939363328147
45176,5.704833381413261
45177,5.704833381413261
45178,4.746477558109347
45179,2.9573498868367203
45180,2.350921510958403
45181,1.8882444878781066
45182,2.769056112143795
45183,4.9221118168127616
45184,6.1070897296306645
45185,3.125238869146552
45186,2.274141728574653
45187,1.4716923290574162
45188,5.681056830360796
45189,5.681056830360796
45190,5.837506715807415
45191,3.9244759734140513
45192,1.2404463536267047
45193,1.2957431317881596
45194,5.42888058822844
45195,5.450705832483333
45196,5.4980989485396154
45197,5.560401760990986
45198,5.976795014089854
45199,2.367303001811201
45200,5.785022110948614
45201,5.684177573921204
45202,5.634065761886631
45203,5.361058702650359
45204,5.63655262756895
45205,5.91692909314894
45206,5.114606643888409
45207,4.569481651446349
45208,3.3975745547831133
45209,3.1799756381073943
45210,3.488141954015984
45211,5.652441608978876
45212,5.6802811435543585
45213,6.051845048688371
45214,6.138164551614455
45215,4.631553622423605
45216,4.509078819714238
45217,3.6964381410636657
45218,3.071976788103869
45219,2.8965514138657475
45220,3.2891366740901264
45221,5.531182001619334
45222,5.56525388826362
45223,5.586566425776654
45224,5.7891846303966865
45225,5.7891846303966865
45226,5.9362515951790105
45227,5.611547163799441
45228,2.2021129173227534
45229,2.6834282497906528
45230,4.47947589281287
45231,5.286797054242766
45232,5.573746138698383
45233,5.636048951149754
45234,6.0544959037350825
45235,6.2357060667937425
45236,5.988251453964488
45237,5.646926933116142
45238,4.961458437454718
45239,3.596243395654409
45240,2.6910172180279717
45241,2.381111435326824
45242,2.255251104009714
45243,4.359018118680824
45244,5.15171452151367
45245,5.098725196344361
45246,5.516333849437227
45247,4.881098448705716
45248,4.807196233949806
45249,2.279157009347061
45250,2.6235416846613764
45251,5.443833519368807
45252,6.072169459380749
45253,5.726868363339959
45254,4.522151246360049
45255,3.9318035063954384
45256,2.4467520276567227
45257,2.764359495986013
45258,3.642775915174273
45259,5.489442948738734
45260,5.657549767635356
45261,5.663047522273575
45262,6.341563436560813
45263,5.079250956469855
45264,2.3236503706910527
45265,4.196728268344955
45266,5.050580978446444
45267,5.755300943165441
45268,5.977782800266756
45269,4.972660905845527
45270,3.727985929943908
45271,2.469797795541231
45272,2.5045766233795423
45273,3.356220453736304
45274,3.3941672757872365
45275,3.753106381947801
45276,5.505842154669528
45277,5.810028418715839
45278,5.9547222275568075
45279,4.911630339121742
45280,3.286519174455455
45281,5.318858248558761
45282,5.512816420968036
45283,5.757334797032686
45284,4.08904332133184
45285,3.9643946078006382
45286,1.8257927029106067
45287,1.6421516858346157
45288,2.135134787354854
45289,3.226717617686498
45290,5.179035925151792
45291,5.535486542893047
45292,5.591545560303394
45293,6.00206949390601
45294,6.216996404658773
45295,6.036331459983002
45296,4.480398040233758
45297,2.236588244615402
45298,3.5769577220685487
45299,5.130433670445374
45300,5.805912798533077
45301,5.531438242405203
45302,5.5532634866600965
45303,5.669637697448324
45304,6.013819722757372
45305,4.910621500564425
45306,1.9528134172798866
45307,2.131628964513931
45308,3.2301814731163434
45309,4.160969457304704
45310,5.051598308201479
45311,5.757763949748945
45312,5.6163158200688095
45313,3.551336972547005
45314,1.7180851264066948
45315,5.700220837584157
45316,5.424308276184471
45317,6.185037966980726
45318,6.102741740985814
45319,5.7731351098119115
45320,4.514875503696564
45321,2.171312205337869
45322,2.2881185640178825
45323,5.663855960904704
45324,5.60961821211066
45325,5.629143455294996
45326,6.115296028747938
45327,5.769994932707148
45328,4.566686359685892
45329,2.406279826383145
45330,3.000745900002348
45331,5.842279170720103
45332,5.986572060920808
45333,6.17041530361872
45334,6.0903444008463214
45335,2.3776021471392026
45336,3.2766735116129753
45337,2.670957329171717
45338,2.543117229558703
45339,3.4736450805753725
45340,2.4869319392767846
45341,6.072270341629174
45342,3.268978640598796
45343,5.57162799710815
45344,5.277774286632572
45345,3.900469551530289
45346,5.157233070162108
45347,3.212669952571314
45348,5.340997567438146
45349,2.7762565193774758
45350,5.340997567438146
45351,5.279468932371457
45352,3.9077631403513675
45353,5.6180206448001515
45354,2.36105527549476
45355,5.810737291473864
45356,2.148218326808244
45357,5.954321308916543
45358,5.101623414098289
45359,2.8208072957626307
45360,5.555681497785442
45361,3.163436321015098
45362,5.823778882391626
45363,3.501436032002051
45364,6.0387057931443895
45365,5.220329052622837
45366,5.945760082265638
45367,5.988605802008071
45368,5.488234529200483
45369,5.838042582706913
45370,4.7623153790658765
45371,5.222934215388595
45372,3.6822186031770534
45373,3.6072000120303414
45374,3.082892068595297
45375,5.602291903202632
45376,1.9934851595633822
45377,5.573746138698383
45378,1.7231864165059834
45379,5.636048951149754
45380,3.2087824013005326
45381,6.256231858384087
45382,5.661969065963614
45383,4.773369651587406
45384,5.60061030395436
45385,4.211596648726362
45386,5.721235399661239
45387,3.506443839045058
45388,6.1467857778123935
45389,5.428737589271953
45390,6.241491846657059
45391,5.201856547617392
45392,6.016814598016861
45393,5.415439831352113
45394,1.9944866867221842
45395,5.516333849437227
45396,2.3140185985286794
45397,5.858063382435975
45398,5.578859488420009
45399,6.26643320327615
45400,3.9898724528142533
45401,5.953864374872708
45402,2.0571158893347268
45403,5.776485042421864
45404,1.6938759549197777
45405,5.419466056706631
45406,5.618372988592731
45407,4.245423231088763
45408,5.676871107163344
45409,2.279157009347061
45410,5.9257807791962085
45411,3.501726170816574
45412,6.29178095391912
45413,4.505312077551385
45414,6.2530901864033535
45415,5.161722001269147
45416,6.037045855017411
45417,5.181247244453483
45418,2.903723338963847
45419,5.533267230880194
45420,4.691042339162778
45421,5.692285425791152
45422,5.574014730249374
45423,5.11507656519929
45424,5.570114574204228
45425,5.067276238802108
45426,4.37250467534415
45427,2.857913293106567
45428,3.118338212832096
45429,4.660800430741988
45430,5.231951700832993
45431,5.686558485370577
45432,5.730955294831943
45433,5.629710233059873
45434,2.511593896821092
45435,5.782795247702683
45436,2.3743064906679447
45437,5.945214501923594
45438,4.535518490550462
45439,6.152469668637564
45440,5.752326972496547
45441,6.343737347382647
45442,5.694511973846865
45443,6.102741740985814
45444,4.21786435750439
45445,5.7731351098119115
45446,3.2466506523223635
45447,4.866164491633935
45448,1.0978402265360019
45449,4.508467963177209
45450,3.8403962885068808
45451,3.3684897808425127
45452,4.6850159079804214
45453,2.086536192063104
45454,5.486504274464398
45455,3.382978992144922
45456,5.588416175335353
45457,5.844079593200708
45458,5.77271273794517
45459,5.755300943165441
45460,6.011405976031915
45461,6.185037966980726
45462,6.226332886784678
45463,6.3237148890492385
45464,2.0255358103011445
45465,6.087681533421817
45466,1.6060442622389774
45467,4.5889479368896104
45468,1.9991996669725722
45469,3.05315902776051
45470,5.133291346229252
45471,2.549565496287412
45472,4.797740389193142
45473,5.580143358037344
45474,4.819565633448035
45475,5.666910589362181
45476,5.509081355706294
45477,5.507881160675411
45478,5.700188116334474
45479,4.017179386502105
45480,5.920199945846841
45481,3.4345484953344756
45482,5.817034738723893
45483,3.1807234060758645
45484,5.335348629000846
45485,3.655186762504808
45486,4.609001470294018
45487,5.573570299756648
45488,4.112714068586588
45489,5.928543199127667
45490,1.546855026382656
45491,5.995530987421368
45492,1.9232327527399942
45493,5.6135177284922175
45494,4.667153004030199
45495,5.222934215388595
45496,5.5653779560605035
45497,2.5980747994767848
45498,5.557619456368302
45499,1.708150167982597
45500,6.148692750818238
45501,5.548177197411905
45502,2.556157240694369
45503,5.5729951221194565
45504,1.436128940893907
45505,5.659140668220871
45506,3.717820250761345
45507,5.659140668220871
45508,5.60929300346184
45509,5.763376255819265
45510,5.710187021546954
45511,5.802119117169298
45512,5.477965381207633
45513,4.278448029180475
45514,1.6788643264677492
45515,4.012978045786783
45516,1.527996525591197
45517,2.378833159898345
45518,1.8531546691832517
45519,4.212793967180279
45520,2.9124832906371183
45521,6.221636349983049
45522,5.370593229648108
45523,5.556294169692217
45524,5.65246801008183
45525,3.9718307603254095
45526,5.724627126098888
45527,2.2443969739939877
45528,5.724627126098888
45529,5.657764765954648
45530,6.213646754469898
45531,5.682927648714492
45532,6.1004575229684255
45533,5.783821666799606
45534,2.4499052015825913
45535,6.1714765551028385
45536,2.0518394335792935
45537,6.070891907621814
45538,3.056025903961624
45539,5.741285276447911
45540,5.499757632234805
45541,2.371511463180925
45542,5.317787217968132
45543,2.0082715287659747
45544,5.4195084638195805
45545,3.2335845947348916
45546,5.944508552314563
45547,5.485282465254646
45548,5.272254614149163
45549,5.443833519368807
45550,1.769607046125647
45551,5.782795247702683
45552,2.484036988497439
45553,6.341563436560813
45554,5.689528936760225
45555,5.042135832929709
45556,5.8215402250464
45557,4.866287710235153
45558,5.873894431875461
45559,2.6426609640162937
45560,5.709125147976647
45561,1.9442327289422225
45562,3.6636653953129446
45563,5.250158927616072
45564,1.4337916238837385
45565,5.788450961260676
45566,3.8013724870303944
45567,5.661196423704088
45568,5.554001386360022
45569,6.295502119532834
45570,5.8817363695813665
45571,4.815508332660603
45572,3.301732972793449
45573,2.2254886643411886
45574,2.453170594089623
45575,5.61298846989339
45576,1.4758409779400548
45577,5.692969315456604
45578,1.7988189349233399
45579,5.842279170720103
45580,2.8971395104926887
45581,4.724554755203726
45582,5.4605407841398295
45583,4.781527453265628
45584,5.300711617587476
45585,4.34631925810515
45586,5.570210085428084
45587,2.8509085922160238
45588,5.671104103513198
45589,3.0742978903490967
45590,6.199631350059542
45591,2.9689244185136796
45592,4.642749029185792
45593,4.9136152468543335
45594,4.301068561649352
45595,5.51411863707728
45596,1.7217210315230227
45597,5.439084380869614
45598,3.8002429391592187
45599,5.603281614303343
45600,5.383723304676007
45601,4.180138917032237
45602,5.523540677243812
45603,4.03241185388257
45604,5.868786858042982
45605,2.1698123910108937
45606,6.0162015037744965
45607,4.375816579774825
45608,5.503245511378646
45609,5.6278882576715175
45610,2.4707603860035294
45611,5.011536605149414
45612,1.2081117361040157
45613,5.048571895178983
45614,4.3761783849507605
45615,4.823119541294794
45616,4.640094800473104
45617,5.496238456318202
45618,5.625121957518755
45619,5.578785059699467
45620,5.535460707703045
45621,5.925242642721198
45622,5.539329325009358
45623,5.574983509818594
45624,4.226905357695637
45625,4.869979498155734
45626,1.4290106173884582
45627,3.9311887579167184
45628,1.3662370527056473
45629,3.321725154765964
45630,1.691395196297702
45631,2.2943845348274325
45632,2.7507238177515703
45633,3.415820474066307
45634,4.310125540542953
45635,5.1962281737534886
45636,5.473008701310035
45637,5.513048421387143
45638,6.017798197706885
45639,5.540887955962626
45640,6.013980494028137
45641,5.497679886695724
45642,5.544012273979532
45643,5.67571524448939
45644,4.434234341645948
45645,6.085130016837969
45646,1.9784688076753683
45647,5.615161796789364
45648,2.663501723539264
45649,4.828481218579308
45650,3.0944060027960383
45651,4.563450345195965
45652,5.488483094397184
45653,3.097176932973002
45654,5.5752503257220205
45655,1.4849723524851615
45656,5.74804174514469
45657,1.9397934721717336
45658,5.929019511261227
45659,4.700261191485236
45660,6.026543251033055
45661,5.65982193447857
45662,5.8232191569825975
45663,5.604711991146287
45664,5.309939084563937
45665,6.133035945910178
45666,2.8072977601112266
45667,5.582772099835694
45668,1.8840273440795414
45669,3.4084877429183096
45670,2.1972438647287027
45671,1.6260175199433802
45672,2.5118039659789737
45673,1.8712825825690407
45674,4.843312098699319
45675,5.402900302911733
45676,5.095745625326591
45677,5.624126542283947
45678,5.497292333084758
45679,5.601854264824857
45680,5.785152508978355
45681,5.514097113778981
45682,5.898721479772642
45683,5.044128893730377
45684,5.679812512995712
45685,4.523838877210666
45686,5.488919853733904
45687,3.6215400588056603
45688,3.65307394463929
45689,2.4968562594682147
45690,2.8723356144590273
45691,2.0911762868342794
45692,3.8067034164587907
45693,2.131941583078808
45694,4.649134007522509
45695,3.006770872307759
45696,4.799633462219792
45697,3.4519709703628445
45698,5.528229836628683
45699,5.488625512461191
45700,5.738101776003109
45701,5.579518680545498
45702,5.420578510430548
45703,5.451730776210536
45704,3.6524021153617614
45705,5.033282404515945
45706,4.86580107181089
45707,3.8897844619599655
45708,3.978597424036459
45709,2.844502575259172
45710,2.8315059440458183
45711,2.7387391265014926
45712,3.0218498613639544
45713,4.457125804684405
45714,4.325813897031432
45715,4.49313231251503
45716,5.136292850315825
45717,5.291322445523806
45718,5.865895943290835
45719,4.956128821382129
45720,2.5260018912404725
45721,1.574376020219804
45722,5.545838097945701
45723,5.508329518719291
45724,5.526113362883982
45725,5.407837548112384
45726,4.05527239277556
45727,4.2962366536581404
45728,4.907348984017735
45729,5.309622344640114
45730,3.428225054383816
45731,1.8393011016197283
45732,3.7912985289757013
45733,5.495316643916931
45734,5.794427574195487
45735,6.205275361559878
45736,4.163770096404919
45737,1.6874661104496154
45738,4.583443716812888
45739,5.315875357745649
45740,5.3980354181653345
45741,5.308374168349625
45742,5.336883733021554
45743,5.710187021546954
45744,6.109697287273294
45745,6.300964966018377
45746,4.681170842458159
45747,4.2433399377009575
45748,3.001621050936493
45749,2.1075371688920734
45750,4.572333794192018
45751,5.8870463803197985
45752,4.417222540022102
45753,3.083865517669944
45754,2.040146763210929
45755,2.0146923949737343
45756,5.618490334894595
45757,5.4195084638195805
45758,6.0420322920863905
45759,6.109020080380092
45760,4.467549200947858
45761,4.267713180103399
45762,3.6452696446520894
45763,3.14775351596266
45764,2.544649795320701
45765,2.0959310639959527
45766,2.4124668409401813
45767,2.833458049338168
45768,4.640943866079285
45769,5.198700891162279
45770,5.505764439484187
45771,5.689528936760225
45772,5.485992632623348
45773,4.112333734133656
45774,2.5260018912404725
45775,1.574376020219804
45776,1.4040313414325147
45777,4.672279083534161
45778,5.446936446643372
45779,5.4946675628787185
45780,5.516492807133612
45781,5.509302389869586
45782,6.128319936871851
45783,6.059670651406897
45784,5.956505444283949
45785,5.474819334560901
45786,4.550452348249063
45787,4.002730214863276
45788,1.7448510472999101
45789,1.3926837755232813
45790,3.722583658042833
45791,5.40006086598772
45792,5.813472078900878
45793,6.025259528228293
45794,5.543573418505245
45795,3.4992109554169537
45796,2.9029786577699057
45797,2.0096939060709107
45798,1.4538028506530225
45799,1.8754130012743206
45800,2.973733576843669
45801,5.605110995091513
45802,5.706005013176627
45803,6.225934882953542
45804,3.539845378947519
45805,2.9062493544386596
45806,1.5291931145180488
45807,1.2898707089914607
45808,1.578948692510911
45809,5.587663804042156
45810,5.68855782212727
45811,5.8362185596998195
45812,6.017078010825762
45813,6.240002346108566
45814,4.638839343303485
45815,1.7429676798110376
45816,5.5469706961274525
45817,5.836938746580942
45818,6.188131776313118
45819,6.075337763611014
45820,3.6854436359292944
45821,1.8474791916335787
45822,5.60375989039395
45823,5.617585597225184
45824,5.74804174514469
45825,6.002837668555471
45826,4.15081524828588
45827,3.76369771227067
45828,1.5543840699141676
45829,2.2836212129777476
45830,4.078215790160983
45831,5.0526894171947125
45832,4.973669216622468
45833,3.093290236136608
45834,2.059275786807609
45835,1.4107910324139936
45836,1.7465823703775667
45837,5.560401760990986
45838,6.191721924842617
45839,6.139563777580745
45840,5.931747150355068
45841,4.066306307674419
45842,0.8940607883099053
45843,3.3401835336342267
45844,3.744954120137258
45845,3.6159087220726462
45846,3.6442148803090157
45847,4.190768628786223
45848,4.214513737119001
45849,3.558399268046349
45850,1.8353576353955847
45851,1.4826213677832956
45852,1.3076474228981982
45853,3.6862444125460434
45854,3.702352104305905
45855,3.771458868267144
45856,4.2091812325912805
45857,3.4222936289221346
45858,2.337978685220934
45859,1.5360902560825471
45860,1.4295833304933767
45861,3.778367923354513
45862,3.89265644025301
45863,3.8418547313739237
45864,3.9902872227245862
45865,4.368999577629524
45866,4.39077731275752
45867,3.2922952234766654
45868,1.9660280244032755
45869,0.8440753417854359
45870,1.438943006365086
45871,4.757039156254939
45872,3.8214799723404758
45873,3.8214799723404758
45874,3.6887461758351647
45875,3.3397022019581195
45876,2.0042589957168286
45877,3.2048137352387704
45878,3.941579309078181
45879,3.534081330649329
45880,3.4308081219852022
45881,3.5701240782885733
45882,3.5701240782885733
45883,4.474492404324719
45884,4.2110781415961736
45885,2.450188190425286
45886,2.0045645065204605
45887,1.1267888039563188
45888,0.9076272534915945
45889,4.494564865463261
45890,3.5505902867217043
45891,3.555882582187811
45892,4.104033372081909
45893,2.1919400932303734
45894,2.149382606353811
45895,3.4325550244154153
45896,4.2933804755553435
45897,3.783653548156536
45898,3.8671380730092064
45899,3.8859917803531996
45900,3.8859917803531996
45901,4.592361357876749
45902,4.267163709052845
45903,2.880485207818959
45904,2.1355227008260083
45905,1.0971471719270034
45906,1.521344898030801
45907,2.6847541064961353
45908,3.8439929274842957
45909,4.986322557340642
45910,3.7867212322035733
45911,3.737463617057274
45912,3.863083716419541
45913,4.077736216706013
45914,4.477465414271441
45915,3.2663482422649115
45916,2.994431807066703
45917,1.5014360617286147
45918,3.149264740203377
45919,3.675828625630803
45920,3.739589274959083
45921,3.847872866740295
45922,3.1743020080732918
45923,1.9621961061579993
45924,1.4766532089559492
45925,1.3468429058675304
45926,2.361529698534306
45927,3.7280709442238233
45928,4.009239098239674
45929,3.2949565624949386
45930,2.113040797401005
45931,1.1862976333582058
45932,0.8015624029067506
45933,0.6570202706856457
45934,1.3041799089215296
45935,4.812876257554014
45936,4.657056688733796
45937,3.6606207711244583
45938,3.5380526166114086
45939,3.601145090252059
45940,3.811517904498141
45941,4.23482816275271
45942,4.011056707298927
45943,1.089692813321407
45944,2.655254386148533
45945,4.795959434860052
45946,3.91722021776117
45947,3.777173926770346
45948,4.184296952101678
45949,2.5092568091614234
45950,4.876320867283914
45951,3.9195519921611064
45952,3.9195519921611064
45953,4.6606598718196475
45954,4.482996803650138
45955,4.157799154826234
45956,3.2731298546815935
45957,2.208849668963828
45958,1.227657040947838
45959,3.687016598438875
45960,3.6601532875871436
45961,3.6321856513884816
45962,3.8859917803531996
45963,4.524149330074623
45964,3.1840886750642983
45965,2.640957218913973
45966,2.2177398112361675
45967,1.591007942071151
45968,1.133457784973735
45969,0.9883998760681798
45970,4.8351293129616515
45971,3.6842638669611465
45972,4.496321098919004
45973,3.012870743232812
45974,2.6877214081011847
45975,1.4285903880083668
45976,2.53935025738204
45977,3.9563940533946953
45978,4.256015908540354
45979,4.31005328623431
45980,4.046775389688437
45981,3.7658778469741696
45982,3.010096190772835
45983,2.936309556523191
45984,2.4385364140017565
45985,2.351809165454811
45986,1.9076567688044548
45987,3.4908361274211788
45988,3.359577275527783
45989,3.4424477547187085
45990,3.4817825184367956
45991,3.627568982413014
45992,3.5854771781739663
45993,3.3988712671326073
45994,0.8985469331543956
45995,2.0592595207194986
45996,4.3494139363268935
45997,3.7867868116092773
45998,3.7867868116092773
45999,3.666071497962812
46000,4.079295464174431
46001,4.307194841394531
46002,0.7983871848919232
46003,0.868942322120285
46004,2.5765182266129028
46005,3.684556125800658
46006,4.730067397071377
46007,4.222774760173472
46008,4.174897307851393
46009,3.8059491785042847
46010,3.987532700490374
46011,4.563316073730973
46012,1.9560976150449856
46013,1.0586346545498986
46014,0.8194197257903576
46015,4.326312827305222
46016,4.13301821557253
46017,4.762690373341649
46018,4.050246936370582
46019,0.8420895838097979
46020,0.6561424055826023
46021,4.2954314159271805
46022,4.38471282408641
46023,4.356745187887746
46024,3.8482704804695227
46025,3.6994413532601036
46026,3.3340947602372206
46027,2.7509924570017117
46028,1.150726126241841
46029,4.29543761812936
46030,4.209237713195812
46031,3.668421706602066
46032,3.886537443909711
46033,4.131006323425869
46034,4.3585860291768785
46035,3.29049721407525
46036,1.304973666022918
46037,2.2933765581949626
46038,2.9541330472813803
46039,3.998571325330717
46040,4.067678089291958
46041,3.3657763391231055
46042,3.4917473048476784
46043,2.442957776748209
46044,2.089728518318081
46045,2.0429319701388526
46046,2.9342478557207867
46047,0.6449638037448048
46048,0.3088206194162872
46049,0.80535262212311
46050,1.9986816725799756
46051,3.5573883443720464
46052,4.101167630161766
46053,3.6758540923732794
46054,4.387520300790162
46055,4.126772525710007
46056,2.930808596336912
46057,2.482523236003786
46058,0.9128145821339524
46059,4.7772410213765815
46060,4.226734694799249
46061,2.319912197061621
46062,0.638504721846053
46063,4.214047730779762
46064,3.6636108002366803
46065,4.5518359623233415
46066,4.299721104497442
46067,3.5336345806670093
46068,0.7751302352736957
46069,0.8302468093100234
46070,3.4642334122260467
46071,3.6937380930154005
46072,3.793377220259127
46073,3.793377220259127
46074,4.218629591387566
46075,4.318343946371799
46076,3.5057607274540383
46077,1.9081846977123775
46078,0.8352456236124508
46079,2.3768209238185745
46080,4.396830325502181
46081,4.575569892906841
46082,4.080942649411047
46083,4.150049413372286
46084,3.810146563270776
46085,4.260253675404409
46086,4.246222379744922
46087,3.4031612680475263
46088,2.0153759952326653
46089,1.5335384787676036
46090,1.2293709276976434
46091,1.1879771813991076
46092,1.2514820178144894
46093,2.1171273975465548
46094,2.4296602844495148
46095,3.8934566405180604
46096,4.104715974340942
46097,3.5921111480533567
46098,4.149743542591285
46099,4.51622519732565
46100,1.6912378022965868
46101,2.423288958012623
46102,4.032270183435526
46103,3.8464050326548236
46104,3.9759838166614925
46105,4.213879812945779
46106,4.284344980912591
46107,2.412574673142481
46108,0.5137180098124017
46109,3.8147512677958297
46110,3.800893033557491
46111,4.465718718211415
46112,4.77370644956839
46113,3.3829520793690775
46114,2.2325807030024536
46115,0.7387021160491475
46116,4.183610550241318
46117,4.130065244799536
46118,5.017908797325443
46119,4.033517465749966
46120,2.425509861763467
46121,0.6846615661459846
46122,3.4573873915781057
46123,4.276947797874404
46124,4.346724591932089
46125,4.414654089004001
46126,4.451666131460682
46127,5.0098977387275525
46128,4.828989495609954
46129,4.11654605863889
46130,0.638227395598702
46131,0.9133392366763865
46132,2.115740399257205
46133,3.8356111648235975
46134,3.9385532240435626
46135,4.229291206827855
46136,5.0140267539033365
46137,4.833118510785737
46138,4.1211928439648595
46139,1.0671550310355302
46140,3.2520491224126427
46141,4.331844395588232
46142,4.178948814740776
46143,4.248725608798462
46144,3.7618044206729926
46145,3.7784861944987216
46146,3.7784861944987216
46147,4.806119237484359
46148,1.2694054298079118
46149,3.5595322611028064
46150,4.225942158226535
46151,3.906013437865093
46152,4.224120261283261
46153,4.295286646448377
46154,1.854223083849352
46155,1.4472588900435395
46156,1.1263623506740332
46157,1.7832789126993436
46158,2.662845537352192
46159,3.9560400559569255
46160,3.901796070239551
46161,4.031374854246222
46162,4.239934454007177
46163,2.842242699872854
46164,1.8284296550102097
46165,2.3280746411894824
46166,4.439644166831481
46167,3.867284445522344
46168,3.6984326886410894
46169,4.124705316326778
46170,4.037666586244979
46171,1.0060723912837355
46172,1.0873093677254444
46173,1.9590164886471297
46174,4.181407761575538
46175,3.5788172292363423
46176,4.068453583141369
46177,4.031889824314877
46178,3.3686427862885915
46179,3.341936355525568
46180,2.7166375897282258
46181,1.4794282383090755
46182,2.6860056837474704
46183,3.086276358571468
46184,3.611856442844109
46185,3.84858173949832
46186,3.924852174148456
46187,4.263218610285237
46188,4.217025016817533
46189,1.9865689183385675
46190,1.4761977387061553
46191,2.292212635824117
46192,2.662766857400881
46193,3.5194894817252838
46194,3.873131197068673
46195,3.9902872227245862
46196,4.214121467274754
46197,4.112497464243098
46198,3.7558236418488486
46199,2.948408785126922
46200,0.843489769570432
46201,4.863853102166655
46202,3.8291473453596514
46203,4.377111009504939
46204,4.568738476649884
46205,3.105859380535225
46206,1.0958933783377554
46207,0.8431762855397934
46208,0.7755787692674213
46209,3.982656081677437
46210,0.9076272534915945
46211,3.430665993548707
46212,4.3793389189541205
46213,3.682131443764051
46214,3.463313319571115
46215,3.524105792141209
46216,3.555882582187811
46217,3.5431285730075475
46218,3.731995036020046
46219,2.6144190531085676
46220,3.714546784195296
46221,4.609119192643392
46222,3.732719863990729
46223,3.2384716941579565
46224,1.4530865990672996
46225,1.091648291173831
46226,4.814698249935862
46227,3.6766711444871802
46228,3.863083716419541
46229,4.576007113917956
46230,3.7100922295962535
46231,2.6692824719350754
46232,1.6641233312829702
46233,1.2227305987894008
46234,3.9241433013904308
46235,3.9241433013904308
46236,4.024118431878816
46237,4.27820345287031
46238,3.9959017958098153
46239,3.715004253095548
46240,3.140554206425438
46241,2.5595318972037697
46242,1.6279693532758794
46243,3.243306805061786
46244,3.4110664144316223
46245,3.879660314233004
46246,4.009239098239674
46247,2.5393287162389697
46248,3.8770314752413864
46249,3.6480375950163713
46250,3.653329890482478
46251,4.507290094247548
46252,2.9886368991706327
46253,1.7737589514330014
46254,0.8765827601671913
46255,0.7801473137613609
46256,3.8464603711013434
46257,3.9095528447419943
46258,3.777173926770346
46259,3.777173926770346
46260,3.8176272354050496
46261,4.428658658592732
46262,4.440360027961832
46263,3.129095554378838
46264,1.1209176309173374
46265,0.88652276410642
46266,3.7016975118447175
46267,4.7398155726268545
46268,3.7322998136626855
46269,3.9195519921611064
46270,4.055233035397785
46271,4.41185717233249
46272,0.878215708113896
46273,0.7932858947926346
46274,1.3096505484206307
46275,2.512051711001447
46276,4.677647229101658
46277,3.5713931788183877
46278,3.8859917803531996
46279,4.068794447275672
46280,4.4254185842103775
46281,4.674221283697535
46282,2.894591272273731
46283,2.6755788642051024
46284,3.991682618568276
46285,3.7752046710031224
46286,3.7918864448288514
46287,3.9980502017070583
46288,4.161199821914997
46289,1.406889977734965
46290,4.291341412618571
46291,2.377089973048275
46292,3.6850154860338855
46293,3.4046704874872513
46294,3.5788172292363423
46295,3.620510253345385
46296,3.5788172292363423
46297,4.055968265242816
46298,2.3159643661165865
46299,3.4222936289221346
46300,1.883077849542683
46301,1.2826719703554283
46302,3.924852174148456
46303,1.2505302531123996
46304,4.009133589293743
46305,1.8292386098168891
46306,3.8858220472943175
46307,2.9898321420286256
46308,3.013347425464323
46309,3.1738315976289773
46310,2.8140905230093556
46311,3.4424477547187085
46312,2.6042169489801767
46313,3.5889796668066283
46314,1.7684541110641268
46315,3.2019436953287315
46316,2.689720737193762
46317,2.823871719061245
46318,2.2656067291776316
46319,1.7932716150422967
46320,0.9956337691994104
46321,1.0506909327833738
46322,2.3863787950713755
46323,0.8769528689517465
46324,3.8844238467850234
46325,1.1485604456823335
46326,3.758387498699825
46327,3.340150904786071
46328,3.8214799723404758
46329,3.4961196395697147
46330,3.8214799723404758
46331,3.3297539572649377
46332,3.9890488011974563
46333,4.421090070615875
46334,4.649572940999777
46335,4.16034229553572
46336,4.234907910571724
46337,3.6063428757305225
46338,2.4093436727758872
46339,4.636845956614586
46340,1.9796212886781543
46341,3.8112414739703913
46342,1.068185064993225
46343,3.8112414739703913
46344,4.1772247610387945
46345,4.318954367239919
46346,3.367715648344552
46347,4.503472015053396
46348,3.5701240782885733
46349,4.192418813164293
46350,3.823970542574646
46351,3.5009351242698927
46352,4.2301306978336655
46353,3.1773080009536847
46354,3.4974476357344675
46355,2.573824950235462
46356,3.3088391183079704
46357,3.365643560053138
46358,3.1467038981846236
46359,3.9350935971664462
46360,1.1416061808609328
46361,3.9180004561941364
46362,2.0888100365341593
46363,3.7328729802952125
46364,3.929772605897908
46365,4.394145856965026
46366,4.480377814303531
46367,4.943598616459248
46368,4.205485592288575
46369,3.647330973566305
46370,3.3872533415345334
46371,3.1697191194582
46372,3.294286750448921
46373,2.703985408252318
46374,1.3681477544395824
46375,1.972557323615578
46376,0.9790993819618939
46377,1.182845343258921
46378,0.970785090570748
46379,4.295952715317654
46380,1.2019468176475219
46381,3.8482704804695227
46382,4.476578748896111
46383,3.8482704804695227
46384,3.799180956204581
46385,4.31343199729009
46386,4.003692356221527
46387,4.542902982144865
46388,4.360316493156234
46389,4.72037191771761
46390,2.6205668325410643
46391,4.403367709137954
46392,3.846401942593811
46393,3.663940791474155
46394,4.434360353640718
46395,2.176088223975276
46396,4.244536074658369
46397,0.8187993762296031
46398,2.0965008559776894
46399,2.2872474696481153
46400,1.44029943608048
46401,3.4415237479419103
46402,2.4666534950284693
46403,4.422887109174949
46404,2.630329278528818
46405,4.492837607347694
46406,3.53595487378108
46407,3.697160360238538
46408,3.678796802388989
46409,3.68005162559892
46410,4.2241660751763535
46411,2.41721438241656
46412,3.3714200350435117
46413,1.975879549883534
46414,2.3225413777502797
46415,2.5283959308352246
46416,1.3002284976547518
46417,3.5813460590043755
46418,1.960307599895144
46419,3.7873119915078384
46420,3.755910478799307
46421,3.6684657799685336
46422,4.11716954285661
46423,3.7447362146186696
46424,4.272047653211381
46425,3.7447362146186696
46426,4.293825388339377
46427,2.890545355397968
46428,3.944909176132274
46429,2.365067697580571
46430,3.6385407805469723
46431,1.5192834542366989
46432,2.8950909943392227
46433,1.1500965813898913
46434,0.7968833985211372
46435,1.1664452389098316
46436,2.4998433262646405
46437,2.9416738134698726
46438,3.653329890482478
46439,3.6137781566067098
46440,4.2957452987988916
46441,4.000014450557001
46442,3.4810328745480352
46443,4.131406833148904
46444,2.629970867342331
46445,3.3803488281871212
46446,2.34274245333473
46447,4.538449474280545
46448,1.353049236966864
46449,4.180890291543752
46450,3.7308305217095956
46451,3.6758540923732794
46452,4.901778216057348
46453,3.854000998941297
46454,4.146167447487249
46455,1.746302434299463
46456,3.482245784143515
46457,0.7728647115386745
46458,3.5345282021058755
46459,1.2463320073004056
46460,2.0634230944927796
46461,3.733347879712739
46462,0.7536307110087724
46463,4.670427075464865
46464,1.2951622525591262
46465,3.582350574821101
46466,2.4977953481730055
46467,3.582350574821101
46468,3.8210599224314414
46469,3.582350574821101
46470,3.7930922862327794
46471,4.781089319507691
46472,3.6233553097641176
46473,4.600864181649361
46474,2.983632451891026
46475,3.4335913552898965
46476,2.273119616574512
46477,2.8376503733058365
46478,4.897451831389094
46479,1.716471302562894
46480,3.8671380730092064
46481,1.153471749326787
46482,4.198951681250719
46483,4.4322972558349125
46484,3.664507836188603
46485,4.545231297032089
46486,1.4125976021719773
46487,4.30024763571331
46488,4.905088831841199
46489,3.6636108002366803
46490,3.593938025268127
46491,3.6636108002366803
46492,3.6547304978382207
46493,3.8504292495679464
46494,3.7918864448288514
46495,3.463429228299364
46496,4.354674338641766
46497,2.8799914789308336
46498,4.343823734719121
46499,2.415320203202362
46500,3.653800232253361
46501,0.9943855661205961
46502,3.2847871784310207
46503,1.2540917138656529
46504,2.2524843213485735
46505,3.8111852625296923
46506,1.7643697449188387
46507,3.901495893015246
46508,1.4882591344440215
46509,3.5878187590350636
46510,2.957746048852631
46511,2.5261407859054668
46512,3.352584383711886
46513,1.2261357874182597
46514,3.559717780775291
46515,3.443109099844748
46516,3.8612699114005653
46517,2.4715195249328574
46518,3.9563940533946953
46519,4.173822738302181
46520,1.5623758855148324
46521,3.5921111480533567
46522,1.663082263376536
46523,4.115037879529711
46524,2.161847342491814
46525,4.214780846944633
46526,3.5186756619966624
46527,2.514379887840925
46528,2.552251768509938
46529,2.069595751886054
46530,2.1259638496719733
46531,1.6467614615802424
46532,4.203040817160739
46533,1.140523585637311
46534,3.392846430905588
46535,1.0545714749400479
46536,3.7867868116092773
46537,2.041313386582084
46538,3.496420632191987
46539,3.3223289602551422
46540,2.959065631638734
46541,3.6713369428852736
46542,2.424870400228387
46543,4.003760618763595
46544,1.8618608939734866
46545,3.9759838166614925
46546,1.0114972380461391
46547,4.082487430353876
46548,1.374117064032086
46549,3.3824059967110425
46550,4.111804834210743
46551,2.93480583681206
46552,3.5827406486807223
46553,1.777874264949312
46554,0.8159254963478355
46555,1.2050805125370514
46556,1.3393005723071136
46557,2.40748167511787
46558,2.5506952068047695
46559,3.340840675484142
46560,4.330532973285837
46561,4.518625246312248
46562,3.8488936922328962
46563,3.87784374143648
46564,3.7328729802952125
46565,3.800893033557491
46566,3.7328729802952125
46567,3.8728688814162155
46568,3.8516057357914835
46569,4.050062893073069
46570,1.1915309166437402
46571,0.6626060111395065
46572,2.385246505839737
46573,1.1978452235979407
46574,3.361049125705315
46575,4.620988224640256
46576,3.7956209428693457
46577,4.120518076600669
46578,3.9962982989177718
46579,3.8181574462095265
46580,1.230489023100779
46581,1.7789943687389775
46582,0.8156147822574611
46583,0.6945655268926637
46584,4.2783444771570505
46585,1.1781535347570296
46586,3.697160360238538
46587,2.3805546973378457
46588,3.559733932001803
46589,4.5970501088768705
46590,4.548121032785587
46591,4.394394967388695
46592,3.0014281609964937
46593,4.414654089004001
46594,1.5681326453466224
46595,4.19437295407082
46596,1.276163978170913
46597,4.73212548748556
46598,1.2429367088200163
46599,2.1991548503798413
46600,3.5435951428401986
46601,1.786878595372546
46602,3.0978365194557957
46603,1.4653863610804234
46604,2.494652742576886
46605,0.46311072612137477
46606,2.0501971153370997
46607,3.3067582406489167
46608,1.2555926209242243
46609,4.211665207894806
46610,1.494186094530959
46611,4.288867828333637
46612,1.720062051738883
46613,4.358644622391322
46614,2.754781413680839
46615,4.509750562852734
46616,2.6234695060278654
46617,3.463429228299364
46618,2.913834278894389
46619,2.4838092867507924
46620,3.696648635797635
46621,1.6839482991531995
46622,3.696648635797635
46623,0.7922968534678373
46624,4.115402122349383
46625,0.6648875442759002
46626,4.180338352912415
46627,1.0430536360166898
46628,3.8270274340723325
46629,2.2064628444820253
46630,2.597874367629265
46631,4.1292473215769725
46632,1.8458053674064696
46633,3.4597068442701446
46634,1.35241719331223
46635,3.914472133362985
46636,0.5137180098124017
46637,4.205210116147279
46638,4.617638470888217
46639,3.457411411812738
46640,4.164260103802415
46641,2.005102628612738
46642,3.6758540923732794
46643,1.2273680523315453
46644,4.202572768686393
46645,1.2621010666550465
46646,4.47503470018123
46647,2.1509319052593
46648,3.4092077755069083
46649,2.499792579642464
46650,1.548862893989678
46651,3.829743003214957
46652,0.7009932026772804
46653,4.015298703182631
46654,2.412228389245161
46655,4.1758559079177795
46656,3.7841710678199783
46657,4.614796567546851
46658,3.611328141963639
46659,3.104716563811677
46660,3.6744206156042893
46661,2.140875697092116
46662,3.5936775365586646
46663,0.7817298003655208
46664,3.9723636867857874
46665,2.04724003246524
46666,3.877220625154038
46667,3.5951068154066754
46668,0.8799252063505731
46669,4.031374854246222
46670,0.6446678210166846
46671,4.255939164806698
46672,2.3449749199910435
46673,3.4745913505141073
46674,3.408953570895055
46675,2.4631300632033786
46676,4.283154494741001
46677,0.5964779934418505
46678,4.167562947940265
46679,0.5943936233584126
46680,4.428690589332761
46681,1.0982408100965542
46682,1.746939813641196
46683,3.4884808334143664
46684,2.45649287644647
46685,4.264288648236239
46686,4.4703290420168695
46687,4.101705068804251
46688,4.511537437155666
46689,3.6539286496488974
46690,3.7635148870730863
46691,3.6539286496488974
46692,3.793377220259127
46693,4.331859166719562
46694,4.467432290874724
46695,1.999811126246203
46696,4.570458804197699
46697,2.990812061633938
46698,0.8112615465749418
46699,1.21341171535324
46700,4.167142554344595
46701,3.7934647894450473
46702,3.810146563270776
46703,3.9431199770320906
46704,4.382568721049264
46705,4.086375831129855
46706,3.380011200451011
46707,3.0535593926909557
46708,2.847114534017165
46709,3.4541978479916207
46710,3.562549018218965
46711,3.9544806747945596
46712,3.6661527815831643
46713,3.258086337109906
46714,2.9811439944965765
46715,1.260243529235022
46716,4.1978751021462575
46717,3.931034062072508
46718,1.35241719331223
46719,0.6449638037448048
46720,0.6614366202446457
46721,4.383855365939638
46722,3.894473929177818
46723,3.800893033557491
46724,4.161600130178856
46725,4.963247609940245
46726,2.766827107113724
46727,1.5397140963034122
46728,0.8744273905961785
46729,2.4002463861787575
46730,3.4337821805979445
46731,4.488995039155129
46732,4.247653244699493
46733,3.8181574462095265
46734,3.8181574462095265
46735,3.8232360490853607
46736,4.406083607828311
46737,4.757161022245288
46738,3.470699936443312
46739,3.060616630037309
46740,0.9253497115373684
46741,4.463483021368928
46742,4.414654089004001
46743,2.7379986524495035
46744,0.48949433212075655
46745,3.7390996925853943
46746,4.406314997847928
46747,3.8356111648235975
46748,3.8356111648235975
46749,2.9484805624792636
46750,4.378513532962237
46751,4.717479303577593
46752,4.038944899999635
46753,3.0393204529077376
46754,2.4572805851496393
46755,1.5613740969836212
46756,2.9172468292101144
46757,4.018808761163127
46758,4.29571895228422
46759,3.906013437865093
46760,3.7038372519979395
46761,2.6410914479465206
46762,0.8676819110627843
46763,1.4183961277220591
46764,3.9275304912849953
46765,4.124546782214795
46766,4.389082372405907
46767,4.06801130965732
46768,0.9910213127338884
46769,0.4652321995094475
46770,4.164797542444901
46771,3.6539286496488974
46772,4.397167247821615
46773,3.353493099284802
46774,2.460865038821369
46775,0.9294596319708475
46776,0.8807258035199466
46777,2.072465082367301
46778,3.3300664601882994
46779,3.611399923427359
46780,3.8366936182763975
46781,2.0497536208332168
46782,1.2239620965445164
46783,3.5699484727508004
46784,3.695781468145676
46785,3.849174774026988
46786,4.071242021023187
46787,1.2612484590382198
46788,2.87473123953992
46789,3.626756575748074
46790,3.6824373299734128
46791,3.979106584089665
46792,3.911699383515487
46793,1.6361126058584272
46794,3.171488875983743
46795,4.164349333027439
46796,3.731715205992571
46797,3.655137795141114
46798,4.167300607013135
46799,2.9340089180875424
46800,2.2525858476941893
46801,0.9825463387967235
46802,0.7741589726878264
46803,3.3428171337993366
46804,3.552808045483
46805,3.7417709053243158
46806,1.0321379914831454
46807,0.8564910942669565
46808,3.4232525136632193
46809,3.524457620310767
46810,3.524457620310767
46811,3.524457620310767
46812,3.9491405402870745
46813,4.263492017383037
46814,3.920035304102847
46815,3.51481020202203
46816,1.9246171103309537
46817,0.7393076364292531
46818,2.017818661046775
46819,4.1815459360217115
46820,3.7686167122828076
46821,3.7998628935719236
46822,3.7998628935719236
46823,3.8977090165374104
46824,3.6083145046455183
46825,2.9732668533243936
46826,2.3749992866610117
46827,1.411764710819239
46828,0.45655183559927837
46829,3.7403449196627108
46830,4.371343564580624
46831,0.9308440581997254
46832,2.4638395577192878
46833,3.0431053273727953
46834,3.4895785612402173
46835,3.8480827400499473
46836,3.928203417635491
46837,4.155359345648497
46838,3.5683876667149903
46839,2.1657371180639124
46840,1.3033494774033887
46841,1.134244423429466
46842,1.6486924414068764
46843,3.413587059441604
46844,2.5233164597563653
46845,2.2041427639582465
46846,1.734536530978863
46847,0.26641298999041746
46848,0.7533897158204698
46849,3.4672005580824403
46850,3.513088454505588
46851,4.344047386531376
46852,3.353091883374354
46853,2.432831591678227
46854,0.3068460121692166
46855,0.20174746691203396
46856,0.6948378739617493
46857,3.5356604364934006
46858,3.7148287424228554
46859,3.7148287424228554
46860,4.062798712534601
46861,4.239205813635276
46862,3.8850816591497166
46863,3.269609434753611
46864,0.23914638892120021
46865,1.8213690468431407
46866,2.973441317153328
46867,3.6855789027884747
46868,3.6258303261640954
46869,3.8246730151026322
46870,3.5218888389914405
46871,1.3729004816282309
46872,1.8356254096715825
46873,3.9832766119287566
46874,4.2557830984422775
46875,3.6696882001174944
46876,3.5401024768433924
46877,2.3953896730339204
46878,0.4167810680763477
46879,1.9840610635791063
46880,4.142492466868333
46881,3.5883858613543627
46882,4.214209578109898
46883,2.7843163766020904
46884,1.4856309884095371
46885,0.7719177027973331
46886,1.7328539708725035
46887,2.6529635606943245
46888,3.401661995293382
46889,3.857394603481679
46890,2.912160973612658
46891,2.098235437888907
46892,1.5392918304284462
46893,0.9794383095463924
46894,1.8966740969840439
46895,3.3320004299526502
46896,3.359839964528134
46897,3.1863373862171693
46898,3.392748485527262
46899,3.1105975641276653
46900,1.9162842628034418
46901,0.83134645658112
46902,4.133951556610926
46903,3.3511433378733266
46904,3.173430989764989
46905,2.775819755564637
46906,1.5796149241629227
46907,1.8068219272501989
46908,2.925220837410208
46909,3.8909418698861957
46910,3.5310074251196326
46911,3.738673999067002
46912,4.164922334961861
46913,4.292940324032195
46914,2.3691275115878914
46915,1.7486312816203378
46916,1.3091620202601968
46917,0.3688623322989744
46918,1.901146562351618
46919,3.5460237710121056
46920,3.5012131106723356
46921,3.5012131106723356
46922,3.6016181552817
46923,3.834350016552471
46924,4.122796635449225
46925,3.8733239010663936
46926,0.3173345185641478
46927,3.1130266009837317
46928,3.6859385154906295
46929,4.297169925440984
46930,3.911601225596095
46931,1.9117844746467085
46932,1.4469846802721098
46933,0.28090185320184924
46934,1.6647636641555585
46935,3.426165268062314
46936,3.4549039216987865
46937,3.818155474070331
46938,3.032175041164438
46939,3.1707025791983683
46940,1.104320442266017
46941,0.9778396160700437
46942,1.760738194070645
46943,2.4688830183458212
46944,2.6533334300347096
46945,3.2044870194564616
46946,3.7414355190668926
46947,3.846833332786987
46948,3.4632870412990613
46949,0.709275502306615
46950,0.1668797014378094
46951,0.3005620809643063
46952,2.840453337167625
46953,3.4249585786998047
46954,4.15673443830841
46955,0.5589115518087192
46956,4.086275816509069
46957,3.189528839800677
46958,3.4000984099500897
46959,3.4000984099500897
46960,2.601595161035463
46961,1.4988383755673655
46962,0.5501193214671248
46963,2.7570659000477757
46964,3.512730968119907
46965,3.773401131361958
46966,4.339198339900842
46967,0.960392241838165
46968,0.40171247390948184
46969,0.2295549007919559
46970,3.747207413015683
46971,3.4487743549542573
46972,4.366072310529979
46973,4.178394404248442
46974,3.8577150551573105
46975,0.5833757582243626
46976,0.5967093572442502
46977,2.6979858085550577
46978,3.6537945097030136
46979,3.5037128411167204
46980,3.735282587274726
46981,3.751964361100455
46982,4.0015908744558875
46983,3.7731798345755885
46984,1.6430554204728125
46985,0.6077426267742992
46986,0.6224798115812664
46987,2.788152428225611
46988,3.1681719704078266
46989,3.414768638163784
46990,3.561270352824219
46991,3.858756275120665
46992,4.027090049938899
46993,3.700114867925767
46994,0.6809467274663518
46995,0.5210411104263866
46996,0.4312640432134373
46997,1.38479385685959
46998,1.7688569037806605
46999,3.343512069546281
47000,3.9238952794951687
47001,4.017672093571539
47002,4.029293093215261
47003,2.21794028299832
47004,2.6275618265670557
47005,3.8442345255348838
47006,3.4741376030362616
47007,3.863327062206008
47008,3.9218208096015887
47009,3.50104641711692
47010,3.4052227822330283
47011,3.6556329345810448
47012,4.185457431173514
47013,4.215218287244565
47014,3.8945389381534334
47015,3.219344820605738
47016,2.5441963416966513
47017,0.9861245157143972
47018,1.7655013912278283
47019,3.556369654224922
47020,3.6947149261625842
47021,3.794752532168235
47022,4.222936370759198
47023,2.0479107984387
47024,0.1291237244571697
47025,0.26355948074138286
47026,2.5681758328783384
47027,3.000800208165176
47028,4.013623614292617
47029,4.3152585900506715
47030,4.1243011312351
47031,1.688714389344969
47032,3.3927523892969207
47033,3.610107064826337
47034,3.626788838652066
47035,4.036309473184215
47036,4.182303422731448
47037,0.6060406004072179
47038,2.8779099293233092
47039,1.9655555246401022
47040,0.7966650552486345
47041,0.5793343911377461
47042,0.8552429601472857
47043,3.0289859305618885
47044,3.353603552646135
47045,3.6630715916522836
47046,3.593181738118972
47047,2.6714041861219155
47048,1.1519953674762742
47049,0.4368735124395933
47050,0.06715102684882361
47051,1.6670071502015094
47052,3.755207890358736
47053,3.6036052078969036
47054,3.482889918324971
47055,3.105945668695564
47056,1.1887054622684958
47057,4.283311814663172
47058,4.146913258242405
47059,3.699159511528379
47060,3.516565489079564
47061,3.996340023942965
47062,4.091345602320095
47063,3.291114982895836
47064,1.4669926970195761
47065,1.1598942744767438
47066,1.921321843284078
47067,2.3236799935986037
47068,3.652638080418522
47069,4.091655360631945
47070,3.7158834111222108
47071,2.7821359484788837
47072,1.5233296144541548
47073,0.9143356720408172
47074,1.2298163563873723
47075,1.152073048779507
47076,3.81201611398008
47077,4.112373836728426
47078,4.129767860700623
47079,2.4841395918665015
47080,2.021355156041102
47081,1.0554754631054462
47082,3.69226689254768
47083,3.69226689254768
47084,3.69226689254768
47085,4.427622972597485
47086,4.3925132570623315
47087,3.5196626716351376
47088,1.1814963477466398
47089,3.23972581333476
47090,3.963457683458497
47091,3.5150003802957457
47092,3.379946231205902
47093,3.552808045483
47094,4.354045554950913
47095,3.908084587639466
47096,3.4911415958842045
47097,3.245334203513886
47098,2.382108915689875
47099,1.205201100969305
47100,2.1414123426596663
47101,3.3884234173272105
47102,3.7738283839098075
47103,3.2647901851449856
47104,2.5411256105129443
47105,1.0813754863233511
47106,3.281832356742059
47107,4.3392872828848175
47108,3.67816497608189
47109,3.7998628935719236
47110,4.468255035609061
47111,4.074492895519925
47112,0.8009380455472891
47113,1.9242597775342467
47114,3.788029125854063
47115,3.804710899679792
47116,3.804710899679792
47117,3.93968073695315
47118,4.257006271571111
47119,4.008197355593545
47120,3.5616815416168044
47121,3.054073757497606
47122,2.8535401429285927
47123,2.54348344516295
47124,1.6165075718228439
47125,1.268670915434677
47126,0.8330972308819936
47127,3.6246144360540513
47128,3.6594435323900605
47129,3.7718123053998127
47130,3.8480827400499473
47131,4.106640203217018
47132,3.3123483185293154
47133,2.9929951467953733
47134,3.0021598488524606
47135,1.2119877310373313
47136,2.0520020155365692
47137,3.6009614198463495
47138,3.724328094061032
47139,3.7441110954046675
47140,0.6758719748962779
47141,0.36187512016603923
47142,4.02860221212607
47143,3.5584571793805564
47144,3.513088454505588
47145,3.816042426726746
47146,2.819610288419898
47147,0.9980667537442198
47148,0.4764414120748965
47149,1.9450403584546792
47150,4.239655107254104
47151,3.6122378473448564
47152,3.7148287424228554
47153,2.752049832221583
47154,0.4300266024835823
47155,4.024990579597528
47156,3.8246730151026322
47157,4.247602849498532
47158,4.504390212615107
47159,2.812702762986062
47160,1.8582267389818452
47161,0.6057425408499758
47162,2.979214779603914
47163,3.609939623493115
47164,3.7998628935719236
47165,3.7998628935719236
47166,3.7998628935719236
47167,4.247602849498532
47168,4.504390212615107
47169,4.400043007806935
47170,4.006280867717799
47171,2.9188838342307353
47172,2.6660369056430095
47173,1.390453722751923
47174,3.2269987781048814
47175,4.125234832214868
47176,3.6340009159047137
47177,3.716831854263374
47178,3.8968840434919367
47179,4.328546871119411
47180,3.924861102850172
47181,2.4421538622211325
47182,1.0994820411636994
47183,3.857394603481679
47184,4.164270290439965
47185,3.5959392108020634
47186,3.3402830238354055
47187,2.8812868430679552
47188,1.0427089261845077
47189,2.750115822998515
47190,3.2692078654080943
47191,3.2692078654080943
47192,3.307162194873439
47193,3.3213591155467856
47194,2.977429886900521
47195,2.6162739776998465
47196,2.381242609450674
47197,1.5233560673265956
47198,0.6910451185500036
47199,0.6694510543473542
47200,1.0013586920262945
47201,3.1112573234080405
47202,4.013035363922433
47203,3.1789600913769176
47204,3.2160891887834833
47205,4.157860582268302
47206,2.1308233348226007
47207,1.0689618246426689
47208,0.21144356525191166
47209,0.2310602036021089
47210,0.6564234293581231
47211,3.872799270529063
47212,4.397144475542427
47213,3.2789212981853426
47214,0.5680568372525027
47215,3.4540063018869245
47216,3.5012131106723356
47217,4.096529048138238
47218,3.2093299030429545
47219,2.796376503472427
47220,2.3813120427165164
47221,1.2175568607630585
47222,0.6232611981495546
47223,1.7331783507120657
47224,3.579995804270427
47225,2.6509269027209217
47226,3.623139191997582
47227,3.687636071312396
47228,3.516565489079564
47229,3.6859385154906295
47230,3.516565489079564
47231,3.88156486895646
47232,4.087882022345753
47233,4.376731383956319
47234,3.4511310930932466
47235,2.779198595016287
47236,3.2622919042958376
47237,3.8684943384685986
47238,2.5983227106892266
47239,3.6050373376110327
47240,1.2146291751916845
47241,3.4549039216987865
47242,1.7431226538312201
47243,3.669852826268964
47244,2.9763499317992608
47245,3.8870122385173937
47246,3.7729043393768533
47247,3.613819044371644
47248,3.849174774026988
47249,2.250409991330988
47250,3.913218575050418
47251,1.1688160091426338
47252,4.140374503063424
47253,0.8701784690232034
47254,3.3402830238354055
47255,2.2822659517091766
47256,2.654261866653112
47257,3.372776795880428
47258,2.401069978482514
47259,3.6108292553193913
47260,1.4987417820602478
47261,3.275062687206931
47262,1.592665033922143
47263,3.321592289936973
47264,1.9653067309894374
47265,2.90847009600139
47266,3.713713795668162
47267,2.677023291565801
47268,3.7332390388524996
47269,2.326130321067543
47270,3.81201611398008
47271,1.2644454003198737
47272,3.530869920743478
47273,1.309728107475638
47274,3.131101396948027
47275,1.4357808001801429
47276,2.706239057497527
47277,2.342935176386776
47278,0.7419447798857546
47279,3.121616540265536
47280,0.601643441854638
47281,3.8352123331432644
47282,0.5763897132717585
47283,3.0858204820812225
47284,1.9919186378288711
47285,2.656010986468514
47286,4.082992313593384
47287,1.8920665239613264
47288,3.69226689254768
47289,-0.09285628659715872
47290,3.8185370010223996
47291,1.4530183916820538
47292,3.998751116973196
47293,3.8349456687381855
47294,3.1535086506567915
47295,3.5104988042734235
47296,1.8243729623025564
47297,3.5628523735775763
47298,0.7733438992472971
47299,2.450305971188083
47300,2.1177075894370017
47301,1.2657031165298491
47302,4.225568040796845
47303,3.0522745873882586
47304,3.552808045483
47305,3.010868349752706
47306,4.108632458266588
47307,3.4563277235692604
47308,4.142675156393924
47309,3.7957152714796405
47310,3.063531986083228
47311,4.0511376696863675
47312,1.9628139360927868
47313,3.156760073953621
47314,0.8564910942669565
47315,0.9969445986386605
47316,3.307238281881672
47317,0.31599079905782473
47318,4.361245241253191
47319,0.11808496780184011
47320,4.224846684832424
47321,0.12424806697247173
47322,3.6130591057117782
47323,1.7007497523922634
47324,3.426482953336189
47325,3.7938407866496915
47326,3.205900670487313
47327,3.9322317543245298
47328,1.0931556470495523
47329,3.604748437245087
47330,0.747621927820399
47331,3.555874355847061
47332,3.721308363809045
47333,3.6176145327240388
47334,4.2150345511553695
47335,4.140492146695434
47336,4.485012870375703
47337,3.1214551284001497
47338,2.651930841188238
47339,2.622800116790675
47340,0.8754194636517407
47341,1.5943283866471856
47342,0.6175470310168899
47343,0.225971796311117
47344,3.0016694598336557
47345,0.5977710744115379
47346,3.9744622577757487
47347,1.7481695723036133
47348,4.198788449406614
47349,2.6610152599463426
47350,3.6401765227529768
47351,3.52822567083658
47352,3.675005619088986
47353,3.4049609371306566
47354,4.309691186471848
47355,3.736849463574878
47356,0.8517721213896466
47357,4.096093991309645
47358,1.765102566185968
47359,3.1756393067682036
47360,1.9428166205542003
47361,2.622800116790675
47362,3.8734408498070185
47363,2.1445019251734165
47364,2.3824671118215233
47365,1.1202352338415293
47366,1.6853264993468215
47367,0.2720673926396632
47368,1.4809131567102067
47369,0.2741719964395089
47370,2.978089755885704
47371,1.720031089231207
47372,3.2639234092727376
47373,3.857991003585335
47374,3.573121885270866
47375,3.751964361100455
47376,3.8539068780676993
47377,3.86508332195893
47378,3.8539068780676993
47379,4.1429184180145
47380,3.9419828697817927
47381,3.1345440585230246
47382,4.075250122420554
47383,2.5462244413569697
47384,4.092644146392751
47385,0.8083443025856419
47386,3.1337627359663003
47387,1.45491309331745
47388,0.39911246061365957
47389,1.736070462715315
47390,1.8970504684748395
47391,3.561270352824219
47392,3.1824439127455153
47393,2.8665408973676563
47394,4.131719896720205
47395,3.7076673346989586
47396,3.4300714606758747
47397,3.8372461187056266
47398,3.513088454505588
47399,2.6745107991138664
47400,3.666398179365542
47401,1.7322977016308763
47402,4.050409835303362
47403,1.0542789792962886
47404,4.160662592237685
47405,0.709275502306615
47406,2.074826933246042
47407,0.11112715190348835
47408,3.0025743270182064
47409,3.437008505629697
47410,4.081134441830725
47411,3.5879045341303843
47412,3.5727895338999653
47413,3.9005481007637233
47414,3.7354275981547187
47415,4.205718078989554
47416,4.308211809218926
47417,3.167661364190453
47418,2.374552736504053
47419,0.3234908268624147
47420,1.7377008120373083
47421,0.16674082516967464
47422,1.2200609270872016
47423,3.7643706976388005
47424,0.2090185905234352
47425,3.6556329345810448
47426,0.6707386159180019
47427,3.6408570845540402
47428,4.21419775848067
47429,1.5099286397769835
47430,3.5910012298280862
47431,0.100802623748104
47432,3.8246730151026322
47433,0.17723965566075606
47434,3.9302773148805725
47435,0.6151028933357526
47436,4.381829369954983
47437,2.812730491731586
47438,3.9880672298658464
47439,3.8322573231844688
47440,2.5857527535476894
47441,3.9912813371700717
47442,0.29981586126456905
47443,3.6947149261625842
47444,0.2486737743072974
47445,3.9734636363763665
47446,0.6852269117795061
47447,3.3094696383529283
47448,3.575110527157106
47449,1.5006883190299634
47450,3.9302773148805725
47451,3.612103102507756
47452,0.9057901306041943
47453,3.6790966275079473
47454,0.5518058487653967
47455,3.6790966275079473
47456,0.7611672780243578
47457,3.762184233825073
47458,3.5535567650183544
47459,3.211352168979017
47460,3.733513628089103
47461,0.15688690482251272
47462,3.733513628089103
47463,0.09411334013970164
47464,4.176049506919528
47465,0.38135869187132265
47466,3.505389544273912
47467,3.4890767075935325
47468,3.0107469103204565
47469,3.532890125417133
47470,0.8455681492384436
47471,3.626788838652066
47472,0.7517749330772002
47473,3.7848700927166696
47474,1.6073936736855723
47475,3.7680551683266796
47476,2.1533372378336235
47477,3.1576327805940165
47478,3.2023346520240508
47479,2.574159146663059
47480,3.4364910916293914
47481,2.201554089237901
47482,3.7811241688315445
47483,1.6025010422304724
47484,3.9371143624269584
47485,1.1290625595359454
47486,4.115551148008485
47487,0.7944433923243096
47488,3.9009923938940916
47489,0.5869898605080732
47490,2.3448432727372515
47491,1.4426086011164452
47492,1.2975768223974413
47493,3.459431469602275
47494,1.3997882725205206
47495,3.7366283374177036
47496,1.561977888818586
47497,3.8891566089260627
47498,3.022801953954523
47499,3.428705238211613
47500,3.426954089977848
47501,2.402826971417978
47502,1.9121950780302188
47503,1.1031914137346335
47504,3.173430989764989
47505,0.2517887307866304
47506,3.173430989764989
47507,3.7926503756589516
47508,3.573122642040652
47509,3.9597446648010566
47510,3.9470480059355206
47511,3.971365664444779
47512,4.175998773348894
47513,0.03125960103269744
47514,3.8371812331771715
47515,0.48917598379732363
47516,3.2012374283132066
47517,3.9636400675430443
47518,0.3810389651575918
47519,4.096449436421452
47520,4.036865194569071
47521,2.240808525924926
47522,3.610665817867429
47523,3.493878327713067
47524,3.738673999067002
47525,3.738673999067002
47526,3.9219555481321153
47527,2.7466246073054217
47528,0.3253228729519002
47529,0.7306246675930786
47530,2.706439439863139
47531,3.6805399087772863
47532,3.6810554354910905
47533,3.4971496896140795
47534,1.8985651522613045
47535,0.10858448842005808
47536,0.58277985281999
47537,3.5987403946048464
47538,3.5930583983520075
47539,3.6278874946880166
47540,3.6859385154906295
47541,4.159399965012032
47542,3.2561243086658727
47543,2.5118999571315475
47544,0.607586049146569
47545,0.2962776835618695
47546,0.5571998722780385
47547,2.7896360770946305
47548,3.773086913818194
47549,3.5287191234841435
47550,3.5718625112112985
47551,3.3823479166777988
47552,2.539022294471818
47553,1.6491830335017241
47554,0.6817756771061119
47555,0.6817756771061119
47556,0.6608799604935642
47557,1.6160707546697264
47558,1.8544413597724925
47559,2.934935889909833
47560,3.1693235158516253
47561,3.4159201836075828
47562,3.5345588206692558
47563,3.6108292553193913
47564,2.1929084260223806
47565,2.2686818573530436
47566,1.8583877151989006
47567,1.8500272289651623
47568,0.9630593741948972
47569,2.625493895459226
47570,3.2044870194564616
47571,2.1918514297507126
47572,1.096679209597111
47573,0.04747656910326872
47574,3.939591591823519
47575,3.4620876761063704
47576,3.5628523735775763
47577,3.5628523735775763
47578,3.732234352474315
47579,4.0415075199026615
47580,4.31502084159077
47581,3.8360550892172793
47582,3.14646819749395
47583,2.0189370974835037
47584,0.8002550542820887
47585,0.3150924484772139
47586,0.14678572226907752
47587,0.16837692986243707
47588,1.683935194014356
47589,4.004918797075014
47590,3.047997447159271
47591,3.4000984099500897
47592,3.989186292450897
47593,3.8027926457568433
47594,2.03358973106091
47595,3.6176145327240388
47596,3.6176145327240388
47597,4.077019308315076
47598,3.8198127976043024
47599,2.0760128416249866
47600,3.6805420913992255
47601,3.736849463574878
47602,3.736849463574878
47603,3.8182588952540755
47604,1.6628174701956158
47605,3.427394626989832
47606,3.470538014716986
47607,4.23792399639163
47608,2.2421084674802416
47609,1.1850950322071434
47610,0.6419076489813341
47611,2.1556121877734937
47612,3.371625250436629
47613,3.5317082229898276
47614,3.997702622139802
47615,3.3745148771669897
47616,2.344799696233889
47617,2.139240174249755
47618,1.6291577534526855
47619,1.2942833057326726
47620,0.9638987845529546
47621,1.0347182725740927
47622,2.6933538325008404
47623,3.0188944474620354
47624,3.3720216342182114
47625,3.8372461187056266
47626,3.583736313420668
47627,3.2062697542028284
47628,0.1668797014378094
47629,0.04747656910326872
47630,0.5389891294499322
47631,1.6893876273420074
47632,3.684007718684613
47633,3.522548731203315
47634,3.5879045341303843
47635,3.5879045341303843
47636,3.6511154543178312
47637,4.112799796588838
47638,2.569762113963614
47639,1.955917965058013
47640,1.404658381697411
47641,0.8536406790067785
47642,0.1551841006542782
47643,0.5702552017824198
47644,1.7206536996744957
47645,2.6957266374195554
47646,3.3680936848264635
47647,3.6556329345810448
47648,3.9083876779514686
47649,2.1620485873001556
47650,0.2880721551442733
47651,3.6796343879308453
47652,3.6001830720485226
47653,3.6947149261625842
47654,4.012747107241351
47655,4.301191126895647
47656,1.0176358195980846
47657,0.7938216824994158
47658,-0.002478291771621963
47659,-0.069364683805079
47660,1.4139579786334582
47661,3.48651400178629
47662,3.6915544183900786
47663,3.568289684684155
47664,3.6790966275079473
47665,3.874828396852268
47666,2.622800116790675
47667,2.1703988443227695
47668,0.885747309529427
47669,0.3281792071315885
47670,1.5046804238582798
47671,2.5134667146420644
47672,2.710063633678391
47673,3.6320905976343285
47674,3.9252595934986774
47675,0.6078855771206209
47676,1.7546692883527752
47677,2.1742110134109547
47678,2.841953371781308
47679,3.216290708509343
47680,3.4156180517786745
47681,3.660357902767568
47682,3.7366283374177036
47683,4.028102955945199
47684,4.0710490740482035
47685,3.7723707996878493
47686,1.4220214596442788
47687,0.3415657979995794
47688,1.168592275569081
47689,1.434640870825508
47690,2.037098097400755
47691,3.3821131173180654
47692,3.7926503756589516
47693,3.8659678507246875
47694,3.247955034992624
47695,2.217567295720119
47696,1.830014089810862
47697,0.15066273336723812
47698,2.7906133552795613
47699,3.169699890737898
47700,3.4352040642732815
47701,3.472333161679847
47702,3.482889918324971
47703,3.482889918324971
47704,3.576666042174106
47705,4.237153389231155
47706,3.7423252819358934
47707,1.7516419484363914
47708,2.7065046810989286
47709,4.539381849615603
47710,4.181117074987663
47711,4.873287512963626
47712,4.368818174443275
47713,3.5340596988405246
47714,3.0573477410169008
47715,3.250650584907458
47716,5.387570027153585
47717,5.516410553320977
47718,3.577411688585811
47719,3.5225365213555064
47720,2.302741410500328
47721,2.7043431894647862
47722,4.271655445572194
47723,4.214489798387202
47724,3.0748055909432797
47725,2.4460427300346237
47726,3.7853393821330954
47727,4.5109257096188635
47728,3.873558578726755
47729,3.9938350982243938
47730,4.666322754013515
47731,3.0246384084569655
47732,3.967368019150483
47733,3.9896043880176535
47734,4.175198023534305
47735,4.175198023534305
47736,1.737200574196231
47737,1.5250560698775835
47738,2.884183648508828
47739,4.911737429587421
47740,4.261183686253229
47741,4.968365141686886
47742,3.6861870672702253
47743,2.8023015775252498
47744,1.5668854073396874
47745,1.561535128355252
47746,2.9180774397269955
47747,4.756510082367919
47748,4.561294213082981
47749,4.473959674957313
47750,5.248305486831919
47751,4.403835587596415
47752,3.5161167414441272
47753,3.4615009185566183
47754,1.282999227185176
47755,1.0871928111922853
47756,3.7958411897410587
47757,4.653056576733253
47758,4.4898969504497055
47759,5.372171257990545
47760,5.388853031816274
47761,3.5517949176059753
47762,3.620394131022824
47763,2.1729610739092107
47764,1.6114362474087784
47765,3.134277351972219
47766,4.361882947027218
47767,4.5395539719711335
47768,5.241067821248503
47769,5.317338255898638
47770,5.402554869738658
47771,2.015200853154128
47772,1.9261067834485273
47773,2.1629468268786005
47774,2.754671510504878
47775,3.831407674053419
47776,4.296965610114586
47777,4.517001461207487
47778,4.600672454432112
47779,4.691385445426498
47780,3.691025926546405
47781,1.2865005357925308
47782,2.5497229617368653
47783,4.062203423090094
47784,3.923936013578749
47785,4.258651709059214
47786,4.258651709059214
47787,4.333450078139973
47788,4.451123486542719
47789,3.869266129853126
47790,3.213165402074384
47791,4.470322794568329
47792,4.591368937569875
47793,4.010603090738999
47794,3.9241439890808776
47795,3.9204247455359305
47796,4.768154369711355
47797,3.109560030579049
47798,2.0424301713540185
47799,0.8238721128459113
47800,2.5596091989712657
47801,3.790217842730798
47802,5.6692328641996035
47803,6.021330426343615
47804,3.05851650770038
47805,1.3303824513479021
47806,3.905803997851869
47807,4.015476508571893
47808,5.383815844395044
47809,1.155832657920727
47810,4.679250474941529
47811,5.63583959281097
47812,5.845487084847919
47813,3.6185330932649324
47814,3.5249925755246316
47815,1.4972723531936731
47816,4.068173014566604
47817,4.310135507966016
47818,4.074220006387456
47819,4.150490441037592
47820,4.486184771858408
47821,3.460884876729999
47822,2.1042109823119706
47823,2.478537944424797
47824,2.6041788461662834
47825,4.0063248778719185
47826,4.048711055907351
47827,3.859324713630358
47828,3.006683461794552
47829,2.4877923965890223
47830,3.7389139546859553
47831,4.494334058330913
47832,3.663553382409349
47833,3.6875564120133575
47834,4.444038551858756
47835,3.1681622984691504
47836,2.6089971719816334
47837,2.5653836789503552
47838,1.3531124384820075
47839,4.068521899564004
47840,3.927914226783424
47841,4.227619214965212
47842,4.555151554573214
47843,3.6194260560977787
47844,1.2546856998569873
47845,4.235471080301864
47846,4.954335749712728
47847,4.954335749712728
47848,5.680253537035489
47849,5.022398114811238
47850,3.8826003189886076
47851,1.3745630954616126
47852,4.327705511543141
47853,4.486295068355787
47854,5.129166593271042
47855,5.2770735387554195
47856,5.562490558559979
47857,4.29646687166126
47858,2.690933295947769
47859,0.8833253535094072
47860,4.249897034678331
47861,4.189312032615357
47862,4.142486491851639
47863,4.43537314926952
47864,1.422879681220426
47865,3.077203478709456
47866,4.167263818058303
47867,4.343393043317444
47868,3.5780698336930863
47869,1.9839398136414106
47870,1.7202489803289367
47871,1.8515117744420206
47872,1.9990713809696068
47873,4.699700282627708
47874,4.784640249293619
47875,2.510479287070462
47876,3.790463778481598
47877,4.142787586190841
47878,4.977860549824184
47879,2.8787432481362205
47880,0.7540465770126565
47881,1.0710882099561567
47882,2.304543600502135
47883,4.6366977752770016
47884,4.489728328966189
47885,4.107369371567147
47886,4.6976158937617205
47887,2.4743800779070457
47888,1.5436147805035347
47889,0.7890675355004158
47890,0.5893859751696787
47891,1.0190821861800177
47892,4.322864699969962
47893,4.988865010696032
47894,4.988865010696032
47895,2.5755389938344107
47896,1.312572978590679
47897,3.624091698145998
47898,4.185659247851677
47899,3.9135164174542703
47900,5.407395142667234
47901,5.692812162471793
47902,6.058100680719564
47903,5.641125664609671
47904,1.8276923815027049
47905,0.811070205527213
47906,1.2179231502142935
47907,4.220683875374001
47908,5.454219569372089
47909,4.607335335786056
47910,3.810488992488913
47911,2.835347817109766
47912,1.3083363238686923
47913,2.695320319861361
47914,3.9297681353159364
47915,4.656759021829282
47916,5.3234778260353455
47917,5.555024747024023
47918,3.5611225863274707
47919,2.81675485154053
47920,1.695277047247861
47921,1.3157761610487182
47922,1.8416456331433728
47923,2.6058398306256847
47924,3.42129642223757
47925,3.703122947839083
47926,4.0355466237174085
47927,4.078602831849287
47928,4.314268249973539
47929,4.5355921310242255
47930,2.796390292602228
47931,2.013254635023115
47932,1.07447760505606
47933,2.3444377762381006
47934,4.169066646654103
47935,3.8463400705873467
47936,3.8463400705873467
47937,4.175330488640954
47938,4.57581066589422
47939,4.920801600261247
47940,4.648218539311744
47941,2.9659921649694883
47942,0.8390060966417471
47943,2.5163056009522187
47944,3.6324535237485454
47945,4.472452288978441
47946,4.175281671513343
47947,3.9001263911376536
47948,3.9001263911376536
47949,4.704704511110011
47950,2.548331499141445
47951,3.7242734603757524
47952,4.515154996839286
47953,4.242390477046431
47954,5.008516729326491
47955,1.5825468028609915
47956,0.8185540973071125
47957,0.6434374278297854
47958,0.9648336264139646
47959,3.525406533682589
47960,4.243237312056115
47961,3.7334240319485485
47962,4.343643514194648
47963,4.210497089682065
47964,3.9029303762710956
47965,4.97413101873441
47966,3.897808870106765
47967,2.7029211906643216
47968,1.752355451317156
47969,1.1674590116281298
47970,2.325516242820828
47971,3.4221836429865014
47972,3.9859478612901076
47973,4.005952885377583
47974,4.613519631099611
47975,2.7543933748211447
47976,1.5915859185312422
47977,1.401944545220605
47978,4.300981019810365
47979,4.037944308736798
47980,5.381230699875904
47981,3.0297845497654783
47982,1.3329919196443325
47983,1.0619960571552685
47984,3.5994856566768423
47985,3.931909332555162
47986,4.53959001378586
47987,4.623261007010485
47988,4.708200973676396
47989,4.191342118549492
47990,3.430395545858003
47991,2.7811858697057814
47992,0.6455589012178579
47993,3.7165732821645032
47994,4.163798127451504
47995,3.9855152930212214
47996,4.039187156420478
47997,4.452126861511491
47998,4.888774783482946
47999,2.765937290051079
48000,4.016165371639042
48001,4.224260462714816
48002,4.678126649299843
48003,5.138953326345399
48004,2.874967266749029
48005,2.4291036720917933
48006,2.1087677944317833
48007,2.048524928879696
48008,2.698790492815153
48009,3.796485743079282
48010,5.242159855225545
48011,5.318430289875679
48012,5.638448662774645
48013,4.032674697516019
48014,3.4058723396257813
48015,2.239447233523798
48016,1.7959856174138564
48017,2.0547714421206313
48018,2.8679295801081097
48019,4.366418719286355
48020,4.042303392023138
48021,4.042303392023138
48022,4.388873782606213
48023,4.182251839946164
48024,3.7028206945073103
48025,3.1637899783982784
48026,1.2892134390016092
48027,4.048386689719574
48028,3.9619275880614566
48029,4.310690189401728
48030,4.214340571822552
48031,3.6555895048410925
48032,3.4057933371319358
48033,3.3217570183156537
48034,1.7430437551950038
48035,4.650781166453636
48036,3.8446685481211467
48037,4.39560932614453
48038,4.7305623642734
48039,5.071285659985161
48040,4.607340651325371
48041,4.071490846232911
48042,3.765494514041872
48043,1.5250560698775835
48044,1.873766076579933
48045,4.136836436169741
48046,3.9960433709895318
48047,3.7615259917983015
48048,4.261183686253229
48049,4.261183686253229
48050,4.128816540836168
48051,4.347308009958243
48052,5.326299264279491
48053,3.76276096636552
48054,3.4822903669258163
48055,1.9489167336712985
48056,1.9074279347650367
48057,4.001484236384097
48058,5.248305486831919
48059,4.842188105265354
48060,4.466204907524223
48061,5.388853031816274
48062,5.393219266467623
48063,5.678636286272183
48064,5.888283778309132
48065,5.826631400200356
48066,5.5106601600096345
48067,1.6262861814007454
48068,2.655834110345159
48069,3.4462449827133375
48070,3.6564706803275846
48071,3.5024034764697722
48072,2.493726704210101
48073,2.948925778210601
48074,4.2545794320791535
48075,4.294250749232247
48076,4.423829533238914
48077,4.423829533238914
48078,4.139562042320937
48079,2.8306459071317183
48080,2.739487608854885
48081,0.870311523650217
48082,4.070518888797521
48083,4.258651709059214
48084,4.685553219264391
48085,2.895444966663446
48086,2.948202036029068
48087,1.8139038011417354
48088,1.4841980782033577
48089,2.85396223598625
48090,3.69419175991474
48091,3.9204247455359305
48092,4.092478035870724
48093,4.655915707501355
48094,2.9332443020171577
48095,1.2056211254786193
48096,1.289417094756164
48097,4.449408803495858
48098,5.408815147239115
48099,5.408815147239115
48100,5.408815147239115
48101,5.880230162530367
48102,5.4719906131288125
48103,3.4195663198216786
48104,2.309022515780927
48105,1.08238709658378
48106,0.8900043573600073
48107,2.600342622529941
48108,4.607436750017783
48109,4.015476508571893
48110,4.323572652898675
48111,1.5040438243844232
48112,2.8345840950187715
48113,4.733982632016827
48114,5.026391475969561
48115,5.04307324979529
48116,5.04307324979529
48117,5.08666578297556
48118,4.820999969593787
48119,4.169858741673506
48120,1.5135901663981197
48121,2.4652836214344513
48122,2.9938862053266146
48123,4.150490441037592
48124,4.36414666240474
48125,4.738796079830477
48126,4.004251722447929
48127,3.35002800697063
48128,2.8429117588558013
48129,1.7762511083990256
48130,2.2171760006157157
48131,3.4140147276744393
48132,3.6893203480797117
48133,4.079924424847197
48134,4.2003935078228025
48135,3.9845087613790455
48136,3.6482087632685483
48137,2.915525163517719
48138,2.157961115367333
48139,1.2329029476674593
48140,1.157297551129361
48141,1.5138796052961867
48142,4.307805438765662
48143,3.845618319712421
48144,3.700682479815914
48145,3.6875564120133575
48146,4.768299518299564
48147,4.68499573665473
48148,3.9001561547316177
48149,1.101198654467434
48150,0.9239242562103076
48151,2.6230726096640464
48152,3.9033435252136517
48153,4.3596399161222115
48154,4.068521899564004
48155,4.068521899564004
48156,2.9759962697633915
48157,2.0464522426520313
48158,1.0189935878010017
48159,0.9630544738595215
48160,1.4069487607361764
48161,2.685902403835056
48162,4.127317641707827
48163,5.073068505208998
48164,3.2412214337559493
48165,2.9119882672545585
48166,2.9368362944277453
48167,0.8656516451307078
48168,4.555925335786829
48169,4.45146597201978
48170,5.129166593271042
48171,5.875132176531703
48172,4.696512980818567
48173,1.1634483291012832
48174,2.367528681108782
48175,4.257398625051734
48176,4.10269164598738
48177,4.695711874262755
48178,4.499446482822378
48179,3.5707362967624747
48180,3.05482727080896
48181,1.3896524118695293
48182,1.3725816517726683
48183,2.440164973581238
48184,3.6230386368812804
48185,3.9128610965082684
48186,4.12412043033115
48187,4.267122608667309
48188,3.8789430364453916
48189,4.010791993544201
48190,4.13064056329643
48191,3.3414998342328612
48192,2.8470638745396593
48193,2.692048865923237
48194,2.9824136387897604
48195,3.0247998168251935
48196,3.7720118255646224
48197,3.854882304755548
48198,3.854882304755548
48199,2.8461130144873494
48200,2.1314664404566668
48201,4.040338902012409
48202,4.224285719875846
48203,4.593109240591391
48204,3.8492312922432674
48205,2.533205668686161
48206,2.228659948578183
48207,0.6767286314941886
48208,3.7868978686315966
48209,3.7097125643133384
48210,1.6099397957918382
48211,4.107369371567147
48212,1.4636041851730253
48213,4.514517955998234
48214,1.7715838439215756
48215,3.042617308274951
48216,4.66698164595498
48217,2.5604431725549177
48218,4.310162473052274
48219,0.5546640971419733
48220,4.148864362065587
48221,2.278144365445497
48222,4.148864362065587
48223,4.29166568130439
48224,4.148864362065587
48225,4.189766521372549
48226,4.285604625035249
48227,5.8038311937967
48228,4.8684424267044095
48229,5.603223407056663
48230,3.770915851406835
48231,5.268066648653114
48232,3.813724431912471
48233,1.0946895467131956
48234,2.0801913211513625
48235,4.447071769405097
48236,4.936423883147196
48237,4.229472665675277
48238,5.026919544608992
48239,3.9135164174542703
48240,5.070062932336145
48241,2.719355770669643
48242,5.318430289875679
48243,2.6863595765375154
48244,4.393156502441631
48245,1.2189274002244537
48246,3.5943573216802496
48247,3.594270623526634
48248,2.4381515320380327
48249,4.41570446239768
48250,1.9808530910284523
48251,4.177627358167606
48252,3.7337482441522765
48253,5.117425979378986
48254,4.400490605930641
48255,5.134107753204715
48256,3.9127246080164673
48257,5.134107753204715
48258,4.298160791611827
48259,5.929952366581215
48260,4.568204497742809
48261,4.850223784978772
48262,3.3746795439332575
48263,2.6849830309480116
48264,1.5080798717493256
48265,1.2345374920265013
48266,1.355935872120347
48267,1.2189346111421195
48268,1.7929736053231808
48269,2.9725734775190755
48270,2.848978453336569
48271,3.4328444453403817
48272,4.363956263308051
48273,4.686321151663673
48274,3.9990566854680205
48275,4.19053441290279
48276,3.873558578726755
48277,2.7862758340163953
48278,3.873558578726755
48279,1.9891034356763815
48280,4.631213038478362
48281,1.2176164745401497
48282,2.4761977835737006
48283,4.443847033980206
48284,1.49734370854312
48285,4.443847033980206
48286,1.3228337058481914
48287,0.6472049229992413
48288,1.7301710809070057
48289,0.6219412110217323
48290,2.7294587278862785
48291,4.001152636081923
48292,4.367724213969465
48293,3.8463400705873467
48294,3.8075394507145814
48295,3.8036570642370435
48296,4.175198023534305
48297,1.6194244602456211
48298,4.865041546646503
48299,0.9899908389358943
48300,3.655323955716849
48301,1.2463454297701784
48302,3.3582053458581607
48303,4.31811609461046
48304,2.6035113535300285
48305,4.057212041714114
48306,4.7841376332480445
48307,4.332324558860528
48308,3.79635508813431
48309,3.9255483520611074
48310,3.7362945165715757
48311,1.660002103556086
48312,4.444233226268868
48313,0.8366831337687227
48314,4.373626247949735
48315,4.331723483735415
48316,4.416769635676888
48317,4.198577059222831
48318,5.248305486831919
48319,3.9313247686398536
48320,4.118418567791856
48321,3.9313247686398536
48322,4.769124105844186
48323,3.9313247686398536
48324,5.796268667184713
48325,5.27126971209425
48326,5.388029117783159
48327,5.880600429598088
48328,3.3276707452860372
48329,3.868718933503862
48330,2.218852517610646
48331,2.734393357947046
48332,1.637420488932567
48333,2.106463951356376
48334,1.4354039776559815
48335,4.254310507505664
48336,2.6663721947225376
48337,4.710180875039162
48338,4.379846862733313
48339,3.0694911688777076
48340,4.41467595906932
48341,2.669924996532194
48342,4.9844817243894965
48343,0.8034777175069602
48344,3.619438516196923
48345,3.4501936009710548
48346,2.4790302122994468
48347,4.128971885091486
48348,1.7385853875617208
48349,4.2230220757842725
48350,3.9186759723380122
48351,4.5062783381687845
48352,4.504724875635127
48353,4.785201465584026
48354,5.317338255898638
48355,3.191531924153538
48356,5.53139539590605
48357,2.9047581609829
48358,5.653433505359718
48359,1.91125629189545
48360,4.612245111048539
48361,1.3066342975016105
48362,4.302068732931876
48363,1.3848737851237432
48364,3.877317592446973
48365,2.3528850533645236
48366,3.67941868025562
48367,3.0966756025759974
48368,2.7996205794778697
48369,5.626336311168489
48370,1.8521884323563476
48371,5.383498491853605
48372,3.9375749022869497
48373,2.614512642594788
48374,4.475209273308634
48375,2.5505819808719004
48376,3.1386097028337905
48377,1.941962420030384
48378,1.2194605345125826
48379,0.9760439464580052
48380,0.8301137604501181
48381,2.137300023714724
48382,0.685571628229013
48383,2.2962150021716874
48384,4.752520743214278
48385,3.9749655406870437
48386,4.548396727163996
48387,4.31683930181062
48388,3.9610651109853134
48389,4.446418085817287
48390,5.074500969519842
48391,2.4156322034037108
48392,4.818853978620332
48393,2.1539879488195424
48394,1.2898111680519242
48395,1.2205271934347095
48396,1.0837181610437867
48397,0.732983796589473
48398,0.9872827146379561
48399,1.1796831700258572
48400,3.9612730864874424
48401,4.039187156420478
48402,3.9204247455359305
48403,4.039187156420478
48404,4.4274310739995935
48405,3.8098969627125503
48406,5.033150188553587
48407,3.8915477060461012
48408,3.3541671103185147
48409,0.9782433048137793
48410,4.539338025016067
48411,4.691070681477377
48412,4.553868167262907
48413,4.484237899831865
48414,5.383815844395044
48415,4.926149600611007
48416,3.325506326361371
48417,1.424811383271645
48418,4.7734111556238
48419,4.510635958017229
48420,4.40617659425018
48421,4.441005690586187
48422,4.015476508571893
48423,5.6692328641996035
48424,6.021330426343615
48425,4.73181220230023
48426,3.777731640380867
48427,3.5266700171752103
48428,3.4067131045655503
48429,3.5468275997542684
48430,2.252976363228525
48431,1.7232259895702164
48432,1.2726928786188787
48433,4.120918023412312
48434,4.4253483028302005
48435,4.335022461137181
48436,4.369851557473188
48437,5.35042257300641
48438,3.59359178894148
48439,2.292718795200944
48440,1.9483373659530396
48441,1.597874644915244
48442,2.782458244789464
48443,3.351283843579093
48444,4.275306411630009
48445,4.235306136237348
48446,4.4286197017138145
48447,3.443794044056244
48448,2.4424748194555153
48449,1.8356967685214545
48450,3.751877987369706
48451,3.8347484665606313
48452,3.8347484665606313
48453,3.9723998533744207
48454,3.2305049299476782
48455,1.385046947296438
48456,3.6875564120133575
48457,4.062531264214898
48458,5.028785412312534
48459,1.7616630658537349
48460,0.8951056474592958
48461,4.566635477530711
48462,4.609649787189776
48463,4.4491799996766686
48464,4.322510818715648
48465,4.716402014914625
48466,4.322306912447871
48467,3.220603349502857
48468,2.816036235700692
48469,3.4204913023516066
48470,4.055988382709956
48471,4.133571920370024
48472,4.176715308097177
48473,4.954335749712728
48474,5.322764306422286
48475,4.75844797111599
48476,2.1040176850878862
48477,1.032138808773748
48478,1.3436719660463268
48479,2.6136321372283664
48480,3.6471661492171434
48481,3.8178922314355708
48482,5.129166593271042
48483,3.581143348327718
48484,2.9649212044344293
48485,2.7834538608042094
48486,2.2613699394512214
48487,1.2920826415765225
48488,0.8842254468792821
48489,3.5096101294635957
48490,4.275511937548905
48491,4.23245542034251
48492,4.1137478382151675
48493,4.142486491851639
48494,4.280632643811273
48495,2.7882145072753173
48496,2.6356758102917275
48497,1.9915200485220603
48498,1.7078313022500577
48499,2.7916674541732363
48500,4.343393043317444
48501,2.8836628572541527
48502,2.6916913646567053
48503,2.7920377333694577
48504,2.785787692982815
48505,2.4578757148300663
48506,1.5960358307934184
48507,1.5407533799197646
48508,2.2168951580606446
48509,4.616029289403083
48510,4.395115792319629
48511,4.012526038077154
48512,3.359329236212207
48513,1.351942319356401
48514,0.6472049229992413
48515,0.5159591290668382
48516,0.3188452147275737
48517,0.7369379987769236
48518,1.9978260578350129
48519,4.5844487195177335
48520,4.558047723124334
48521,4.098631720986123
48522,4.003209804605845
48523,4.142787586190841
48524,4.142787586190841
48525,3.907430628698508
48526,4.63407087416638
48527,1.407733108972246
48528,0.9588509103232509
48529,3.521170383458706
48530,3.558299480865271
48531,4.107369371567147
48532,4.167548484338869
48533,4.8652505532324
48534,4.907119867022447
48535,3.873525999154881
48536,3.5217521545034702
48537,4.358346652620991
48538,4.232909909099702
48539,4.988865010696032
48540,5.160924943378937
48541,5.446341963183497
48542,4.411498412204385
48543,3.0694911688777076
48544,2.608535187966539
48545,1.8153469658051526
48546,0.882451262012373
48547,0.9405318484554115
48548,2.5825331497727193
48549,4.414973234609532
48550,4.3188056723642605
48551,3.9135164174542703
48552,5.305968906206122
48553,4.465682590572439
48554,3.111822668032382
48555,0.8915608328938662
48556,2.448891367280851
48557,4.314416983539168
48558,4.134483970440453
48559,5.739636589176649
48560,3.0536324967319746
48561,1.967288764566648
48562,1.6054868287925752
48563,2.1637604205107106
48564,4.141027469138817
48565,4.18417085686597
48566,4.686321151663673
48567,5.452318352202737
48568,4.521257598686202
48569,3.0581631951521633
48570,1.303568585237413
48571,2.3640653511050806
48572,4.61926312424885
48573,4.704203090914762
48574,4.397172960843551
48575,4.014583206601076
48576,3.361386404736128
48577,2.274898889607284
48578,1.351942319356401
48579,0.5159591290668382
48580,3.218513765097452
48581,4.074452266680589
48582,4.096574552462202
48583,4.038281733488487
48584,3.9183159184460705
48585,2.437979310318406
48586,2.3354079878034795
48587,0.7851865056253
48588,4.595335614120337
48589,4.212410768919907
48590,3.9001263911376536
48591,5.093427922325754
48592,4.749638246667949
48593,3.0175557446422356
48594,2.721239284500259
48595,2.517807597822761
48596,0.888356297563678
48597,0.6645891590650508
48598,1.2783713279594053
48599,4.57126999580108
48600,5.496846210916355
48601,4.744566585631243
48602,2.1408281899425803
48603,0.628084505351817
48604,2.2347937975960073
48605,3.9029303762710956
48606,3.9029303762710956
48607,4.0058724354910655
48608,4.2648937397075946
48609,4.661838914493086
48610,0.8926008340604364
48611,1.0945480257542677
48612,4.070126494936818
48613,4.113939912760418
48614,4.002629635115837
48615,4.002629635115837
48616,4.264974189594114
48617,3.904006445269828
48618,2.819422444918283
48619,3.59214868831554
48620,4.093847622746959
48621,4.344794437633965
48622,3.961673874086659
48623,4.037944308736798
48624,5.510071226043296
48625,5.034709735352736
48626,4.299518702643654
48627,1.6538884590138387
48628,1.6000731050612287
48629,2.8684414201759973
48630,4.446418085817287
48631,4.541692016700473
48632,0.776804695150261
48633,2.4770760097200095
48634,4.480660426709255
48635,3.87105294060196
48636,4.022644390427787
48637,4.057570912393562
48638,4.8209503822270365
48639,4.5115403024307135
48640,2.298770252169731
48641,1.6099397957918382
48642,4.251147682658062
48643,4.181117074987663
48644,4.224260462714816
48645,4.148864362065587
48646,4.8684424267044095
48647,5.138953326345399
48648,4.801818076335784
48649,3.742254995284629
48650,2.698790492815153
48651,5.070062932336145
48652,5.318430289875679
48653,5.516410553320977
48654,4.393156502441631
48655,3.3344029029979394
48656,3.5228878850524077
48657,2.366682095410191
48658,2.0547714421206313
48659,1.9808530910284523
48660,3.7337482441522765
48661,4.366418719286355
48662,4.400490605930641
48663,4.042303392023138
48664,4.042303392023138
48665,4.298160791611827
48666,4.388873782606213
48667,4.110782403318322
48668,3.6313512578794684
48669,3.0033361543154378
48670,2.374573293406782
48671,1.2892134390016092
48672,3.9990566854680205
48673,4.666322754013515
48674,4.631213038478362
48675,1.49734370854312
48676,1.7301710809070057
48677,2.7294587278862785
48678,4.647288107922518
48679,4.364231155438347
48680,4.39560932614453
48681,4.865041546646503
48682,3.69402507741403
48683,2.5320419169021866
48684,1.5250560698775835
48685,3.79635508813431
48686,4.261183686253229
48687,4.261183686253229
48688,4.896895705059044
48689,1.9489167336712985
48690,1.561535128355252
48691,2.9180774397269955
48692,5.248305486831919
48693,4.770718668637512
48694,3.4446473048162853
48695,2.147383080982804
48696,1.0871928111922853
48697,3.7958411897410587
48698,4.4429876029697315
48699,4.629839272178761
48700,4.41115791403212
48701,4.41467595906932
48702,5.678636286272183
48703,3.5479690795690813
48704,3.4803254809781334
48705,1.7385853875617208
48706,1.6262861814007454
48707,1.6114362474087784
48708,3.134277351972219
48709,3.9186759723380122
48710,5.653433505359718
48711,4.230599296304034
48712,3.805848155819131
48713,3.607949243627778
48714,3.4309340398419303
48715,3.9375749022869497
48716,4.2545794320791535
48717,4.296965610114586
48718,4.423829533238914
48719,4.600672454432112
48720,4.691385445426498
48721,3.0671402662059486
48722,2.7591764705038764
48723,0.8301137604501181
48724,4.258651709059214
48725,4.685553219264391
48726,5.074500969519842
48727,1.2898111680519242
48728,1.4841980782033577
48729,2.85396223598625
48730,3.9204247455359305
48731,3.9204247455359305
48732,4.584446270873513
48733,3.8200782694182593
48734,3.282697673690673
48735,3.0380905939512073
48736,4.553868167262907
48737,4.449408803495858
48738,5.408815147239115
48739,5.6692328641996035
48740,5.400521176500971
48741,3.3480968831938367
48742,3.2540368897335292
48743,2.987047071072538
48744,1.08238709658378
48745,1.3303824513479021
48746,4.584219445463291
48747,4.750193851069309
48748,4.73181220230023
48749,3.7062622037530253
48750,1.7232259895702164
48751,1.5040438243844232
48752,4.369851557473188
48753,5.04307324979529
48754,5.63583959281097
48755,3.5221223523136382
48756,1.5135901663981197
48757,2.4652836214344513
48758,2.782458244789464
48759,4.068173014566604
48760,4.275306411630009
48761,4.074220006387456
48762,4.150490441037592
48763,4.486184771858408
48764,4.357150265085973
48765,3.389415440102157
48766,2.4424748194555153
48767,1.7762511083990256
48768,4.048711055907351
48769,3.8347484665606313
48770,3.859324713630358
48771,4.2003935078228025
48772,3.1590354933198364
48773,2.9352140251667103
48774,2.086491678739491
48775,1.2329029476674593
48776,1.5138796052961867
48777,3.7866035293182074
48778,3.663553382409349
48779,3.6875564120133575
48780,3.6875564120133575
48781,3.828686718103776
48782,3.0966928618413085
48783,2.5375277353537915
48784,3.9033435252136517
48785,4.586432482635284
48786,4.068521899564004
48787,3.547956619469937
48788,2.74456679907285
48789,1.9749828060241894
48790,3.4204913023516066
48791,4.123824583176709
48792,4.052495324178838
48793,4.954335749712728
48794,5.073068505208998
48795,5.022398114811238
48796,2.8653668577999034
48797,2.0325482484600443
48798,1.3745630954616126
48799,0.8656516451307078
48800,2.6136321372283664
48801,3.6471661492171434
48802,4.45146597201978
48803,5.129166593271042
48804,5.129166593271042
48805,5.875132176531703
48806,3.5096739116998763
48807,2.7119844241763675
48808,2.1899005028233796
48809,0.8833253535094072
48810,1.1634483291012832
48811,2.367528681108782
48812,4.246403976147213
48813,4.23245542034251
48814,4.1137478382151675
48815,4.167263818058303
48816,4.343393043317444
48817,4.343393043317444
48818,4.13064056329643
48819,3.2700303976050193
48820,2.812193420626311
48821,2.720568296741616
48822,2.3864062782022244
48823,1.9839398136414106
48824,2.2168951580606446
48825,2.692048865923237
48826,3.7720118255646224
48827,0.7369379987769236
48828,4.534830418569842
48829,4.142787586190841
48830,4.593109240591391
48831,4.977860549824184
48832,1.3362636723444044
48833,0.7540465770126565
48834,0.6767286314941886
48835,3.7868978686315966
48836,4.633204716745883
48837,3.650697773919126
48838,4.107369371567147
48839,4.107369371567147
48840,4.107369371567147
48841,4.907119867022447
48842,3.802056562527039
48843,2.971147871647109
48844,2.278144365445497
48845,4.189766521372549
48846,4.232909909099702
48847,4.988865010696032
48848,5.446341963183497
48849,5.8038311937967
48850,5.196597212025272
48851,4.340028975576543
48852,2.537065751338697
48853,1.743877529177311
48854,0.882451262012373
48855,2.5825331497727193
48856,3.9135164174542703
48857,3.9135164174542703
48858,3.9135164174542703
48859,4.394213153944597
48860,2.647886334041801
48861,1.2179231502142935
48862,2.448891367280851
48863,3.594270623526634
48864,4.3109239250080496
48865,5.134107753204715
48866,5.454219569372089
48867,5.739636589176649
48868,5.929952366581215
48869,4.850223784978772
48870,4.535865899158214
48871,3.7390195558610713
48872,1.8958193279388063
48873,1.2345374920265013
48874,2.695320319861361
48875,2.9725734775190755
48876,3.4328444453403817
48877,4.686321151663673
48878,4.686321151663673
48879,4.521257598686202
48880,2.9866937585243214
48881,2.745285414912688
48882,1.3157761610487182
48883,1.303568585237413
48884,1.2176164745401497
48885,2.6058398306256847
48886,4.0355466237174085
48887,4.704203090914762
48888,4.397172960843551
48889,3.2899169681082863
48890,2.2034294529794423
48891,1.9417851983952736
48892,0.6219412110217323
48893,1.07447760505606
48894,4.07095920814947
48895,3.8463400705873467
48896,3.8463400705873467
48897,3.8463400705873467
48898,3.9183159184460705
48899,4.175330488640954
48900,4.920801600261247
48901,3.7321876276092016
48902,2.8945227283416464
48903,2.2639385511756376
48904,0.7851865056253
48905,4.449234984423949
48906,4.5721183095658455
48907,4.212410768919907
48908,3.9001263911376536
48909,3.9001263911376536
48910,4.678168810040107
48911,3.8540789154332655
48912,2.9460863080143938
48913,2.649769847872417
48914,2.446338161194919
48915,1.5885326669282442
48916,0.888356297563678
48917,1.2783713279594053
48918,2.548331499141445
48919,4.491937692284794
48920,3.9313247686398536
48921,3.9313247686398536
48922,5.008516729326491
48923,3.79724949687602
48924,2.0693587533147384
48925,0.6434374278297854
48926,2.2347937975960073
48927,3.710206727394057
48928,4.264904477777063
48929,4.254310507505664
48930,3.9029303762710956
48931,2.9980217322498657
48932,1.6808860146893143
48933,1.1674590116281298
48934,1.0945480257542677
48935,4.144283039366687
48936,3.9859478612901076
48937,4.002629635115837
48938,4.005952885377583
48939,4.264974189594114
48940,4.5062783381687845
48941,4.785201465584026
48942,4.542050194471769
48943,2.6829239381933028
48944,2.3528850533645236
48945,3.59214868831554
48946,3.961673874086659
48947,4.037944308736798
48948,5.626336311168489
48949,5.383498491853605
48950,2.9583151131376364
48951,1.3329919196443325
48952,2.2962150021716874
48953,3.5994856566768423
48954,4.53959001378586
48955,4.11987268192165
48956,2.7097164330779395
48957,2.344162766775869
48958,0.776804695150261
48959,0.732983796589473
48960,1.1796831700258572
48961,2.4770760097200095
48962,3.9855152930212214
48963,4.039187156420478
48964,4.057570912393562
48965,4.452126861511491
48966,3.7384275260847084
48967,2.227300815541889
48968,2.7065046810989286
48969,4.663488587423862
48970,4.535888791084485
48971,4.148864362065587
48972,4.678126649299843
48973,4.297348737815433
48974,3.699446414778993
48975,2.803497830121187
48976,2.0801913211513625
48977,2.1087677944317833
48978,3.0573477410169008
48979,3.250650584907458
48980,4.936423883147196
48981,5.026919544608992
48982,5.318430289875679
48983,5.387570027153585
48984,3.5059422519579693
48985,3.4510670847276645
48986,2.239447233523798
48987,1.7959856174138564
48988,3.9127246080164673
48989,4.568204497742809
48990,1.355935872120347
48991,1.7929736053231808
48992,2.848978453336569
48993,3.7853393821330954
48994,4.507432651087745
48995,4.3604632047769325
48996,4.048386689719574
48997,3.9619275880614566
48998,3.873558578726755
48999,3.873558578726755
49000,3.873558578726755
49001,4.310690189401728
49002,3.5841200682132506
49003,3.250287581687812
49004,2.9531689718291236
49005,1.7430437551950038
49006,1.3228337058481914
49007,3.9305895976234404
49008,3.8446685481211467
49009,4.175198023534305
49010,4.175198023534305
49011,4.175198023534305
49012,5.071285659985161
49013,4.535871214697529
49014,3.583854519089007
49015,1.737200574196231
49016,1.5250560698775835
49017,1.873766076579933
49018,2.884183648508828
49019,4.760920328693553
49020,3.93702858059532
49021,3.7615259917983015
49022,4.128816540836168
49023,4.347308009958243
49024,5.326299264279491
49025,3.6912915297376783
49026,3.4108209302979744
49027,1.5668854073396874
49028,4.001484236384097
49029,4.753017023836801
49030,4.557801154551862
49031,4.373626247949735
49032,4.416769635676888
49033,5.248305486831919
49034,4.118418567791856
49035,4.403835587596415
49036,4.769124105844186
49037,5.796268667184713
49038,5.316559681155317
49039,3.3900314819287765
49040,1.637420488932567
49041,5.388853031816274
49042,5.393219266467623
49043,5.888283778309132
49044,5.826631400200356
49045,5.439190723381793
49046,4.913012287761655
49047,2.407560775671605
49048,2.1729610739092107
49049,2.655834110345159
49050,4.361882947027218
49051,4.5395539719711335
49052,5.53139539590605
49053,4.612245111048539
49054,2.728151142850028
49055,2.493726704210101
49056,2.015200853154128
49057,2.754671510504878
49058,2.948925778210601
49059,3.831407674053419
49060,4.517001461207487
49061,4.068092605693095
49062,3.6195564899185633
49063,1.186349286311125
49064,2.5497229617368653
49065,4.070518888797521
49066,4.7293034386597865
49067,3.9610651109853134
49068,4.258651709059214
49069,4.333450078139973
49070,4.818853978620332
49071,4.379654049914877
49072,2.823975530035604
49073,2.876732599401226
49074,1.7424343645138938
49075,1.0837181610437867
49076,0.9872827146379561
49077,4.587875879038757
49078,4.010603090738999
49079,3.9241439890808776
49080,3.9204247455359305
49081,4.4274310739995935
49082,4.768154369711355
49083,5.033150188553587
49084,2.861774865389316
49085,1.2056211254786193
49086,2.5596091989712657
49087,3.790217842730798
49088,4.516120720461576
49089,4.667853376922885
49090,5.408815147239115
49091,5.408815147239115
49092,6.021330426343615
49093,5.880230162530367
49094,1.424811383271645
49095,0.8900043573600073
49096,2.600342622529941
49097,3.905803997851869
49098,4.510635958017229
49099,4.015476508571893
49100,4.015476508571893
49101,4.015476508571893
49102,5.6692328641996035
49103,3.4552005805473684
49104,3.3352436679377084
49105,3.4753581631264265
49106,1.2726928786188787
49107,4.120918023412312
49108,4.656033170387038
49109,4.335022461137181
49110,5.04307324979529
49111,5.35042257300641
49112,5.08666578297556
49113,3.5470636566370906
49114,2.221249358573102
49115,1.9483373659530396
49116,1.597874644915244
49117,3.351283843579093
49118,4.150490441037592
49119,4.738796079830477
49120,3.932782285820085
49121,3.372324607428402
49122,2.1042109823119706
49123,2.2171760006157157
49124,2.478537944424797
49125,2.6041788461662834
49126,3.4140147276744393
49127,4.0063248778719185
49128,3.751877987369706
49129,3.9723998533744207
49130,2.844055726889877
49131,2.4877923965890223
49132,5.028785412312534
49133,2.4939142423225134
49134,1.6901936292258932
49135,1.101198654467434
49136,0.8951056474592958
49137,2.6230726096640464
49138,4.322510818715648
49139,4.3596399161222115
49140,4.227619214965212
49141,4.555151554573214
49142,4.716402014914625
49143,1.0189935878010017
49144,0.9630544738595215
49145,1.4069487607361764
49146,2.685902403835056
49147,4.133571920370024
49148,4.176715308097177
49149,5.322764306422286
49150,4.686978534488148
49151,3.8111308823607657
49152,3.1697519971281074
49153,2.8405188306267166
49154,1.032138808773748
49155,4.304488206988649
49156,4.555925335786829
49157,4.486295068355787
49158,5.562490558559979
49159,4.696512980818567
49160,4.224997435033418
49161,2.6194638593199273
49162,3.5096101294635957
49163,4.216497147154693
49164,4.189312032615357
49165,4.499446482822378
49166,4.2091632071834315
49167,3.499266860134633
49168,2.983357834181118
49169,2.7167450706474754
49170,1.9200506118942187
49171,1.422879681220426
49172,1.3896524118695293
49173,1.3725816517726683
49174,2.440164973581238
49175,3.077203478709456
49176,3.6230386368812804
49177,3.9128610965082684
49178,4.267122608667309
49179,4.010791993544201
49180,3.5780698336930863
49181,1.5960358307934184
49182,2.9824136387897604
49183,4.784640249293619
49184,4.395115792319629
49185,3.287859799584365
49186,2.7746435778595075
49187,2.4390098504426203
49188,1.2804728827285594
49189,0.5159591290668382
49190,4.561231414963242
49191,4.039616930591912
49192,4.224285719875846
49193,2.8072738115083786
49194,2.461736232058319
49195,0.9588509103232509
49196,2.304543600502135
49197,4.4862352704350705
49198,3.521170383458706
49199,3.558299480865271
49200,4.167548484338869
49201,4.8652505532324
49202,1.472145343875693
49203,0.7890675355004158
49204,0.5546640971419733
49205,0.5893859751696787
49206,1.0190821861800177
49207,4.319371641438844
49208,4.988865010696032
49209,5.603223407056663
49210,2.9980217322498657
49211,2.5040695572065688
49212,0.9405318484554115
49213,1.312572978590679
49214,3.624091698145998
49215,4.240066635946675
49216,4.229472665675277
49217,5.692812162471793
49218,5.641125664609671
49219,3.04035323140454
49220,2.6148901399096736
49221,1.7562229448748632
49222,1.2189274002244537
49223,0.811070205527213
49224,0.8915608328938662
49225,4.161669084979789
49226,4.177627358167606
49227,5.134107753204715
49228,2.9821630601041327
49229,2.7638783804819242
49230,2.6135135943201697
49231,1.6054868287925752
49232,1.3083363238686923
49233,1.2189346111421195
49234,3.9297681353159364
49235,4.18417085686597
49236,5.3234778260353455
49237,5.452318352202737
49238,4.119064976274948
49239,3.42129642223757
49240,4.314268249973539
49241,4.443847033980206
49242,4.443847033980206
49243,3.9431137699732313
49244,1.2804728827285594
49245,0.6472049229992413
49246,0.5159591290668382
49247,2.3444377762381006
49248,4.165573588122984
49249,4.03755976206799
49250,4.57581066589422
49251,2.366509873690564
49252,0.9899908389358943
49253,4.175281671513343
49254,4.057212041714114
49255,4.332324558860528
49256,1.4636041851730253
49257,5.093427922325754
49258,1.7715838439215756
49259,0.6645891590650508
49260,4.016165371639042
49261,0.8366831337687227
49262,4.148864362065587
49263,3.7242734603757524
49264,4.285604625035249
49265,4.548052691246588
49266,3.4625902622126827
49267,4.2529844473178295
49268,2.4291036720917933
49269,4.198577059222831
49270,2.048524928879696
49271,5.27126971209425
49272,3.796485743079282
49273,5.496846210916355
49274,5.242159855225545
49275,2.034994514728534
49276,5.638448662774645
49277,0.9648336264139646
49278,3.961205260888175
49279,3.525406533682589
49280,2.302741410500328
49281,4.210497089682065
49282,2.7043431894647862
49283,3.9029303762710956
49284,2.8679295801081097
49285,4.63871143841132
49286,4.271655445572194
49287,3.826339433478923
49288,4.214489798387202
49289,2.6314517540364797
49290,3.3032101073054156
49291,2.598455559904352
49292,3.0923205417704365
49293,0.8034777175069602
49294,1.5080798717493256
49295,2.325516242820828
49296,3.9938350982243938
49297,3.4501936009710548
49298,4.14287113519471
49299,4.113939912760418
49300,3.334323900504094
49301,3.120062487525696
49302,2.4047283469458587
49303,1.8397868552676084
49304,3.967368019150483
49305,1.3066342975016105
49306,3.8075394507145814
49307,1.401944545220605
49308,4.7305623642734
49309,2.819422444918283
49310,4.0000214096050675
49311,3.0966756025759974
49312,3.2867359092303188
49313,4.093847622746959
49314,4.136836436169741
49315,4.037944308736798
49316,4.8885201250329295
49317,4.9632402987248945
49318,4.261183686253229
49319,2.543043205966946
49320,3.7362945165715757
49321,0.9760439464580052
49322,4.372763789641026
49323,1.6000731050612287
49324,3.6147176306423834
49325,2.8684414201759973
49326,2.730832140897408
49327,3.931909332555162
49328,1.9074279347650367
49329,4.31683930181062
49330,4.473959674957313
49331,4.446418085817287
49332,5.248305486831919
49333,4.623261007010485
49334,3.2562013086581953
49335,4.708200973676396
49336,1.282999227185176
49337,4.541692016700473
49338,1.4354039776559815
49339,2.0825185121917005
49340,2.6663721947225376
49341,0.6455589012178579
49342,4.379846862733313
49343,3.7165732821645032
49344,5.372171257990545
49345,3.8478356360474684
49346,5.388853031816274
49347,4.039187156420478
49348,3.548924694394982
49349,4.039187156420478
49350,3.4462449827133375
49351,4.8209503822270365
49352,4.504724875635127
49353,4.888774783482946
49354,5.241067821248503
49355,4.440070865802872
49356,5.317338255898638
49357,2.694467853423237
49358,5.317338255898638
49359,5.402554869738658
49360,3.5850012436997427
49361,1.9261067834485273
49362,1.8521884323563476
49363,2.1629468268786005
49364,4.294250749232247
49365,4.423829533238914
49366,4.475209273308634
49367,2.6680181722270433
49368,0.685571628229013
49369,0.870311523650217
49370,1.2865005357925308
49371,4.525179422609504
49372,4.003188632695882
49373,3.923936013578749
49374,4.258651709059214
49375,3.7977966932252842
49376,3.141695965446542
49377,3.69419175991474
49378,4.4668297360372105
49379,3.9612730864874424
49380,4.092478035870724
49381,1.9709607347261777
49382,0.9782433048137793
49383,0.8238721128459113
49384,1.289417094756164
49385,4.484237899831865
49386,5.383815844395044
49387,4.854680163983165
49388,2.237553079153085
49389,4.40617659425018
49390,4.441005690586187
49391,5.383815844395044
49392,6.021330426343615
49393,4.252103216270833
49394,2.181506926600683
49395,1.155832657920727
49396,2.8345840950187715
49397,4.710765327462335
49398,4.366333512435989
49399,5.026391475969561
49400,5.845487084847919
49401,4.749530532965945
49402,4.098389305045664
49403,3.4535231388967897
49404,1.4972723531936731
49405,2.9938862053266146
49406,4.310135507966016
49407,4.235306136237348
49408,4.36414666240474
49409,3.278558570342788
49410,2.7714423222279594
49411,1.8356967685214545
49412,3.6893203480797117
49413,3.8347484665606313
49414,4.079924424847197
49415,3.913039324751203
49416,3.5767393266407064
49417,1.385046947296438
49418,1.157297551129361
49419,3.7389139546859553
49420,4.4908409997997945
49421,4.304312380234544
49422,3.700682479815914
49423,3.6875564120133575
49424,4.062531264214898
49425,4.444038551858756
49426,4.768299518299564
49427,4.613526300026888
49428,0.9239242562103076
49429,1.3531124384820075
49430,4.543418172976219
49431,4.3704409632590835
49432,4.068521899564004
49433,4.068521899564004
49434,3.927914226783424
49435,4.250837475820029
49436,3.149133912875015
49437,2.9045268331355496
49438,1.2546856998569873
49439,4.1764562899076525
49440,4.954335749712728
49441,4.954335749712728
49442,5.680253537035489
49443,1.3436719660463268
49444,3.7946749268810795
49445,5.129166593271042
49446,5.2770735387554195
49447,2.8934517678065874
49448,1.2920826415765225
49449,0.8842254468792821
49450,4.253905566520616
49451,4.142486491851639
49452,4.142486491851639
49453,4.10269164598738
49454,4.43537314926952
49455,4.695711874262755
49456,2.5642063736638856
49457,1.7078313022500577
49458,2.7916674541732363
49459,4.12412043033115
49460,3.8789430364453916
49461,2.6202219280288634
49462,2.7143182563549733
49463,1.7202489803289367
49464,1.5407533799197646
49465,1.8515117744420206
49466,1.9990713809696068
49467,2.8470638745396593
49468,3.0247998168251935
49469,3.854882304755548
49470,3.854882304755548
49471,4.616029289403083
49472,4.699700282627708
49473,3.94105660144931
49474,2.059997003828825
49475,0.6472049229992413
49476,0.3188452147275737
49477,1.9978260578350129
49478,3.790463778481598
49479,4.003209804605845
49480,4.040338902012409
49481,4.142787586190841
49482,4.142787586190841
49483,3.907430628698508
49484,4.562601437538538
49485,3.7777618556154255
49486,2.157190511950341
49487,1.0710882099561567
49488,4.514517955998234
49489,4.626146457133879
49490,2.488973735927076
49491,2.402910641279204
49492,3.5217521545034702
49493,4.354853594089873
49494,4.232650890910178
49495,4.988865010696032
49496,5.160924943378937
49497,1.0946895467131956
49498,4.39175593005504
49499,4.4238544648506055
49500,4.185659247851677
49501,5.407395142667234
49502,6.058100680719564
49503,5.23449946957828
49504,4.412211403866562
49505,4.134483970440453
49506,5.117425979378986
49507,2.1637604205107106
49508,4.141027469138817
49509,4.656759021829282
49510,5.555024747024023
49511,3.489653149699629
49512,2.7148063973885534
49513,1.9176339990485403
49514,1.695277047247861
49515,1.8416456331433728
49516,2.3640653511050806
49517,3.703122947839083
49518,4.078602831849287
49519,4.5355921310242255
49520,4.61926312424885
49521,2.724920855974386
49522,3.218513765097452
49523,4.001152636081923
49524,4.038281733488487
49525,4.576749102683902
49526,1.5479550236177795
49527,0.8390060966417471
49528,1.2463454297701784
49529,2.5163056009522187
49530,3.6324535237485454
49531,4.259101304216248
49532,3.9001263911376536
49533,4.704704511110011
49534,4.242390477046431
49535,3.9313247686398536
49536,5.880600429598088
49537,4.673097149003401
49538,2.662923921319204
49539,1.5110773662331498
49540,0.8185540973071125
49541,0.628084505351817
49542,4.220020007501623
49543,3.9029303762710956
49544,4.0058724354910655
49545,4.2648937397075946
49546,4.661838914493086
49547,4.97413101873441
49548,0.8926008340604364
49549,4.105754580536995
49550,3.3989663384320097
49551,4.070126494936818
49552,4.002629635115837
49553,3.832537008641986
49554,2.833288724355058
49555,1.5915859185312422
49556,1.3848737851237432
49557,4.300981019810365
49558,4.344794437633965
49559,5.381230699875904
49560,5.510071226043296
49561,4.228049266015812
49562,2.4791125442440585
49563,1.8704929834025423
49564,1.6538884590138387
49565,1.0619960571552685
49566,2.137300023714724
49567,3.9749655406870437
49568,4.446418085817287
49569,3.358926109230161
49570,1.1490577568068678
49571,4.457443122154763
49572,4.104783337057293
49573,4.022644390427787
49574,1.1583547370394511
49575,2.358170643204801
49576,3.6680632899390693
49577,4.3427522210451395
49578,3.8646767025589885
49579,3.8646767025589885
49580,4.431043900957651
49581,4.59071800002829
49582,4.034680138891709
49583,3.7847963564085676
49584,2.629840722753069
49585,1.5823912955138177
49586,3.5149663312989556
49587,4.138893761381497
49588,4.18203714910865
49589,4.335430454989962
49590,4.41932870891623
49591,4.6511052326140225
49592,4.375056571443187
49593,1.7877237003374504
49594,1.3265302614992087
49595,1.5837583271073077
49596,2.1222188946575824
49597,4.2275721193871405
49598,4.686551178410248
49599,2.1788024154781214
49600,0.913643133386782
49601,1.3622988359893593
49602,4.453239739275334
49603,4.120495063095126
49604,4.255530099241123
49605,4.643592307548603
49606,4.895980453713793
49607,3.7018845995763012
49608,2.2936899268545816
49609,1.3564113681038379
49610,4.059262057837699
49611,3.6564530608450125
49612,3.6645443784486305
49613,3.9413299164553077
49614,4.195733330780984
49615,3.9704501853588736
49616,2.4282099466351568
49617,3.6991124064695478
49618,3.6770836762794117
49619,3.9291417763473713
49620,3.934434071813478
49621,4.117579586372118
49622,4.168358175353126
49623,1.5290104369269082
49624,1.4477347196783388
49625,4.722599297025267
49626,4.267469344360584
49627,4.286323051704578
49628,4.4040236275729026
49629,4.723014203862549
49630,3.666614213850333
49631,3.287280536608258
49632,2.982350096508183
49633,1.9276508660183458
49634,0.9369636549269249
49635,0.7332301956228693
49636,4.272732878495671
49637,4.0555046862391215
49638,4.887526562742196
49639,4.190816688996783
49640,1.2375150783093998
49641,1.2706327980413061
49642,2.50050736958512
49643,3.05674728252261
49644,4.414675775993139
49645,2.98639078938105
49646,1.5119745842189227
49647,2.599718502788632
49648,4.471610465175073
49649,4.6264885755298435
49650,3.708764192803145
49651,0.6782075943146203
49652,0.5193055774431261
49653,0.6174321768012675
49654,0.9671499361498697
49655,2.1628133534929797
49656,3.932835895132803
49657,4.5182208059186015
49658,1.4798852913395033
49659,0.9390004158001295
49660,1.0266652725203722
49661,3.3215472747177945
49662,3.9944130311264967
49663,4.165378962805771
49664,4.572501988137098
49665,4.784131004884839
49666,2.9589547509257574
49667,2.305485955875744
49668,0.918986098088398
49669,3.3440004489050588
49670,4.349122810609589
49671,4.08851214730662
49672,4.288194284662755
49673,4.423030514038177
49674,1.0586516799831107
49675,0.7131634259422294
49676,0.5268552385445885
49677,4.158545737629156
49678,3.97979468319371
49679,5.0771789220833385
49680,4.164190957421256
49681,3.0193745818642252
49682,1.4172513243257427
49683,0.7614948898208683
49684,2.372470104951402
49685,4.339655680005595
49686,4.031625681938848
49687,4.549015780988619
49688,3.7257750366316467
49689,3.0711854378535537
49690,1.6096126441707408
49691,1.0646734117042318
49692,1.985154090827913
49693,2.164048474144809
49694,2.6197487168783313
49695,3.1245346689626285
49696,3.7501409348550463
49697,4.366589173017185
49698,3.454424077718201
49699,1.9996037312563437
49700,1.374157021161614
49701,1.9823552747758224
49702,3.238114771700168
49703,3.5052344010499867
49704,3.643937397340926
49705,3.8331920042183767
49706,3.8952404514185797
49707,3.82579405458607
49708,3.5524313437373656
49709,0.9420766469751356
49710,4.14451535357208
49711,3.5152442921488087
49712,3.4717508449238275
49713,4.677335716359694
49714,4.423756048888699
49715,3.2402548006672944
49716,1.4666088598036098
49717,0.5363273001745669
49718,3.2094832914211255
49719,4.063699417256987
49720,3.956560148855591
49721,3.9936892462621554
49722,4.2062804498556625
49723,4.356174992992024
49724,4.687596659741566
49725,4.876656288982696
49726,3.357694147856087
49727,2.2997445646306454
49728,3.8916613730082323
49729,3.9079997118677525
49730,3.9861465596753893
49731,4.7104210540976945
49732,3.9368298029657276
49733,1.6511426589119276
49734,0.921147181602633
49735,4.104617634373526
49736,4.160977403233703
49737,4.351969542242212
49738,0.9479350368097925
49739,1.9146537761088582
49740,3.076326176194763
49741,3.973131016532762
49742,3.8870494857530016
49743,3.9157881393894747
49744,3.9157881393894747
49745,4.382002509587442
49746,1.6869260774069226
49747,1.0435188619147189
49748,1.0102915925638225
49749,2.029591378362877
49750,2.320240963455771
49751,3.883561933719089
49752,4.002200570780767
49753,4.078471005430901
49754,3.6126126806311976
49755,2.8430143747078978
49756,2.335141526823724
49757,1.2611631809728396
49758,2.959867105056335
49759,3.607337434724386
49760,4.2434336016306835
49761,4.358821273423065
49762,2.4637442106263596
49763,1.6060398925020134
49764,0.3921261705174799
49765,3.9738629718956213
49766,3.8388666342009987
49767,3.95227176171861
49768,3.95227176171861
49769,4.159831965292925
49770,1.2492491038872988
49771,0.5302007904967314
49772,1.928294267197086
49773,3.2925985158375255
49774,4.540187328612848
49775,4.497058496462446
49776,4.3505851482623985
49777,3.7686954588590886
49778,1.9599374778517697
49779,4.012239261594324
49780,3.93262273459705
49781,3.992104461183726
49782,4.040808104588884
49783,4.2290462535536655
49784,3.1242564272142346
49785,2.021170161381555
49786,0.8217437758697218
49787,2.9737906132400993
49788,3.8582050992500903
49789,4.2922391323169204
49790,4.71392411009789
49791,4.468977359881151
49792,3.851044493891956
49793,3.166587926368909
49794,2.630292069645731
49795,2.1319907440846597
49796,1.5779087453401834
49797,0.5179927837017346
49798,0.48222261628256813
49799,3.8938821651961013
49800,3.834154440953712
49801,3.8661920348115237
49802,3.9093354225386783
49803,4.176437322257526
49804,4.193119096083255
49805,4.3894888061015465
49806,2.799464441581245
49807,2.1837945239905476
49808,0.8947084185259004
49809,3.7205561708616353
49810,3.918486688506082
49811,3.9570417048275965
49812,4.5746188875570875
49813,2.1321739149742798
49814,1.340797739493864
49815,1.3588785058111756
49816,2.1116000138070086
49817,2.9969273233715774
49818,3.457825154493108
49819,4.103264434420001
49820,2.1770661420631963
49821,3.8880456585374557
49822,4.031225886637876
49823,4.031225886637876
49824,4.391932983259236
49825,4.588416044306794
49826,4.406042991544101
49827,3.7745201759284592
49828,1.788039705324709
49829,0.6166164889896398
49830,0.39043522488257826
49831,1.8935094122137888
49832,3.9140549602402834
49833,3.9621393489677663
49834,4.134247386101213
49835,4.750400434029257
49836,4.5054251798306755
49837,3.0995565691836644
49838,2.6594111496812487
49839,3.079546342849164
49840,4.181586231890407
49841,4.181586231890407
49842,4.543659825807016
49843,4.632981315644266
49844,3.8593900645123003
49845,2.370447987504135
49846,1.7987368407352404
49847,1.1416512922273407
49848,0.23277283245667824
49849,0.19297207275838785
49850,4.15085629085403
49851,4.15085629085403
49852,4.544536332858282
49853,4.634744912805873
49854,4.461004777297435
49855,0.7037228128312926
49856,0.3998368952379265
49857,1.7640216910220707
49858,3.8494077029609954
49859,3.834473866928272
49860,3.878287284751873
49861,4.103595168800266
49862,4.281530875767707
49863,3.864400072979008
49864,3.2158282243291043
49865,2.7852255017980267
49866,0.8743450450016633
49867,1.7667688343535282
49868,2.115629508736689
49869,3.1989609487820125
49870,2.7912805445197355
49871,2.3295204303817
49872,1.4691542212660897
49873,0.8054615400149965
49874,0.5330820605297415
49875,1.1278697238288797
49876,4.2747940053199045
49877,4.3679659332884775
49878,3.821707180443419
49879,3.323033244081675
49880,1.4872858060293743
49881,0.7186250908611355
49882,1.9155814579212522
49883,3.7411827369553388
49884,3.751816548184648
49885,3.896797973826164
49886,3.896797973826164
49887,3.896797973826164
49888,3.974850357986419
49889,4.401122985672108
49890,4.70181180347621
49891,1.2106120955566064
49892,4.029958342899626
49893,4.019150443626376
49894,1.4454534715772431
49895,4.0622938313535295
49896,4.548620946613274
49897,4.5532249754507745
49898,3.8646767025589885
49899,3.813619435008566
49900,4.006805198125303
49901,2.419561637787774
49902,4.415262194833328
49903,4.335430454989962
49904,3.1410499033261385
49905,4.619376352213767
49906,1.9490354691825482
49907,4.6972988260817266
49908,1.6263391524474033
49909,3.017464536397469
49910,1.6140639406191895
49911,2.1026638054461517
49912,2.230504417969546
49913,1.581217365534393
49914,2.857136763874703
49915,2.5300775674972775
49916,4.048398099919701
49917,4.247097362571477
49918,4.259160020339827
49919,4.395529853922138
49920,3.9750233563916164
49921,4.395529853922138
49922,3.5302271902494717
49923,4.733148533818925
49924,3.3443554433177805
49925,4.1303042053450865
49926,1.961098196811017
49927,3.7061028537848717
49928,3.4446617052713577
49929,0.910342067086216
49930,4.072491396998679
49931,2.350744675401523
49932,4.247097362571477
49933,3.5480063866579408
49934,4.531673068055477
49935,4.083365965688562
49936,4.431823719386957
49937,4.120495063095126
49938,3.3309099686797365
49939,4.569317995244795
49940,3.0508128379427912
49941,3.4488758692612906
49942,2.554442717906241
49943,1.37664567133666
49944,1.094814873041432
49945,2.3334953495333157
49946,4.25590554179093
49947,3.492627461287625
49948,4.086850541547759
49949,4.390842584323409
49950,4.120495063095126
49951,3.6274152810420652
49952,4.120495063095126
49953,3.9413299164553077
49954,4.931090169248947
49955,4.577082978133055
49956,4.065796722141975
49957,4.3824127078726045
49958,2.752109317550486
49959,2.412554146772521
49960,1.094900838513026
49961,1.3420432848114108
49962,1.0404149711489366
49963,1.1121669577644644
49964,3.9413299164553077
49965,4.684030536222122
49966,4.60189348604
49967,4.472869515187881
49968,4.874482078840318
49969,3.7119127726154204
49970,3.7591103893220428
49971,3.934434071813478
49972,3.577308171891385
49973,4.836326922598208
49974,2.8805416201805802
49975,3.868181675562987
49976,1.1121669577644644
49977,3.7757831631595535
49978,1.4399960402560559
49979,1.1292472878669984
49980,3.793363556679279
49981,2.436180559090502
49982,3.7309355534817588
49983,4.448880772111812
49984,4.3427258175042525
49985,4.112272948635721
49986,4.568602808192414
49987,4.286323051704578
49988,3.095664621867733
49989,4.760647764507608
49990,2.565872344047652
49991,5.057801579843935
49992,1.1209329964758523
49993,2.244633357185612
49994,3.737832068683178
49995,4.083416343337463
49996,4.157024426755242
49997,4.2732788360420315
49998,4.155416336362874
49999,4.807666151725466
50000,5.0410437450772925
50001,4.949178940850972
50002,4.23240298522338
50003,4.661765330738286
50004,1.3274297028460644
50005,3.709939470650416
50006,1.081224148720279
50007,3.4514081909754832
50008,3.3923520243776175
50009,1.820234756989617
50010,4.353836934327763
50011,4.012896176711058
50012,4.11824543967347
50013,4.099265901413383
50014,4.2565970622163025
50015,4.13409499774939
50016,4.2732788360420315
50017,4.258067986362786
50018,4.451042014790761
50019,4.33433842101292
50020,3.1260080118923885
50021,4.434313551501303
50022,2.191844681549174
50023,4.7122836686667995
50024,1.349814284470375
50025,3.664013506311812
50026,2.2358502313411597
50027,2.724589901844959
50028,3.6411726813997136
50029,2.1353622352930626
50030,4.33433842101292
50031,3.5393571227657894
50032,4.63436119479884
50033,3.746355856368202
50034,4.188932541631251
50035,4.052322470715076
50036,3.9241497625129935
50037,4.234101236551471
50038,3.639669210623138
50039,4.363680020558138
50040,1.6391045615087916
50041,4.363680020558138
50042,1.5145155457918373
50043,3.9973319472110305
50044,1.8807254905459245
50045,3.1936511098282616
50046,2.1611919528865373
50047,2.8164797489242233
50048,4.024482936139593
50049,2.273174497195126
50050,4.67308593093852
50051,3.5307488308280743
50052,4.248546034443953
50053,4.36648422860636
50054,1.049742379701187
50055,4.120144408213456
50056,3.814126586228245
50057,3.828886334217024
50058,3.8660154316235893
50059,3.932835895132803
50060,3.9275435996666967
50061,4.094910547664036
50062,2.9204959887827773
50063,4.839033853262609
50064,3.9978976069856946
50065,4.589130390301335
50066,4.0315421285330615
50067,4.311609906410533
50068,4.165378962805771
50069,3.8536398322996717
50070,4.845090580937416
50071,3.3317633528846065
50072,4.497106532019417
50073,2.570058666619377
50074,3.9457771900232217
50075,0.7115304779955244
50076,1.7142939905984844
50077,0.6150950315896943
50078,0.8315343788789203
50079,2.32887042170204
50080,4.102560465849605
50081,4.308326728913557
50082,4.288194284662755
50083,4.323625258538166
50084,4.779654650972883
50085,4.165378962805771
50086,4.6136496496359385
50087,4.205832271440472
50088,4.12303843099677
50089,3.3944495117492077
50090,3.463735359767942
50091,0.601092590861064
50092,2.4346448000745364
50093,0.48720005476072636
50094,1.9888133783365571
50095,2.121619193702276
50096,2.1358755565307175
50097,4.303137767525217
50098,3.246895849128352
50099,4.053683050970613
50100,4.287830088343905
50101,4.288194284662755
50102,4.028672098072705
50103,5.063617510205451
50104,4.79321606285077
50105,4.931679190850682
50106,4.972831717275167
50107,3.1787876852236496
50108,4.654802176060423
50109,0.9334743939499021
50110,3.6288652937398083
50111,4.014623779529723
50112,3.318020700046163
50113,4.267469344360584
50114,1.9810694216257634
50115,4.286323051704578
50116,0.9306734272026557
50117,4.286323051704578
50118,1.1094888429182777
50119,4.436591925916065
50120,3.968884928504499
50121,3.677053705518421
50122,3.9967965856028376
50123,4.50013545045783
50124,4.408245321329548
50125,4.155986493619319
50126,4.906382247389759
50127,4.172668267445048
50128,4.724471586183582
50129,4.172668267445048
50130,4.134524691653892
50131,4.764869458264253
50132,3.441346837807361
50133,1.223105136961195
50134,2.019534859587968
50135,1.0963232522236581
50136,4.271465031023056
50137,3.9008021280128675
50138,4.466163384865303
50139,3.9356312243488762
50140,4.465166208652745
50141,4.366589173017185
50142,3.9750233563916164
50143,4.666211028162841
50144,2.8843948231763465
50145,4.7441335020308
50146,2.64905142310816
50147,4.239422974290857
50148,1.6252951079410491
50149,3.5188072060086655
50150,2.352268458713679
50151,1.3622252917647788
50152,3.783361480821374
50153,1.8277190821316247
50154,3.8112010153968576
50155,3.643937397340926
50156,3.5610669181500008
50157,3.725994855848544
50158,3.6943424518970907
50159,2.88846490099974
50160,3.1814939343548323
50161,2.3899208701413555
50162,0.9204825827724864
50163,1.9850536763734865
50164,3.544282071951756
50165,1.1232483866297858
50166,3.4717508449238275
50167,1.225261239520883
50168,3.9766067425136122
50169,2.1769703652639225
50170,4.38983070872523
50171,3.44634159553434
50172,4.645956972254595
50173,4.381408724310923
50174,3.8519551264246465
50175,3.552373389555374
50176,2.5372607148193382
50177,3.4717508449238275
50178,0.531956528643877
50179,1.969435433576392
50180,2.1014453922333702
50181,0.7594264664484822
50182,4.211572745321769
50183,0.8990442296525553
50184,4.211572745321769
50185,4.066400606141092
50186,4.572771194702754
50187,3.903080844495218
50188,2.9221993870326366
50189,4.946994296438126
50190,2.2850862864818153
50191,3.9644665301495996
50192,0.7436143016752763
50193,1.8162008512079177
50194,1.0883499301329904
50195,0.9823703810842787
50196,3.806770103730272
50197,0.6593407119979044
50198,3.9511430995949057
50199,3.020396764885028
50200,3.9861465596753893
50201,3.9156203002517778
50202,4.10487931517166
50203,3.9861465596753893
50204,4.3862917949527045
50205,4.536680918589256
50206,4.6756463226544644
50207,2.84784397280346
50208,3.32090609866529
50209,1.9862674994521137
50210,2.3484802117649797
50211,3.7808213131996906
50212,0.5756589275617519
50213,3.158496838594847
50214,0.366908897417662
50215,4.055740219494535
50216,0.7838663368712987
50217,4.160977403233703
50218,2.9352420712284935
50219,4.5930024517033035
50220,4.090569315830542
50221,1.880570478420979
50222,4.160977403233703
50223,0.7781324327025841
50224,4.669103240614529
50225,3.9829669448001326
50226,4.913610155674809
50227,4.026110332527289
50228,4.902838552673799
50229,3.8108640893151087
50230,3.9722551201666985
50231,4.071050719297131
50232,3.4388942906495195
50233,2.7638861483047252
50234,3.1135979876588604
50235,1.3462023056726493
50236,2.496865634590753
50237,3.685631416074642
50238,0.522346019384254
50239,4.078471005430901
50240,0.525530613356396
50241,3.814316580522292
50242,3.9870893151176623
50243,3.0915976049324287
50244,3.9509293509423236
50245,2.640116707408931
50246,4.1376676012230185
50247,1.3838589081552977
50248,4.226833933247554
50249,1.6299140872998414
50250,3.5535495984898335
50251,1.788891816252379
50252,3.0769871188057136
50253,2.8118521552881157
50254,2.1460423198921927
50255,2.6805402476351423
50256,1.0411884861908336
50257,2.9320275704808516
50258,2.783282531164858
50259,3.5244669555334607
50260,3.4683570563375303
50261,4.3996456045032675
50262,3.8404185459919344
50263,3.3327259687069475
50264,3.7385836463557705
50265,1.0548221778303783
50266,3.2651369793319733
50267,0.24652049193468717
50268,2.715890138739594
50269,0.3659406899148105
50270,2.3231294773284845
50271,3.0908755469651905
50272,1.658264518049993
50273,3.9691431717456487
50274,1.224150812608427
50275,3.8759957316075644
50276,2.142876950168551
50277,4.508403735038017
50278,3.607337434724386
50279,4.8090925528421185
50280,3.9828151622983907
50281,4.650581822130959
50282,3.6846585518106916
50283,4.3970021546599645
50284,2.821526781521667
50285,3.0055974020943967
50286,0.041623101538572634
50287,1.746380011746976
50288,1.5592697403716766
50289,0.756382054603793
50290,3.781261393081157
50291,0.7623978852523315
50292,3.95227176171861
50293,4.402368933520344
50294,3.7715581453365465
50295,4.205034736035939
50296,2.516230863283898
50297,3.3629031979007964
50298,0.4345095595840742
50299,3.7358589120068326
50300,3.4368252508111943
50301,4.257589434290125
50302,3.3297276132440907
50303,3.094418554204767
50304,3.7358589120068326
50305,2.4684154591242944
50306,3.7358589120068326
50307,1.9170472330474808
50308,3.8789032840630013
50309,1.3774804279973654
50310,0.6038013413005834
50311,0.3663339355891247
50312,0.3724970347597563
50313,0.7684343071875156
50314,3.025738283168583
50315,3.9489610734565708
50316,3.9898254719698345
50317,4.040808104588884
50318,4.546179951925982
50319,4.040808104588884
50320,4.676021852544882
50321,4.835534479627742
50322,4.431075102328143
50323,3.796860315523902
50324,1.3376084500908956
50325,2.5194714869426265
50326,0.4918916573554229
50327,0.6520773353729342
50328,3.9009055008689386
50329,0.43677508331909537
50330,3.8015859036246327
50331,2.024144938450536
50332,3.8576117235482825
50333,3.8137983057246814
50334,4.184120459560802
50335,4.184120459560802
50336,0.7810637773573087
50337,4.184120459560802
50338,3.982101481028079
50339,4.609372830689237
50340,4.326092509844568
50341,4.906526646025564
50342,4.643226208216884
50343,0.9435818011272732
50344,4.765407282710007
50345,1.9444729858226413
50346,4.542167247107453
50347,3.010761161848814
50348,3.814995912448894
50349,4.193119096083255
50350,1.6698214537129612
50351,3.1615780805638924
50352,1.2509844924766171
50353,0.9361021648244366
50354,0.9270731913653912
50355,1.7927185710974578
50356,2.0454972135437397
50357,3.986603834661988
50358,2.5002559143743213
50359,4.256442976071933
50360,3.1652007417984547
50361,4.010152934043295
50362,3.8753433007789275
50363,2.968130526621535
50364,3.986603834661988
50365,0.9435650305664232
50366,4.3554709235863625
50367,0.7640908425120372
50368,4.516028128321511
50369,0.7222121784546378
50370,3.580055866752923
50371,3.7513713803506135
50372,2.704573339531482
50373,3.7798809450225437
50374,1.7240412103663505
50375,4.294901081006421
50376,1.6923199911135396
50377,4.294901081006421
50378,4.165322296999754
50379,4.516792366491184
50380,4.401404694698802
50381,3.805107823932298
50382,4.557616697571386
50383,2.7207063885365605
50384,3.3512257813522996
50385,3.9288226951076353
50386,1.4367304159684766
50387,3.7933113200110484
50388,1.0548221778303783
50389,3.8509165611308904
50390,0.3921261705174799
50391,2.3559161592685793
50392,0.24652049193468717
50393,2.956915806661169
50394,0.3525025738895811
50395,3.705220612955525
50396,0.7385677151301987
50397,3.7958290147224627
50398,1.9409688777110148
50399,4.134247386101213
50400,2.919907834806912
50401,4.1393259889770455
50402,3.8845730663077127
50403,1.4504250827756748
50404,4.031225886637876
50405,0.6596474350896049
50406,4.1032017344966
50407,0.43281632923796154
50408,4.724278457601059
50409,4.006661230478007
50410,3.0277579732801008
50411,4.056319521228303
50412,1.1387219321246536
50413,4.286366648417155
50414,0.37754411217765277
50415,1.3346336925617266
50416,0.6911082496329722
50417,0.4222493865843948
50418,3.7586999173158975
50419,0.48753218219956673
50420,4.134247386101213
50421,1.689933344780383
50422,4.446155184691218
50423,2.8643170871889616
50424,4.75900484730167
50425,3.680421006184185
50426,3.894373944682891
50427,3.938759274271404
50428,1.9906743315748077
50429,3.9947850941950533
50430,0.41249077988905614
50431,4.87334680473233
50432,0.7931160926177577
50433,3.861671431824095
50434,1.995517255198572
50435,3.1242564272142346
50436,3.9268392438121706
50437,0.600612482556736
50438,3.939051645912219
50439,4.086913394974537
50440,3.98286506373582
50441,4.103595168800266
50442,4.181586231890407
50443,4.745438304215224
50444,4.859279341577306
50445,4.492151404609367
50446,4.459241180135828
50447,0.9163824224780298
50448,3.085341489327762
50449,0.8779379957492736
50450,3.950971676371452
50451,3.8761915935908315
50452,4.15085629085403
50453,4.154851977516502
50454,4.253798350073993
50455,4.231122412166637
50456,2.6138574896404094
50457,4.379016469217675
50458,2.1155561640793383
50459,4.539573673952824
50460,1.2351799847028715
50461,3.617740337167698
50462,0.3370633305551154
50463,1.7675616747631715
50464,2.8096079689526876
50465,3.3841518998903886
50466,3.5866593936948137
50467,3.7062076904198245
50468,2.7946049148409773
50469,4.2747940053199045
50470,4.572268858551997
50471,0.33941804822408783
50472,4.410679578311761
50473,3.041035565077127
50474,2.169555584207329
50475,3.884302887427487
50476,1.5957712650624376
50477,3.189429164571339
50478,1.2190658662359586
50479,3.7889456455912134
50480,2.5703882095672705
50481,4.624332948791554
50482,3.7255304004330103
50483,2.2299108601408273
50484,3.9200050114144327
50485,4.231122412166637
50486,4.611723123492308
50487,4.3707037431253175
50488,4.106348130379223
50489,1.7774777863610796
50490,1.1553858194101738
50491,0.4912033964723422
50492,1.4761184098230304
50493,2.330849282182806
50494,3.6776981257478942
50495,4.145215221313237
50496,4.483353605080859
50497,4.5241779361610615
50498,4.087623934839629
50499,2.6396634053935095
50500,2.2276215321240938
50501,0.19381236964129533
50502,0.28123726501291013
50503,0.6857476268283257
50504,4.337308475926132
50505,3.705909331927335
50506,2.7435661049895206
50507,1.350015133164592
50508,4.810778464901932
50509,4.501095877204384
50510,4.408138572038748
50511,4.249767745573411
50512,4.249767745573411
50513,4.5658661540643335
50514,4.107242390099371
50515,2.048172119393729
50516,1.7672524583117066
50517,1.8790653314461925
50518,4.5278818897938695
50519,4.709114730250665
50520,4.784943563217199
50521,3.6270774229672607
50522,3.401992785157752
50523,1.8868603505486317
50524,2.6886037349107985
50525,4.365993499661199
50526,4.540599465233997
50527,4.827864923100898
50528,4.552264503138025
50529,3.685471304451917
50530,3.0253933373338393
50531,1.222227637680885
50532,1.0881270864809558
50533,1.7113354867355604
50534,2.6997813261477246
50535,4.508481063835101
50536,4.508481063835101
50537,4.687560938371324
50538,1.2343038761210117
50539,1.1857058768459499
50540,4.1214799631208825
50541,4.331446824378527
50542,4.331446824378527
50543,4.890135227596639
50544,3.818552578709771
50545,1.4174389887367265
50546,1.25156999537245
50547,4.223600800246387
50548,4.312473875900939
50549,1.6498642660421268
50550,2.7407071691877096
50551,4.5056166058748515
50552,4.645509148448045
50553,5.048889506064247
50554,5.2048943417452715
50555,1.111026415879242
50556,0.9581996969227865
50557,4.6656157716288655
50558,4.472404471749836
50559,4.6469631113027345
50560,4.790932474622635
50561,5.065827969986253
50562,5.125012026837806
50563,5.089084043198125
50564,3.509045532815455
50565,1.908573005355228
50566,1.5238770454226938
50567,2.4900532203225936
50568,2.7984739879638703
50569,4.098716367244598
50570,4.399204113479074
50571,4.708022696273623
50572,4.913841149122728
50573,3.9846349098848997
50574,1.6993767085897258
50575,3.904094974505174
50576,4.317985038802112
50577,4.527603339213991
50578,4.75704314687786
50579,4.054742105901419
50580,3.6881326434701904
50581,3.247015725631056
50582,2.7910602483152713
50583,2.236956594740604
50584,0.8085838687674101
50585,0.7000541066512033
50586,4.3078374259478105
50587,4.313129721413917
50588,4.313129721413917
50589,4.441929953372818
50590,0.7999561943875826
50591,2.6849832158513904
50592,4.493664191203342
50593,4.480817681697386
50594,4.5434187668932315
50595,4.860743729693738
50596,5.019217350629681
50597,4.000826642819326
50598,0.8368604940065515
50599,0.7229679579062137
50600,1.2744194485332039
50601,4.947672063742683
50602,4.537787700470943
50603,4.636154165454363
50604,4.636154165454363
50605,5.210579139681336
50606,3.2364250270636212
50607,0.7626231416900758
50608,4.875580939631429
50609,4.645509148448045
50610,5.224140551559223
50611,5.136682313943146
50612,4.194445995871926
50613,3.7106553188936
50614,1.1047361881549733
50615,4.8529100050889955
50616,4.898641918962625
50617,4.54635254270575
50618,3.4989841796473327
50619,2.249300487837108
50620,3.5920217628352726
50621,4.361026005502109
50622,4.380551248686445
50623,4.645149306283759
50624,4.8317782391662725
50625,4.945690982486728
50626,4.035508503763524
50627,3.6304342499149524
50628,1.5383544731150305
50629,2.1465527267292384
50630,3.5618892911197166
50631,3.7987365037125076
50632,3.866646124648278
50633,3.9495166038392036
50634,3.9495166038392036
50635,4.022834305305052
50636,4.048302812103797
50637,3.9858060638710686
50638,2.863045400390788
50639,2.49273585814915
50640,3.982708910888135
50641,3.9206313792665055
50642,4.3565233222938575
50643,4.914676084298189
50644,3.364407186516768
50645,1.5438317006364075
50646,0.7677244317893644
50647,3.608504721149985
50648,4.526716132932448
50649,4.4429647994264805
50650,4.696065452823899
50651,4.945758478002353
50652,5.1117426347275385
50653,4.7523036902536315
50654,2.979836728872608
50655,2.331925226476217
50656,1.840262929499464
50657,1.1032242101994967
50658,4.460198284925756
50659,4.45926597853892
50660,4.968277468352318
50661,4.014649324271613
50662,2.956388054991031
50663,0.8114268307072394
50664,4.212757344996288
50665,4.5655945598824115
50666,4.6102529563980275
50667,4.691860002074088
50668,4.9272650588753155
50669,4.0273045729628025
50670,3.520684315803311
50671,3.171235329498832
50672,1.11969560627261
50673,2.2700871265536633
50674,4.412009696392889
50675,4.471030356864857
50676,4.3882225094502285
50677,4.666872842955991
50678,4.321381637267432
50679,1.4453389558838305
50680,2.577244249514685
50681,3.8849374098625753
50682,4.143175101919527
50683,4.400679260386899
50684,4.4769496950370335
50685,2.9267075512527625
50686,2.3317086126181503
50687,1.391906188890313
50688,2.271846553015955
50689,3.901281911108602
50690,3.9841523902995273
50691,4.591322137331199
50692,4.174491695126326
50693,3.336888833719424
50694,2.8353201717905323
50695,0.5704456755045314
50696,0.2780070357397739
50697,0.7326129231476364
50698,3.4828208332909014
50699,4.335217481424407
50700,4.340257762458589
50701,4.806591673247171
50702,4.887922190069454
50703,2.5838144017763844
50704,1.8031651483938926
50705,4.81593602668707
50706,3.880544583363048
50707,3.7656149946605777
50708,4.617066924923628
50709,2.0147929133894813
50710,0.6082649379052439
50711,4.441380014348051
50712,4.4051844196681165
50713,4.4051844196681165
50714,4.985721587287492
50715,0.7276595605009105
50716,1.1362137939946906
50717,4.306887276712608
50718,4.562160263648263
50719,4.662209515444649
50720,4.897614572245876
50721,5.070377242693543
50722,4.949010455842733
50723,4.648509855432029
50724,3.2992846918703
50725,1.1153423705900907
50726,3.3581964075255306
50727,4.376527724335339
50728,4.3264159123007655
50729,4.5668033713439575
50730,2.8571017834212165
50731,1.7447902723521063
50732,1.1718700679699234
50733,2.353407239950253
50734,4.1780998567065195
50735,3.66533542847026
50736,2.22991959531628
50737,1.17933293371191
50738,0.9998587456575244
50739,0.9373163707556532
50740,2.2692711874027225
50741,4.458824399662275
50742,4.720496406622883
50743,2.785406519153025
50744,2.2025533818018435
50745,0.5704456755045314
50746,0.4752122516770263
50747,4.337811732612318
50748,4.325442164099404
50749,4.3472674083542975
50750,4.554354063353706
50751,4.969310999998417
50752,3.1627087609751445
50753,2.466714263649803
50754,0.6302226725054513
50755,3.372847893572339
50756,4.403312498694859
50757,4.580532121181637
50758,3.949423397478993
50759,2.0884200119168077
50760,1.52539390141482
50761,0.668584232383449
50762,0.6482586830345437
50763,4.425239622064349
50764,4.62197412022656
50765,4.5284997873932324
50766,4.630861785054731
50767,4.873057393144666
50768,4.908175999891138
50769,1.9992793548647647
50770,1.2428609336455978
50771,0.839467114879062
50772,2.041868277459879
50773,4.540419817852466
50774,4.600131844018354
50775,4.695004482278584
50776,5.108433150477173
50777,4.6914440131959125
50778,0.6042110005161123
50779,0.9464622674972148
50780,4.040872927174579
50781,3.5908160934336615
50782,4.345604484765112
50783,3.949679634696345
50784,2.8428628436379983
50785,2.2163945242017307
50786,2.423539535143202
50787,2.831663619114051
50788,3.6664480426546566
50789,4.676042436504203
50790,2.9224747854913264
50791,1.3504290572586815
50792,1.7369562051011984
50793,2.8090218214019607
50794,4.509953073052621
50795,4.639531857059288
50796,4.715854468988993
50797,4.001259828558271
50798,3.3781028494417504
50799,2.698599205761747
50800,2.247344441614514
50801,0.5297420032824633
50802,0.43450857945495824
50803,1.0051459516214707
50804,3.4557837033197316
50805,4.269556717041897
50806,4.29138196129679
50807,4.354766937766665
50808,1.2977577746474367
50809,1.6842223350091832
50810,2.5969395066367413
50811,4.435978106614231
50812,4.384497156262026
50813,4.72700721752329
50814,4.76685955974246
50815,4.804352584319975
50816,3.7899997634977836
50817,3.1354549085697845
50818,2.6539028010446146
50819,3.939797380922756
50820,3.0675054330738845
50821,4.856876840875635
50822,3.9315466848240006
50823,4.249767745573411
50824,4.434706036687717
50825,3.879951002560856
50826,4.555721424369352
50827,1.8112003152452922
50828,4.709114730250665
50829,2.49550580879655
50830,4.898856306537655
50831,2.676564923846688
50832,2.126725883737698
50833,4.63284429560053
50834,1.5113914242970972
50835,4.903262564943649
50836,1.757821088059626
50837,4.852662713069951
50838,1.7755797479620754
50839,4.513583426838436
50840,3.8093995570107424
50841,4.035508503763524
50842,4.521074222049661
50843,3.0643034763918706
50844,4.540599465233997
50845,2.155460579238698
50846,4.6890319565846585
50847,2.327379678930836
50848,4.791381355289169
50849,4.6890319565846585
50850,4.864530824072852
50851,3.344703358948602
50852,4.187714364035475
50853,2.119807651320744
50854,2.518224815451719
50855,1.0914281527815217
50856,4.521327573341058
50857,3.937700439414751
50858,4.6053667557255125
50859,4.892381441361719
50860,5.0697772470342874
50861,4.901258928203179
50862,4.105997957245162
50863,4.486655819580208
50864,3.4697497238230897
50865,4.508481063835101
50866,2.2732963434090925
50867,4.508481063835101
50868,2.6297382651064267
50869,4.911700322461905
50870,4.754280343092012
50871,5.087997995377346
50872,4.582470166200733
50873,3.768826407037177
50874,4.565703713908711
50875,2.762184770266715
50876,5.038332675508297
50877,1.4520413752619756
50878,4.502786558182375
50879,1.6526542836769482
50880,4.012782327645303
50881,3.8159477363234546
50882,3.5906824083800366
50883,3.9912023737150797
50884,2.389906541133379
50885,4.013027617969976
50886,1.25156999537245
50887,4.331446824378527
50888,1.678764903687996
50889,4.753010678636791
50890,2.6669788100670972
50891,2.8831174548236618
50892,4.961580155917291
50893,3.9708464974532345
50894,4.0603960121367635
50895,5.0129708273571
50896,4.307181580434833
50897,4.040870768952427
50898,4.376264763362641
50899,4.312473875900939
50900,4.517983181925951
50901,4.071349372043368
50902,5.022947587775969
50903,4.221383282313579
50904,4.699669623176209
50905,3.095793877931447
50906,3.925177286371348
50907,2.5899344223391974
50908,3.7867108210688376
50909,5.017762371193769
50910,1.3141084506648868
50911,4.546765603187263
50912,1.3057941592737408
50913,4.664362855792039
50914,1.7522613297755458
50915,4.664362855792039
50916,4.075323906332135
50917,4.77399401070063
50918,5.085269211781361
50919,4.831310950336563
50920,4.533456140450334
50921,3.3341194766026594
50922,5.221652176511914
50923,3.0291890365025846
50924,4.262658023674052
50925,1.951712944309891
50926,3.7376058371585548
50927,1.4374851301157132
50928,2.5483049734650125
50929,1.3848957649996787
50930,4.952931511786821
50931,3.728988868208764
50932,4.546366466567253
50933,4.6302813374770055
50934,4.491929714934172
50935,4.25130183636869
50936,4.6469631113027345
50937,1.4115778392617184
50938,4.800292186133534
50939,3.3080792840416273
50940,3.8067897033682048
50941,4.488254029825756
50942,3.17284695188679
50943,4.507779273010092
50944,2.21590675984072
50945,4.708022696273623
50946,1.5248357870227385
50947,4.799928405802272
50948,4.631752261623489
50949,4.918247407528722
50950,3.775640550218099
50951,4.616233256449068
50952,2.366352737159791
50953,4.3274593970265
50954,4.0398579590307255
50955,3.650596868532422
50956,4.657182123220658
50957,2.986520045444764
50958,4.657182123220658
50959,2.701942296205817
50960,4.8301926156615425
50961,2.1890407603143416
50962,4.368986818195021
50963,1.7785075991167771
50964,1.278186764389572
50965,1.7171353684921753
50966,2.4738501817326823
50967,2.085886274819175
50968,3.877675244895214
50969,2.758244670202153
50970,4.318656249722747
50971,4.345824573377595
50972,4.4671349529854165
50973,4.793526714689588
50974,4.808716569668894
50975,1.0139895895735433
50976,4.775004287457586
50977,0.7981807060093447
50978,2.9724090798026808
50979,4.788771773773177
50980,2.6111733557937105
50981,4.748643637706136
50982,1.5062013918247024
50983,4.2321761881086735
50984,1.3827780666697214
50985,4.254001432363567
50986,5.014092744835954
50987,5.005138472124241
50988,4.5434187668932315
50989,3.9059181712386146
50990,4.5434187668932315
50991,3.40782912721833
50992,4.575802654568199
50993,1.0598542449153479
50994,4.676639027570294
50995,0.8963916407934127
50996,2.4770525441470825
50997,3.7615320367664897
50998,3.691435694581776
50999,4.792582530885481
51000,4.695475336332447
51001,4.458992437442492
51002,4.56353739135849
51003,5.008941177605395
51004,5.037816469233669
51005,3.4762395369029995
51006,4.721946396109953
51007,3.016592092765729
51008,4.153293469447441
51009,2.3523248958701455
51010,2.481483740068938
51011,1.7892628092376297
51012,2.0128754566281035
51013,1.003294948341738
51014,0.8980245887401177
51015,4.518262457286607
51016,1.2479444120748722
51017,4.636154165454363
51018,3.5835326929594986
51019,4.7629209738700515
51020,4.373138340432844
51021,5.095529787518661
51022,4.664362855792039
51023,3.5455253849217336
51024,4.776482385747939
51025,1.1795055090983286
51026,5.051377881111557
51027,2.450345574655688
51028,3.066213521858627
51029,4.540084904590816
51030,0.9463560526187567
51031,4.418413274504727
51032,1.3730521206956485
51033,4.39266358361718
51034,2.6360333827287734
51035,4.664362855792039
51036,3.9735822108475385
51037,4.763098922534438
51038,4.440022462809258
51039,3.3756580418861346
51040,4.385784714015214
51041,2.0051314999173093
51042,4.405309957199551
51043,1.5273067515953915
51044,4.529670768880021
51045,4.54635254270575
51046,4.773860175630517
51047,5.107939727845688
51048,5.048755670994135
51049,4.926029066639511
51050,3.1180243778479553
51051,4.687542636383868
51052,2.0435969378795136
51053,4.195009839025797
51054,2.8810241264251117
51055,3.8226252693494356
51056,4.20768462069993
51057,1.6979508925363518
51058,4.950097240892722
51059,1.3971678979135136
51060,4.377949829686106
51061,1.2896429130041496
51062,3.465351735627485
51063,1.3604696492328539
51064,2.8845240792400606
51065,2.471958500551322
51066,2.469831293807364
51067,4.740273448277888
51068,4.027088002923369
51069,4.740273448277888
51070,3.791323836121408
51071,4.666723689108673
51072,3.57137101993834
51073,2.6731135013997056
51074,2.3537029676868335
51075,2.0879419796219545
51076,1.9260589122161085
51077,1.7993578688933678
51078,1.1198616663698755
51079,1.5470864545626672
51080,1.1059597766260885
51081,1.9919165340850409
51082,4.748905407664493
51083,4.076863583483899
51084,4.0911612560390465
51085,4.104703118059382
51086,3.9608836666332405
51087,3.1952873246236977
51088,3.9206313792665055
51089,1.2506611512692383
51090,3.9206313792665055
51091,1.54102673240611
51092,2.0694351361120464
51093,3.795072315971314
51094,0.9311870359112997
51095,4.779587094077471
51096,0.7720952033200543
51097,4.688018646934385
51098,4.58961254940923
51099,4.819753765575089
51100,4.019515982945704
51101,4.60554256663323
51102,3.4394841730098786
51103,3.9092586014144017
51104,0.8442018747957928
51105,2.637260417354992
51106,1.392876540230197
51107,1.2651004318296675
51108,4.299640390789355
51109,2.4675015944104834
51110,4.410086472891183
51111,4.735629006142415
51112,4.4379260074666655
51113,4.488624306437442
51114,4.45926597853892
51115,4.421139555171587
51116,4.583592802083687
51117,4.584320253943123
51118,4.933502736909088
51119,4.58961254940923
51120,2.4462258921069804
51121,5.093955925914011
51122,1.0929077510654506
51123,0.9284754644731646
51124,1.1187823463001458
51125,2.604271174727853
51126,3.3031233082090874
51127,3.3637193769719334
51128,3.835249759506675
51129,4.4261634243381875
51130,4.6102529563980275
51131,4.45926597853892
51132,5.060571785150694
51133,4.768539354095989
51134,5.137924898418642
51135,4.738983482649915
51136,0.7612985165018833
51137,3.453602864166681
51138,1.1335657831473898
51139,1.7261114775510724
51140,4.604263082133851
51141,0.6231227918670269
51142,4.493302634323947
51143,2.3211835088809614
51144,4.443190822289374
51145,4.5203196258105285
51146,4.3715407356244995
51147,4.539844868994865
51148,4.3882225094502285
51149,4.6102529563980275
51150,4.2597917965287
51151,4.772534947254181
51152,4.50486666686552
51153,2.5437045745851545
51154,4.540195476278537
51155,1.9555392970601235
51156,1.7109881556984685
51157,0.7581139225297415
51158,1.1951527553617107
51159,3.464724754191316
51160,2.2536294368700447
51161,3.6502359279608894
51162,2.9936512003640394
51163,3.17628393010287
51164,4.32848195805666
51165,2.8239700687240643
51166,4.4769496950370335
51167,2.1953278384659627
51168,4.099186913890843
51169,1.2283800247126075
51170,2.737680664816244
51171,1.2652265446980004
51172,2.3449200034051345
51173,4.300642423481177
51174,1.7301895143866886
51175,4.06154038784479
51176,1.5061561592472805
51177,4.105782711998275
51178,1.8179690850570913
51179,3.565505369436765
51180,1.948976634615984
51181,3.3289353699765405
51182,3.176194988205854
51183,2.6901572135068577
51184,3.0318899276266897
51185,1.4492181787300893
51186,3.283377250472399
51187,3.3112167850478826
51188,4.633761062631628
51189,3.9841523902995273
51190,1.5698219900474912
51191,4.6001020324103346
51192,1.0467341540205994
51193,3.8133044595779437
51194,0.4752122516770263
51195,2.4383247100174077
51196,4.439133709764736
51197,1.9259419736045018
51198,4.640625593940626
51199,4.313392237169514
51200,4.3570268056525245
51201,4.340257762458589
51202,4.340257762458589
51203,4.539748545073168
51204,4.9828893461626125
51205,3.8288616203263017
51206,4.578788672404495
51207,3.0973336239007034
51208,1.2832573788313593
51209,0.6702774627295616
51210,0.8772358837190114
51211,1.128454087429443
51212,0.7150619532946197
51213,3.7849399401924546
51214,2.2943504693741974
51215,4.8070585398456105
51216,4.2127096257431536
51217,3.7437897504056834
51218,4.77527367435769
51219,4.2127096257431536
51220,4.773383491787517
51221,4.2127096257431536
51222,4.571356293393505
51223,4.320109416267592
51224,1.1238676576323205
51225,3.8358220154909475
51226,2.3153708282965764
51227,3.227115319706158
51228,3.4141368611651357
51229,2.576959541311865
51230,4.63202760102388
51231,1.45244924663651
51232,4.413540479772569
51233,0.7755619107634009
51234,4.4051844196681165
51235,0.6021018387346123
51236,3.2569531927156254
51237,4.4034021270735275
51238,2.118915841723557
51239,4.463652291807142
51240,1.4125772687300404
51241,4.585353147673165
51242,0.8238379048357517
51243,4.820758204474393
51244,0.6725429864645829
51245,4.911108198289725
51246,2.3386149565755066
51247,4.610607597879021
51248,4.278377712040679
51249,3.851909768320004
51250,4.562160263648263
51251,2.628015569130197
51252,3.9060939466880584
51253,3.3416718502206932
51254,2.2297364244266604
51255,4.323019226576851
51256,0.7179905194280556
51257,4.486530509283866
51258,4.2778392141514985
51259,4.352339706858096
51260,4.572270214309334
51261,4.562160263648263
51262,4.354255446876248
51263,2.7388361518333015
51264,4.5501215975182285
51265,1.652877563979328
51266,4.927112420946766
51267,0.753760686847222
51268,4.966964763165936
51269,1.0955337954822773
51270,4.599251410573658
51271,2.258943003947611
51272,1.4010278830353975
51273,4.5668033713439575
51274,1.1304763216713876
51275,4.691707364145538
51276,1.242981322539993
51277,4.814960476640245
51278,2.1086267022720575
51279,3.900275474166231
51280,4.335567178268169
51281,3.2584283132816814
51282,4.363406712843652
51283,2.2306334639849483
51284,4.721085777887333
51285,2.7615313239211017
51286,4.776176368013016
51287,3.6326878356710988
51288,4.529236205604725
51289,4.330725980088302
51290,4.219915538515408
51291,4.360288109922694
51292,2.8131174217190527
51293,4.360288109922694
51294,1.7990100290054951
51295,4.799914341051393
51296,1.4908411300526443
51297,3.1158874996869232
51298,1.896625781568985
51299,1.5739826981121912
51300,3.8734697465800916
51301,3.360810181293155
51302,4.68683737640159
51303,4.167015972437601
51304,3.93375373169955
51305,4.19552553710953
51306,3.355388646364776
51307,4.588403183668942
51308,1.0467341540205994
51309,4.588403183668942
51310,0.5811943336319203
51311,4.678057481322454
51312,1.0975477739041615
51313,4.294940967247932
51314,2.2999489364849786
51315,1.4514192538615536
51316,4.369076732582415
51317,3.3195452955914853
51318,4.490447636454715
51319,4.588273045738104
51320,4.490447636454715
51321,4.490447636454715
51322,4.761356670545254
51323,4.638736249636231
51324,4.876663152592889
51325,3.8827303912658135
51326,1.8880394078603626
51327,1.2159447729574513
51328,2.2764762715732108
51329,0.7883770584524573
51330,4.598473094834256
51331,0.6262031280280655
51332,4.357836057381445
51333,1.074075108992395
51334,4.583522939265537
51335,4.274186063979494
51336,4.805632675324721
51337,4.296011308234387
51338,4.684957675381553
51339,4.583522939265537
51340,3.2322533346850553
51341,4.583522939265537
51342,2.7679552318688194
51343,4.985486779774099
51344,0.8314080045524224
51345,4.994091193046512
51346,2.3099872733235425
51347,1.1075861107427267
51348,3.4438922457081915
51349,4.454537792575815
51350,4.630861785054731
51351,4.483047357247744
51352,4.697492857325893
51353,4.630861785054731
51354,4.678882014188734
51355,5.077476720130054
51356,3.9545478558104317
51357,1.5243778048456813
51358,2.5951431849474798
51359,4.600131844018354
51360,0.6280910262784724
51361,4.904013823491785
51362,0.48898672690604317
51363,2.72240157182798
51364,0.46620489045840136
51365,0.8987660506797998
51366,3.2384188455746337
51367,0.6452523878417215
51368,4.118577559385859
51369,2.10987147596255
51370,3.7683149316446682
51371,3.1884229814449134
51372,4.466457823035048
51373,4.462411972713593
51374,4.494967387706978
51375,4.374114049437042
51376,4.600131844018354
51377,4.548515193137832
51378,4.920737998898315
51379,4.671940144414108
51380,3.9676276249677964
51381,4.971790199016583
51382,3.2569531927156254
51383,3.3126784570468932
51384,2.213301844421339
51385,2.041713633208293
51386,1.3399249602426953
51387,4.233980826625493
51388,4.531833419312103
51389,4.415831776099601
51390,4.548515193137832
51391,4.599772001854069
51392,4.880949485627309
51393,4.676042436504203
51394,4.764944634142159
51395,4.797735492213611
51396,4.620442182783873
51397,4.787556209479142
51398,1.6707400837015827
51399,2.4215017804754737
51400,1.3691092567947394
51401,1.5738991968059135
51402,1.1521503256235162
51403,1.0508770326187906
51404,1.1101129481471501
51405,1.3634199074337727
51406,1.152882794604038
51407,2.0009173248670944
51408,4.387322211427672
51409,4.1218522825068105
51410,4.718906929049551
51411,4.758293394289422
51412,4.6434969726581095
51413,4.3302072080151595
51414,4.316110734851334
51415,0.5219334748265732
51416,3.703019898885035
51417,3.9321419495612644
51418,1.8694591364548532
51419,4.396052203574911
51420,0.7892959549791061
51421,4.309578388911573
51422,0.726753580077235
51423,4.309578388911573
51424,3.7997964919773723
51425,4.875608596796704
51426,4.093342717834881
51427,2.89275614778948
51428,4.639531857059288
51429,2.3549482196269667
51430,4.7246343640681285
51431,1.4962103136742242
51432,0.77639923747088
51433,2.234979782714398
51434,4.382198783302183
51435,4.309578388911573
51436,4.699310923881263
51437,4.838002050508398
51438,4.495423727449011
51439,3.7859828754268716
